0,0,0,0,0,0,0,0,0,0,0,0,0,0,0,0,0,0,0,0,0,0,0,0,0,0,0,0,0,0,0,0,0,0,0,0,0,0,0,0,0,0,0,0,0,0,0,0,0,0,0,0,0,0,0,0,0,0,0,0,0,0,0,0,0,0,0,0,0,0,0,0,0,0,0,0,0,0,0,0,0,0,0,0,0,0,0,0,0,0,0,0,0,0,0,0,0,0,0,0
0,0,0,0,0,0,0,0,0,0,0,0,0,0,0,0,0,0,0,0,0,0,0,0,0,0,0,0,0,0,0,0,0,0,0,0,0,0,0,0,0,0,0,0,0,0,0,0,0,0,0,0,0,0,0,0,0,0,0,0,0,0,0,0,0,0,0,0,0,0,0,0,0,0,0,0,0,0,0,0,0,0,0,0,0,0,0,0,0,0,0,0,0,0,0,0,0,0,0,0
0,0,0,0,0,0,0,0,0,0,0,0,0,0,0,0,0,0,0,0,0,0,0,0,0,0,0,0,0,0,0,0,0,0,0,0,0,0,0,0,0,0,0,0,0,0,0,0,0,0,0,0,0,0,0,0,0,0,0,0,0,0,0,0,0,0,0,0,0,0,0,0,0,0,0,0,0,0,0,0,0,0,0,0,0,0,0,0,0,0,0,0,0,0,0,0,0,0,0,0
0,0,0,0,0,0,0,0,0,0,0,0,0,0,0,0,0,0,0,0,0,0,0,0,0,0,0,0,0,0,0,0,0,0,0,0,0,0,0,0,0,0,0,0,0,0,0,0,0,0,0,0,0,0,0,0,0,0,0,0,0,0,0,0,0,0,0,0,0,0,0,0,0,0,0,0,0,0,0,0,0,0,0,0,0,0,0,0,0,0,0,0,0,0,0,0,0,0,0,0
0,0,0,0,0,0,0,0,0,0,0,0,0,0,0,0,0,0,0,0,0,0,0,0,0,0,0,0,0,0,0,0,0,0,0,0,0,0,0,0,0,0,0,0,0,0,0,0,0,0,0,0,0,0,0,0,0,0,0,0,0,0,0,0,0,0,0,0,0,0,0,0,0,0,0,0,0,0,0,0,0,0,0,0,0,0,0,0,0,0,0,0,0,0,0,0,0,0,0,0
0,0,0,0,0,0,0,0,0,0,0,0,0,0,0,0,0,0,0,0,0,0,0,0,0,0,0,0,0,0,0,0,0,0,0,0,0,0,0,0,0,0,0,0,0,0,0,0,0,0,0,0,0,0,0,0,0,0,0,0,0,0,0,0,0,0,0,0,0,0,0,0,0,0,0,0,0,0,0,0,0,0,0,0,0,0,0,0,0,0,0,0,0,0,0,0,0,0,0,0
0,0,0,0,0,0,0,0,0,0,0,0,0,0,0,0,0,0,0,0,0,0,0,0,0,0,0,0,0,0,0,0,0,0,0,0,0,0,0,0,0,0,0,0,0,0,0,0,0,0,0,0,0,0,0,0,0,0,0,0,0,0,0,0,0,0,0,0,0,0,0,0,0,0,0,0,0,0,0,0,0,0,0,0,0,0,0,0,0,0,0,0,0,0,0,0,0,0,0,0
0,0,0,0,0,0,0,0,0,0,0,0,0,0,0,0,0,0,0,0,0,0,0,0,0,0,0,0,0,0,0,0,0,0,0,0,0,0,0,0,0,0,0,0,0,0,0,0,0,0,0,0,0,0,0,0,0,0,0,0,0,0,0,0,0,0,0,0,0,0,0,0,0,0,0,0,0,0,0,0,0,0,0,0,0,0,0,0,0,0,0,0,0,0,0,0,0,0,0,0
0,0,0,0,0,0,0,0,0,0,0,0,0,0,0,0,0,0,0,0,0,0,0,0,0,0,0,0,0,0,0,0,0,0,0,0,0,0,0,0,0,0,0,0,0,0,0,0,0,0,0,0,0,0,0,0,0,0,0,0,0,0,0,0,0,0,0,0,0,0,0,0,0,0,0,0,0,0,0,0,0,0,0,0,0,0,0,0,0,0,0,0,0,0,0,0,0,0,0,0
0,0,0,0,0,0,0,0,0,0,0,0,0,0,0,0,0,0,0,0,0,0,0,0,0,0,0,0,0,0,0,0,0,0,0,0,0,0,0,0,0,0,0,0,0,0,0,0,0,0,0,0,0,0,0,0,0,0,0,0,0,0,0,0,0,0,0,0,0,0,0,0,0,0,0,0,0,0,0,0,0,0,0,0,0,0,0,0,0,0,0,0,0,0,0,0,0,0,0,0
0,0,0,0,0,0,0,0,0,0,0,0,0,0,0,0,0,0,0,0,0,0,0,0,0,0,0,0,0,0,0,0,0,0,0,0,0,0,0,0,0,0,0,0,0,0,0,0,0,0,0,0,0,0,0,0,0,0,0,0,0,0,0,0,0,0,0,0,0,0,0,0,0,0,0,0,0,0,0,0,0,0,0,0,0,0,0,0,0,0,0,0,0,0,0,0,0,0,0,0
0,0,0,0,0,0,0,0,0,0,0,0,0,0,0,0,0,0,0,0,0,0,0,0,0,0,0,0,0,0,0,0,0,0,0,0,0,0,0,0,0,0,0,0,0,0,0,0,0,0,0,0,0,0,0,0,0,0,0,0,0,0,0,0,0,0,0,0,0,0,0,0,0,0,0,0,0,0,0,0,0,0,0,0,0,0,0,0,0,0,0,0,0,0,0,0,0,0,0,0
0,0,0,0,0,0,0,0,0,0,0,0,0,0,0,0,0,0,0,0,0,0,0,0,0,0,0,0,0,0,0,0,0,0,0,0,0,0,0,0,0,0,0,0,0,0,0,0,0,0,0,0,0,0,0,0,0,0,0,0,0,0,0,0,0,0,0,0,0,0,0,0,0,0,0,0,0,0,0,0,0,0,0,0,0,0,0,0,0,0,0,0,0,0,0,0,0,0,0,0
0,0,0,0,0,0,0,0,0,0,0,0,0,0,0,0,0,0,0,0,0,0,0,0,0,0,0,0,0,0,0,0,0,0,0,0,0,0,0,0,0,0,0,0,0,0,0,0,0,0,0,0,0,0,0,0,0,0,0,0,0,0,0,0,0,0,0,0,0,0,0,0,0,0,0,0,0,0,0,0,0,0,0,0,0,0,0,0,0,0,0,0,0,0,0,0,0,0,0,0
0,0,0,0,0,0,0,0,0,0,0,0,0,0,0,0,0,0,0,0,0,0,0,0,0,0,0,0,0,0,0,0,0,0,0,0,0,0,0,0,0,0,0,0,0,0,0,0,0,0,0,0,0,0,0,0,0,0,0,0,0,0,0,0,0,0,0,0,0,0,0,0,0,0,0,0,0,0,0,0,0,0,0,0,0,0,0,0,0,0,0,0,0,0,0,0,0,0,0,0
0,0,0,0,0,0,0,0,0,0,0,0,0,0,0,0,0,0,0,0,0,0,0,0,0,0,0,0,0,0,0,0,0,0,0,0,0,0,0,0,0,0,0,0,0,0,0,0,0,0,0,0,0,0,0,0,0,0,0,0,0,0,0,0,0,0,0,0,0,0,0,0,0,0,0,0,0,0,0,0,0,0,0,0,0,0,0,0,0,0,0,0,0,0,0,0,0,0,0,0
0,0,0,0,0,0,0,0,0,0,0,0,0,0,0,0,0,0,0,0,0,0,0,0,0,0,0,0,0,0,0,0,0,0,0,0,0,0,0,0,0,0,0,0,0,0,0,0,0,0,0,0,0,0,0,0,0,0,0,0,0,0,0,0,0,0,0,0,0,0,0,0,0,0,0,0,0,0,0,0,0,0,0,0,0,0,0,0,0,0,0,0,0,0,0,0,0,0,0,0
0,0,0,0,0,0,0,0,0,0,0,0,0,0,0,0,0,0,0,0,0,0,0,0,0,0,0,0,0,0,0,0,0,0,0,0,0,0,0,0,0,0,0,0,0,0,0,0,0,0,0,0,0,0,0,0,0,0,0,0,0,0,0,0,0,0,0,0,0,0,0,0,0,0,0,0,0,0,0,0,0,0,0,0,0,0,0,0,0,0,0,0,0,0,0,0,0,0,0,0
0,0,0,0,0,0,0,0,0,0,0,0,0,0,0,0,0,0,0,0,0,0,0,0,0,0,0,0,0,0,0,0,0,0,0,0,0,0,0,0,0,0,0,0,0,0,0,0,0,0,0,0,0,0,0,0,0,0,0,0,0,0,0,0,0,0,0,0,0,0,0,0,0,0,0,0,0,0,0,0,0,0,0,0,0,0,0,0,0,0,0,0,0,0,0,0,0,0,0,0
0,0,0,0,0,0,0,0,0,0,0,0,0,0,0,0,0,0,0,0,0,0,0,0,0,0,0,0,0,0,0,0,0,0,0,0,0,0,0,0,0,0,0,0,0,0,0,0,0,0,0,0,0,0,0,0,0,0,0,0,0,0,0,0,0,0,0,0,0,0,0,0,0,0,0,0,0,0,0,0,0,0,0,0,0,0,0,0,0,0,0,0,0,0,0,0,0,0,0,0
0,0,0,0,0,0,0,0,0,0,0,0,0,0,0,0,0,0,0,0,0,0,0,0,0,0,0,0,0,0,0,0,0,0,0,0,0,0,0,0,0,0,0,0,0,0,0,0,0,0,0,0,0,0,0,0,0,0,0,0,0,0,0,0,0,0,0,0,0,0,0,0,0,0,0,0,0,0,0,0,0,0,0,0,0,0,0,0,0,0,0,0,0,0,0,0,0,0,0,0
0,0,0,0,0,0,0,0,0,0,0,0,0,0,0,0,0,0,0,0,0,0,0,0,0,0,0,0,0,0,0,0,0,0,0,0,0,0,0,0,0,0,0,0,0,0,0,0,0,0,0,0,0,0,0,0,0,0,0,0,0,0,0,0,0,0,0,0,0,0,0,0,0,0,0,0,0,0,0,0,0,0,0,0,0,0,0,0,0,0,0,0,0,0,0,0,0,0,0,0
0,0,0,0,0,0,0,0,0,0,0,0,0,0,0,0,0,0,0,0,0,0,0,0,0,0,0,0,0,0,0,0,0,0,0,0,0,0,0,0,0,0,0,0,0,0,0,0,0,0,0,0,0,0,0,0,0,0,0,0,0,0,0,0,0,0,0,0,0,0,0,0,0,0,0,0,0,0,0,0,0,0,0,0,0,0,0,0,0,0,0,0,0,0,0,0,0,0,0,0
0,0,0,0,0,0,0,0,0,0,0,0,0,0,0,0,0,0,0,0,0,0,0,0,0,0,0,0,0,0,0,0,0,0,0,0,0,0,0,0,0,0,0,0,0,0,0,0,0,0,0,0,0,0,0,0,0,0,0,0,0,0,0,0,0,0,0,0,0,0,0,0,0,0,0,0,0,0,0,0,0,0,0,0,0,0,0,0,0,0,0,0,0,0,0,0,0,0,0,0
0,0,0,0,0,0,0,0,0,0,0,0,0,0,0,0,0,0,0,0,0,0,0,0,0,0,0,0,0,0,0,0,0,0,0,0,0,0,0,0,0,0,0,0,0,0,0,0,0,0,0,0,0,0,0,0,0,0,0,0,0,0,0,0,0,0,0,0,0,0,0,0,0,0,0,0,0,0,0,0,0,0,0,0,0,0,0,0,0,0,0,0,0,0,0,0,0,0,0,0
0,0,0,0,0,0,0,0,0,0,0,0,0,0,0,0,0,0,0,0,0,0,0,0,0,0,0,0,0,0,0,0,0,0,0,0,0,0,0,0,0,0,0,0,0,0,0,0,0,0,0,0,0,0,0,0,0,0,0,0,0,0,0,0,0,0,0,0,0,0,0,0,0,0,0,0,0,0,0,0,0,0,0,0,0,0,0,0,0,0,0,0,0,0,0,0,0,0,0,0
0,0,0,0,0,0,0,0,0,0,0,0,0,0,0,0,0,0,0,0,0,0,0,0,0,0,0,0,0,0,0,0,0,0,0,0,0,0,0,0,0,0,0,0,0,0,0,0,0,0,0,0,0,0,0,0,0,0,0,0,0,0,0,0,0,0,0,0,0,0,0,0,0,0,0,0,0,0,0,0,0,0,0,0,0,0,0,0,0,0,0,0,0,0,0,0,0,0,0,0
0,0,0,0,0,0,0,0,0,0,0,0,0,0,0,0,0,0,0,0,0,0,0,0,0,0,0,0,0,0,0,0,0,0,0,0,0,0,0,0,0,0,0,0,0,0,0,0,0,0,0,0,0,0,0,0,0,0,0,0,0,0,0,0,0,0,0,0,0,0,0,0,0,0,0,0,0,0,0,0,0,0,0,0,0,0,0,0,0,0,0,0,0,0,0,0,0,0,0,0
0,0,0,0,0,0,0,0,0,0,0,0,0,0,0,0,0,0,0,0,0,0,0,0,0,0,0,0,0,0,0,0,0,0,0,0,0,0,0,0,0,0,0,0,0,0,0,0,0,0,0,0,0,0,0,0,0,0,0,0,0,0,0,0,0,0,0,0,0,0,0,0,0,0,0,0,0,0,0,0,0,0,0,0,0,0,0,0,0,0,0,0,0,0,0,0,0,0,0,0
0,0,0,0,0,0,0,0,0,0,0,0,0,0,0,0,0,0,0,0,0,0,0,0,0,0,0,0,0,0,0,0,0,0,0,0,0,0,0,0,0,0,0,0,0,0,0,0,0,0,0,0,0,0,0,0,0,0,0,0,0,0,0,0,0,0,0,0,0,0,0,0,0,0,0,0,0,0,0,0,0,0,0,0,0,0,0,0,0,0,0,0,0,0,0,0,0,0,0,0
0,0,0,0,0,0,0,0,0,0,0,0,0,0,0,0,0,0,0,0,0,0,0,0,0,0,0,0,0,0,0,0,0,0,0,0,0,0,0,0,0,0,0,0,0,0,0,0,0,0,0,0,0,0,0,0,0,0,0,0,0,0,0,0,0,0,0,0,0,0,0,0,0,0,0,0,0,0,0,0,0,0,0,0,0,0,0,0,0,0,0,0,0,0,0,0,0,0,0,0
0,0,0,0,0,0,0,0,0,0,0,0,0,0,0,0,0,0,0,0,0,0,0,0,0,0,0,0,0,0,0,0,0,0,0,0,0,0,0,0,0,0,0,0,0,0,0,0,0,0,0,0,0,0,0,0,0,0,0,0,0,0,0,0,0,0,0,0,0,0,0,0,0,0,0,0,0,0,0,0,0,0,0,0,0,0,0,0,0,0,0,0,0,0,0,0,0,0,0,0
0,0,0,0,0,0,0,0,0,0,0,0,0,0,0,0,0,0,0,0,0,0,0,0,0,0,0,0,0,0,0,0,0,0,0,0,0,0,0,0,0,0,0,0,0,0,0,0,0,0,0,0,0,0,0,0,0,0,0,0,0,0,0,0,0,0,0,0,0,0,0,0,0,0,0,0,0,0,0,0,0,0,0,0,0,0,0,0,0,0,0,0,0,0,0,0,0,0,0,0
0,0,0,0,0,0,0,0,0,0,0,0,0,0,0,0,0,0,0,0,0,0,0,0,0,0,0,0,0,0,0,0,0,0,0,0,0,0,0,0,0,0,0,0,0,0,0,0,0,0,0,0,0,0,0,0,0,0,0,0,0,0,0,0,0,0,0,0,0,0,0,0,0,0,0,0,0,0,0,0,0,0,0,0,0,0,0,0,0,0,0,0,0,0,0,0,0,0,0,0
0,0,0,0,0,0,0,0,0,0,0,0,0,0,0,0,0,0,0,0,0,0,0,0,0,0,0,0,0,0,0,0,0,0,0,0,0,0,0,0,0,0,0,0,0,0,0,0,0,0,0,0,0,0,0,0,0,0,0,0,0,0,0,0,0,0,0,0,0,0,0,0,0,0,0,0,0,0,0,0,0,0,0,0,0,0,0,0,0,0,0,0,0,0,0,0,0,0,0,0
0,0,0,0,0,0,0,0,0,0,0,0,0,0,0,0,0,0,0,0,0,0,0,0,0,0,0,0,0,0,0,0,0,0,0,0,0,0,0,0,0,0,0,0,0,0,0,0,0,0,0,0,0,0,0,0,0,0,0,0,0,0,0,0,0,0,0,0,0,0,0,0,0,0,0,0,0,0,0,0,0,0,0,0,0,0,0,0,0,0,0,0,0,0,0,0,0,0,0,0
0,0,0,0,0,0,0,0,0,0,0,0,0,0,0,0,0,0,0,0,0,0,0,0,0,0,0,0,0,0,0,0,0,0,0,0,0,0,0,0,0,0,0,0,0,0,0,0,0,0,0,0,0,0,0,0,0,0,0,0,0,0,0,0,0,0,0,0,0,0,0,0,0,0,0,0,0,0,0,0,0,0,0,0,0,0,0,0,0,0,0,0,0,0,0,0,0,0,0,0
0,0,0,0,0,0,0,0,0,0,0,0,0,0,0,0,0,0,0,0,0,0,0,0,0,0,0,0,0,0,0,0,0,0,0,0,0,0,0,0,0,0,0,0,0,0,0,0,0,0,0,0,0,0,0,0,0,0,0,0,0,0,0,0,0,0,0,0,0,0,0,0,0,0,0,0,0,0,0,0,0,0,0,0,0,0,0,0,0,0,0,0,0,0,0,0,0,0,0,0
0,0,0,0,0,0,0,0,0,0,0,0,0,0,0,0,0,0,0,0,0,0,0,0,0,0,0,0,0,0,0,0,0,0,0,0,0,0,0,0,0,0,0,0,0,0,0,0,0,0,0,0,0,0,0,0,0,0,0,0,0,0,0,0,0,0,0,0,0,0,0,0,0,0,0,0,0,0,0,0,0,0,0,0,0,0,0,0,0,0,0,0,0,0,0,0,0,0,0,0
0,0,0,0,0,0,0,0,0,0,0,0,0,0,0,0,0,0,0,0,0,0,0,0,0,0,0,0,0,0,0,0,0,0,0,0,0,0,0,0,0,0,0,0,0,0,0,0,0,0,0,0,0,0,0,0,0,0,0,0,0,0,0,0,0,0,0,0,0,0,0,0,0,0,0,0,0,0,0,0,0,0,0,0,0,0,0,0,0,0,0,0,0,0,0,0,0,0,0,0
0,0,0,0,0,0,0,0,0,0,0,0,0,0,0,0,0,0,0,0,0,0,0,0,0,0,0,0,0,0,0,0,0,0,0,0,0,0,0,0,0,0,0,0,0,0,0,0,0,0,0,0,0,0,0,0,0,0,0,0,0,0,0,0,0,0,0,0,0,0,0,0,0,0,0,0,0,0,0,0,0,0,0,0,0,0,0,0,0,0,0,0,0,0,0,0,0,0,0,0
0,0,0,0,0,0,0,0,0,0,0,0,0,0,0,0,0,0,0,0,0,0,0,0,0,0,0,0,0,0,0,0,0,0,0,0,0,0,0,0,0,0,0,0,0,0,0,0,0,0,0,0,0,0,0,0,0,0,0,0,0,0,0,0,0,0,0,0,0,0,0,0,0,0,0,0,0,0,0,0,0,0,0,0,0,0,0,0,0,0,0,0,0,0,0,0,0,0,0,0
0,0,0,0,0,0,0,0,0,0,0,0,0,0,0,0,0,0,0,0,0,0,0,0,0,0,0,0,0,0,0,0,0,0,0,0,0,0,0,0,0,0,0,0,0,0,0,0,0,0,0,0,0,0,0,0,0,0,0,0,0,0,0,0,0,0,0,0,0,0,0,0,0,0,0,0,0,0,0,0,0,0,0,0,0,0,0,0,0,0,0,0,0,0,0,0,0,0,0,0
0,0,0,0,0,0,0,0,0,0,0,0,0,0,0,0,0,0,0,0,0,0,0,0,0,0,0,0,0,0,0,0,0,0,0,0,0,0,0,0,0,0,0,0,0,0,0,0,0,0,0,0,0,0,0,0,0,0,0,0,0,0,0,8.27164386138277e-05,2.8697293239025e-05,0,0,0,0,0,0,0,0,0,0,0,0,0,0,0,0,0,0,0,0,0,0,0,0,0,0,0,0,0,0,0,0,0,0,0
0,0,0,0,0,0,0,0,0,0,0,0,0,0,0,0,0,0,0,0,0,0,0,0,0,0,0,0,0,0,0,0,0,0,0,0,0,0,0,0,0,0,0,0,0,0,0,0,0,0,0,0,0,0,0,0,0,0,0,3.13065417758817e-05,0.000317816410862324,4.08480826065472e-07,0,0.000578125399179997,0.00031046086896715,0,0,0,0,0,0,0,0,0,0,0,0,0,0,0,0,0,0,0,0,0,0,0,0,0,0,0,0,0,0,0,0,0,0,0
0,0,0,0,0,0,0,0,0,0,0,0,0,0,0,0,0,0,0,0,0,0,0,0,0,0,0,0,0,0,0,0,0,0,0,0,0,0,0,0,0,0,0,0,0,0,0,0,0,0,0,0,6.77985343938386e-05,3.26043399953508e-05,0,0,7.38764083413271e-06,0.000251929428159609,0.000533472147134199,0.000173637714582651,0.000542982032449515,9.3729777464146e-05,0,0.000626728382880632,0.000233017813546187,4.02824321241742e-05,0.000596944744816247,7.97342120746684e-05,3.03476681900281e-05,5.36827050327706e-05,0,0,5.42426388447409e-08,6.03757357831542e-08,0,0,0,0,0,0,0,0,0,0,0,0,0,0,0,0,0,0,0,0,0,0,0,0,0,0
0,0,0,0,0,0,0,0,0,0,0,0,0,0,0,0,0,0,0,0,0,0,0,0,0,0,0,0,0,0,0,0,0,0,0,0,0,0,0,0,0,0,0,0,0,0,0,0,0,0,0,0,0.000269833902955677,0.000129763222655133,4.82958126013202e-06,0.000130916322250237,0.000421449515232566,0.000292554082467401,0.000325718340790501,2.1798251058779e-05,0.000167764850860696,0.000448042263442398,0.000510654669897661,0.000221211852086918,0.000655875309816635,0.000287693572149063,0.000212151550388236,6.56841629895133e-05,0.000150227920291318,0.000265741706485883,7.42824491597569e-06,0.000156941478790612,0.000253218543141858,0.000263316835724256,0,0,0,0,0,0,0,0,0,0,0,0,0,0,0,0,0,0,0,0,0,0,0,0,0,0
0,0,0,0,0,0,0,0,0,0,0,0,0,0,0,0,0,0,0,0,0,0,0,0,0,0,0,0,0,0,0,0,0,0,0,0,0,0,0,0,0,0,0,0,0,0,0,0,0,0,0,0,6.63285990745815e-05,8.08811884340298e-05,1.295946848369e-05,0.00061541574498357,0.000273392308929536,0.000721871793312831,0.00029612803261854,0.00044872368003654,0.000390518163825077,0.000428981943247883,0.000615104745428108,0.00132872564140395,0.000419447293749256,3.55593761069267e-05,0,1.26813485353443e-05,5.65695147477719e-05,0.000255496152637832,0.00068835081234518,0.000816060933209203,3.79815936273276e-05,7.48363920993822e-05,3.24824739647584e-05,0,0,0,0,0,0,0,0,0,0,0,0,0,0,0,0,0,0,0,0,0,0,0,0,0
0,0,0,0,0,0,0,0,0,0,0,0,0,0,0,0,0,0,0,0,0,0,0,0,0,0,0,0,0,0,0,0,0,0,0,0,0,0,0,0,0,0,0,0,0,0,0,0,0,0,0.000106830359121238,1.08720022791274e-05,0.000456878152423918,0.00123165921826281,0.000126337308089661,0.00161026305841465,0.000167515046631762,0.000913025222400295,0.000647520354532513,0.000354261270376774,0.000427087960998232,0.000858444387827582,0.00114307987070988,0.00105449393038776,9.86795404817792e-05,0.000360029904659439,4.6895541596628e-05,0.000398192116167649,0.00131934030803559,0.000728735532872009,0.000618613357878629,0.000458111842795555,6.69001317525073e-05,0.000371682479857075,0.000118853796888797,7.05157758067659e-05,0.000150411279233963,0,0,0,0,0,0,0,0,0,0,0,0,0,0,0,0,0,0,0,0,0,0,0
0,0,0,0,0,0,0,0,0,0,0,0,0,0,0,0,0,0,0,0,0,0,0,0,0,0,0,0,0,0,0,0,0,0,0,0,0,0,0,0,0,0,0,0,0,0,0,0,0,0,0.000529183067970455,0.000137212653011767,4.25104082021104e-06,0.000132469637721166,1.3385437474301e-05,0.000421895262098488,0.000117119530804703,0.000162123090398511,0.000307094254438822,0.0007287218888948,0.00116613822482291,0.000395729555228726,0.000714526776665333,0.000905178288761218,0.00121619781002452,0.000696593244217551,3.75031366934874e-05,0.000889427467089495,0.000781573226155455,0.000803462732981791,0.000431781238004824,0.000261251176337053,0.000432140183666667,0.000460833040555228,0,8.90748542176238e-05,0.000189998090741647,0,0,0,0,0,0,0,0,0,0,0,0,0,0,0,0,0,0,0,0,0,0,0
0,0,0,0,0,0,0,0,0,0,0,0,0,0,0,0,0,0,0,0,0,0,0,0,0,0,0,0,0,0,0,0,0,0,0,0,0,0,0,0,0,0,0,0,0,0,0,0,7.29175428050552e-05,7.46262770226019e-05,0.000206942361906325,0.000479252535371497,6.61854418138102e-05,7.3392569429873e-05,0.000347894060478489,0.000398485495797078,0.000315448276201756,0.00027517421032764,0.000770031733141985,0.000510406375465415,0.00156892401984694,0.000590764258884431,0.000559609439897856,0.000982011041611124,0.000669772723977105,0.000287487730379755,0.000766616167829993,0.00154001779128355,0.0010007797678421,0.000604143008192018,0.000759864607640902,0.000207792431171622,0.000711872063790186,0.00023108374955973,0.000246739233633339,8.0758611167105e-05,0,0,0,0,0,0,0,0,0,0,0,0,0,0,0,0,0,0,0,0,0,0,0,0
0,0,0,0,0,0,0,0,0,0,0,0,0,0,0,0,0,0,0,0,0,0,0,0,0,0,0,0,0,0,0,0,0,0,0,0,0,0,0,0,0,0,0,0,0,0,0,0,0.000174187157650134,0.000495086952633104,0.000355610493824482,0.000605702739644108,0.000295560871390496,0.000368160558888912,0.000457898285297071,0.000140025385992656,8.35028898511378e-05,0.000360468420603725,0.000219696620639569,0.000966234017256112,0.000274006642845072,0.00112370328229261,0.000664340160557419,0.000889874600192925,8.1634787224223e-05,0.000340181846126957,0.000642213235265656,0.000810779070513151,0.000906670948809908,0.00116599185430653,0.000847352814050325,0.000975292968025658,0.00109419488376226,0.000194185691451074,0.000129964365414291,4.25377897852648e-05,0,0,0,0,0,0,0,0,0,0,0,0,0,0,0,0,0,0,0,0,0,0,0,0
0,0,0,0,0,0,0,0,0,0,0,0,0,0,0,0,0,0,0,0,0,0,0,0,0,0,0,0,0,0,0,0,0,0,0,0,0,0,0,0,0,0,0,0,0,0,6.54954018953363e-06,1.07875088491607e-05,0,0.000493093132290122,0.000703549810938411,0.000861078218469797,0.000565007291336586,0.000733555309466865,0.000694080451332174,0.000332353353420665,0.000591018701434556,0.00050097245901867,0.000796123075923453,0.00139269754962353,0.000624961264288727,0.00071954798542552,0.000124858373293922,0.000456350467233611,0.000210735855399538,0.000182778241548139,0.000159566253995397,0.000516947040289991,0.000908465263642568,0.00144107316809436,0.00109386346891512,0.000810142994775797,0.00113706349352533,0.000809833623361794,0.000191323385863096,0.000365126939630158,0.000121891683116115,0,0,0,0,0,0,0,0,0,0,0,0,0,0,0,0,0,0,0,0,0,0,0
0,0,0,0,0,0,0,0,0,0,0,0,0,0,0,0,0,0,0,0,0,0,0,0,0,0,0,0,0,0,0,0,0,0,0,0,0,0,0,0,0,0,0,0,0,0.000138881314258841,0.000443097302317323,0.000300323938810825,0,0.000118319549292384,0.000160849151479907,0.000182346402437026,0.000167641410007281,0.000615462884828376,0.000193305877495154,0.000333948036691732,0.000328487805105465,0.000483120392970527,0.00048800811403349,0.000904867540108836,0.000313015067122041,0.000132859778112056,0.000261393514438029,0.000929248781129845,0.000749287742721239,0.000295300306385767,0.000312794573914849,0.00097521055186148,0.000718255823129435,0.00070912143561051,0.00165543795696203,0.000744906295804545,0.00128478788979381,0.00114136447788478,0.00171274794804819,0.000838581640177939,8.92359342348347e-05,0,0,0,0,0,0,0,0,0,0,0,0,0,0,0,0,0,0,0,0,0,0,0
0,0,0,0,0,0,0,0,0,0,0,0,0,0,0,0,0,0,0,0,0,0,0,0,0,0,0,0,0,0,0,0,0,0,0,0,0,0,0,0,0,0,0,0,0,3.48768827777432e-05,0.000115536123691081,0.000366438120885411,0.000214249363536167,0.000353642880253535,0.000148992082668576,0.000222492626205787,0.000183949994663914,0.000125640200574969,0.000452093375899647,0.000790424628492499,8.16096687606778e-05,0.00017164030027169,5.52326402285924e-05,0,3.5898540391414e-05,0.000523273424919137,0.000923047002676354,0.000542713367917249,0.000888848335940973,0.00076023068675268,0.000576831554359436,0.000554073136518278,0.00139954265680129,0.00116532633099856,0.00125134391339982,0.000788459205339285,0.00173897634364563,0.00198655356734957,0.00166003183455894,0.00111541053676644,0.000446629390356229,0.000221069180857687,0,0,0,0,0,0,0,0,0,0,0,0,0,0,0,0,0,0,0,0,0,0
0,0,0,0,0,0,0,0,0,0,0,0,0,0,0,0,0,0,0,0,0,0,0,0,0,0,0,0,0,0,0,0,0,0,0,0,0,0,0,0,0,0,0,0,0,0,8.8320034668872e-05,0.000463171492716328,0.000156651294287686,0.000299067157751482,9.69856580920193e-05,0.000311046674984489,0.00017126878376775,0.000691494797793694,0.000552598532603043,0.000588099003543356,0.000815600100771509,0.000232080836816185,0.00039940737143297,0.000189910492954318,0.00107933107787733,0.00111297672956431,0.00101900441192604,0.000764249618760721,0.000606682034193554,0.000245853473078795,0.00067367122010648,0.000878542091125475,0.000233399092151167,0.000755842476413562,0.000371052086005328,0.001272486684268,0.00115059913302455,0.00155341716914968,0.0018099210195575,0.00127610636600815,0.00127963644065224,0.000124048171352065,0.000144247816292867,0,0,0,0,0,0,0,0,0,0,0,0,0,0,0,0,0,0,0,0,0
0,0,0,0,0,0,0,0,0,0,0,0,0,0,0,0,0,0,0,0,0,0,0,0,0,0,0,0,0,0,0,0,0,0,0,0,0,0,0,0,0,0,0,0,0,0,5.37267354691762e-05,0.000214192302332698,0,0.000631959371513929,0.00120464188979002,0.000311502930231076,4.69285678591465e-05,0.000186195600843789,0.000393271707599482,0.000313054319516554,0.000634144179937066,0.00030755297371113,0.000122712850878491,0.000611750592986073,0.00103240161443757,0.000746169058564698,0.000521984452941197,0.000725621959189992,0.00127208925682126,0.000392221292122458,0.000618106041372557,0.000639026834885726,0.000495403553812025,0.000292083254073271,0.000372211653860237,0.000423655621076209,0.00149709318958293,0.00274124113937679,0.00179473467014935,0.00165908140014575,0.000982721868826836,0.000245127842353582,0.000261119208152554,0,0,0,0,0,0,0,0,0,0,0,0,0,0,0,0,0,0,0,0,0
0,0,0,0,0,0,0,0,0,0,0,0,0,0,0,0,0,0,0,0,0,0,0,0,0,0,0,0,0,0,0,0,0,0,0,0,0,0,0,0,0,0,0,0,0,0.000146983331916644,0.000383208015895383,0.0002564773901428,0.000247799115724057,0.000371783262492376,0.000256085385350126,0.000400882363510676,0,4.11695820756372e-05,0.000534301454334136,0.000403295962028601,0.000858182634337807,0.000562528471398922,0.000169289685411275,0.000601964925597962,0.000459450993857819,0.000516002005624948,0.000618958184567024,0.000230209993265513,0.000223399600893486,0.000643454421377946,0.000708695234952714,0.000350322148697257,0.000659672508558288,0.0014703517640885,0.000762614151065767,7.43238523872367e-05,0.000320596417213925,0.002424413098307,0.0031703225320331,0.00121112696726056,0.00118720378825999,0.000400856471467942,0.000116477070363307,0,0,0,0,0,0,0,0,0,0,0,0,0,0,0,0,0,0,0,0,0
0,0,0,0,0,0,0,0,0,0,0,0,0,0,0,0,0,0,0,0,0,0,0,0,0,0,0,0,0,0,0,0,0,0,0,0,0,0,0,0,0,0,0,0,0,3.54924694486058e-05,0.000131788809395294,0.000530391499027916,0.000608678858496449,0.000551579211110871,2.32692004834079e-06,0.000112973467860089,0,0.000567060431454807,0.000350642914962861,0.000260856096084158,0.000480472322939398,0.000430587716707443,0.000305735230570179,0.000338977818890282,0.000484772376970591,0.000169681193300594,0.000998139721861937,0.000521586264857791,0.000224148020539986,0.00104334331321665,0.000934427872078444,0.000777546104578814,0.00025810050823384,0.000842448626573825,0.000974402040995694,0.000409139314536085,0.000856548489317888,0.00179854835704543,0.0027792253287604,0.000675331400935347,0.000784782954149916,0.000173640345841816,0,0,0,0,0,0,0,0,0,0,0,0,0,0,0,0,0,0,0,0,0,0
0,0,0,0,0,0,0,0,0,0,0,0,0,0,0,0,0,0,0,0,0,0,0,0,0,0,0,0,0,0,0,0,0,0,0,0,0,0,0,0,0,0,0,0,0,0,3.80512353417718e-05,0.000509716145058628,0.000722181339791559,0.000300039963666336,6.59247885135514e-05,0.000628829714112836,0.000626159541831318,0.000290752748566974,0.00055850512397373,0.000472916389724333,0.000464125957569542,0.000536502868342211,7.03917030686603e-05,0.000457684375701073,0.000477314672145273,0.000637553435036351,0.000509384415875287,0.000953034283780578,0.000296646437443702,0.000504878290782541,0.000584020773194066,0.00122378642528919,0.000696305387940971,0.000730395395809315,0.00146966665596588,0.00211865498682248,0.00158870485231438,0.00184490724764827,0.00348375428418278,0.00220825030900273,0.00158567905411922,0.000448314278700368,5.68358438943193e-05,0,0,0,0,0,0,0,0,0,0,0,0,0,0,0,0,0,0,0,0,0
0,0,0,0,0,0,0,0,0,0,0,0,0,0,0,0,0,0,0,0,0,0,0,0,0,0,0,0,0,0,0,0,0,0,0,0,0,0,0,0,0,0,0,0,0,0,0,1.37488297257449e-06,0.000361087110610234,0.000748673173624858,0.000407787899806854,0.000451938712660065,0.000769365474251262,0.000202189910570433,0.00105701053927213,0.000538628039186144,0.000191662531072149,0.000822201989079692,0.00109629174003857,0.000588197643871367,0.000387990636670234,0.0007119148399397,0.000565035294973812,0.000772837803382483,0.000698722790299366,0.000525042233185737,0.00104089384967566,0.000324956018000258,0.000350315968457905,0.000982902225350734,0.00109969322490051,0.000919221035922614,0.00147224832399108,0.00260629946318763,0.00178306147045279,0.00208614815922915,0.0020824297391135,0.000383395252841841,0.000132343660041275,2.82306923955613e-05,0,0,0,0,0,0,0,0,0,0,0,0,0,0,0,0,0,0,0,0
0,0,0,0,0,0,0,0,0,0,0,0,0,0,0,0,0,0,0,0,0,0,0,0,0,0,0,0,0,0,0,0,0,0,0,0,0,0,0,0,0,0,0,0,0,0,0,6.71127630183114e-05,0.000748442891630608,0.0011689235913186,0.000200960931180692,0.000528572010747187,0.00141792407734896,0.000474914473066298,0.000877411220797318,0.00019484456603344,0.000154209220681149,0.000723757163837969,0.000177059750233702,0.000589881239596191,0.000552604004833659,0.000799761149525013,0.000941107801219862,0.000422417785669962,0.000953101509299259,0.000272740678422719,3.24995887118802e-05,0.000294014471214575,0.000626934399195503,8.8264609015231e-05,0.000122924930227885,0.00126453652875038,0.00180474390863979,0.00361807891242539,0.00215239342041113,0.00415145382019396,0.00430496009858439,0.00139119911282609,0.000411086179078021,0.000573116647374071,0,0,0,0,0,0,0,0,0,0,0,0,0,0,0,0,0,0,0,0
0,0,0,0,0,0,0,0,0,0,0,0,0,0,0,0,0,0,0,0,0,0,0,0,0,0,0,0,0,0,0,0,0,0,0,0,0,0,0,0,0,0,0,0,0,0,7.18952735157298e-05,0.000152276484489831,0.000575347629656999,0.000670922608289596,0.00010643308424175,0.000501428439608469,0.000624511744054302,0.000305107276590307,0.000253877922673718,0.000301538904708943,0.000148830548708615,0.000145640091009971,0.000326922505223586,0.000593909340624246,0.000499235845913139,0.0001424011887121,0.000492271185023377,0.00126346201736878,0.000444259197652895,0.000471306673491806,0.000410516702743991,0.000655212034353547,0.000395636019524988,0.000118636487620827,0.000791063886836603,0.00228505075182889,0.00238842897687853,0.00243465847606133,0.003432687061107,0.00347781037111731,0.00349777899516096,0.000976168935088893,0.000371135166188459,8.60693544255678e-05,0,0,0,0,0,0,0,0,0,0,0,0,0,0,0,0,0,0,0,0
0,0,0,0,0,0,0,0,0,0,0,0,0,0,0,0,0,0,0,0,0,0,0,0,0,0,0,0,0,0,0,0,0,0,0,0,0,0,0,0,0,0,0,0,0,0,0.000471547686652916,0.000468039169824215,0.000784886171478394,0.000379719177291845,0.000460813073066954,0.000533565910640858,0.000440876595342132,0.000219595822764447,0.000708992212001593,0.000845778445397756,0.000257397687746727,0.000101651270786155,0.000434226439086472,0.000684561413959197,0.00032379732173841,0.000608813736462617,0.000400564466292979,0.000295266600786647,0.000523739824301604,0.000648406333116037,0.000811748819463768,0.00137769229481079,0.000897576593166922,0.00136967771097679,0.00178779278675708,0.00267536322051907,0.00157636027750517,0.00344147230286564,0.00426309733121757,0.0028330921529609,0.00328639950481907,0.00119379548646462,0.000742468629046275,0,0,0,0,0,0,0,0,0,0,0,0,0,0,0,0,0,0,0,0,0
0,0,0,0,0,0,0,0,0,0,0,0,0,0,0,0,0,0,0,0,0,0,0,0,0,0,0,0,0,0,0,0,0,0,0,0,0,0,0,0,0,0,0,0,0,0,0.000374093113390975,0.000263985485462746,0.000575105774117144,0.000685896904518482,0.000460295900992753,0.000483381299192965,0.00072016024730729,0.000302832804913582,0.000712966977678923,0.000556342356180558,7.7342804472687e-05,0.000308944141636846,0.000811360736472308,0.00127157241761448,0.000875734779426707,0.000378146503728908,0.000966015994374956,0.00040612561574967,0.000887270761006315,0.00031285500100182,0.000370080135858119,0.00203947952830984,0.00101601440064858,0.00135502362785175,0.00275544603813057,0.00191163696757681,0.00197875118061635,0.00374029068147909,0.00345811942527918,0.00393765224316664,0.00245742962479376,0.000785910251759056,0.000308937479442556,0.000422107655284771,0.000106380391397567,0,0,0,0,0,0,0,0,0,0,0,0,0,0,0,0,0,0,0
0,0,0,0,0,0,0,0,0,0,0,0,0,0,0,0,0,0,0,0,0,0,0,0,0,0,0,0,0,0,0,0,0,0,0,0,0,0,0,0,0,0,0,0,0,0,0,0,0.000353959876648313,0.000873945649833743,0.000887347419561611,0.00107929158267237,0.00194768293483975,0.00022302182955452,0.000197147844217132,0.00058931718195027,0.000712223025637815,0.000919190027602139,0.000378195270130113,0.000736456814803688,0.000585310767633643,4.34709954399827e-05,0.000623825235946183,0.000212477856549822,0.00055799773038042,4.89494034776262e-05,0.000421548735098049,0.00186272500853767,0.00154259051359648,0.00253719245935214,0.00255097359699616,0.00244356479707216,0.00277447961857511,0.00489650754494917,0.00460658873579749,0.00588642754114865,0.00229018684274005,0.00173037573419558,0.000148662975163361,0.000138421604455038,0.000195825661889866,1.29987626244644e-05,0,0,0,0,0,0,0,0,0,0,0,0,0,0,0,0,0,0
0,0,0,0,0,0,0,0,0,0,0,0,0,0,0,0,0,0,0,0,0,0,0,0,0,0,0,0,0,0,0,0,0,0,0,0,0,0,0,0,0,0,0,0,0,0,6.4650390592903e-05,0.000418707376989345,9.61651981326266e-05,0.000770499989549935,0.00127499414547007,0.00120390809533223,0.00104341925060944,0.000870649734948941,0.000295240535136796,0.000601983233438679,0.00112345762135897,0.000403459048736526,0.000121184312613191,0,4.99260810010118e-05,0.000301958282331128,0.000437782213572362,8.31826153787976e-05,0.00109339632642332,0.000181931233127961,0.00113618808151287,0.00213270947611427,0.00205522847533703,0.00266122085326325,0.00399639752953552,0.00236115193512828,0.00341373002816872,0.00373028217979992,0.00388754571408466,0.00465936341719553,0.00193769433778783,0.00193078999114148,0.000673413234589145,0.000209034724380501,0.000433327837358051,2.72425150152512e-05,0,0,0,0,0,0,0,0,0,0,0,0,0,0,0,0,0,0
0,0,0,0,0,0,0,0,0,0,0,0,0,0,0,0,0,0,0,0,0,0,0,0,0,0,0,0,0,0,0,0,0,0,0,0,0,0,0,0,0,0,0,0,0,0,2.22594297289832e-06,1.44162894448534e-05,0.000109772019760997,0.00037685667850191,0.000646269975651818,0.00145200200793374,0.000482486213602216,0.00102602515069082,0.00130823622350761,0.00144540728334938,0.00107641273914547,0.00037392674061828,0.00108267125461627,0.000312427803221479,0.0003941998419083,0.000598288393908734,0.000222123075910609,0.0003530045087834,0.0011479997571776,0.00044043211448662,0.00248584021432033,0.0024792031747782,0.00378655424680898,0.00228114912839366,0.00517090709010647,0.00356087343527459,0.00384294804421642,0.00306210425262652,0.00431207655985914,0.00372197702867714,0.00180357410841858,0.000993084481069421,0.000634542034533927,0.00010661766055258,6.22669505603426e-05,0,0,0,0,0,0,0,0,0,0,0,0,0,0,0,0,0,0,0
0,0,0,0,0,0,0,0,0,0,0,0,0,0,0,0,0,0,0,0,0,0,0,0,0,0,0,0,0,0,0,0,0,0,0,0,0,0,0,0,0,0,0,0,0,0,0,0,9.16380560329152e-05,0.000160343019947936,0.000243485930036215,0.000781691259564074,0.000564470938994053,0.000829517898634165,0.00107746636029657,0.000778469844468814,0.000595810887377231,3.20119438337883e-05,0.000481966131462552,0.000120825109846204,0.00124100335820199,0.0013514109518343,0.00060556484961314,0.000514519270372399,0.000662554806262356,0.000741106804554927,0.002492390092131,0.0033100460216744,0.00408985073117098,0.00467409039031066,0.00450782605479601,0.00402873501730316,0.00402619109494275,0.00354966868704958,0.00539284123521541,0.00371318713317247,0.00219426236960189,0.000536151466656947,0.000140471643893902,0,0,0,0,0,0,0,0,0,0,0,0,0,0,0,0,0,0,0,0,0
0,0,0,0,0,0,0,0,0,0,0,0,0,0,0,0,0,0,0,0,0,0,0,0,0,0,0,0,0,0,0,0,0,0,0,0,0,0,0,0,0,0,0,0,0,0,0,0,0,0.000347111086602349,0.00125164133765392,0.00169474216761383,0.000505269125527963,0.000886441126964236,0.00113098438414867,0.000577407299647938,0.000399137481993783,5.95560054219562e-05,0.000656899681651416,8.28571205451666e-05,0.000288208578304514,0.000702002538047747,0.000590269874211983,4.68102254376634e-05,0.000614027248641817,0.000494120428712013,0.00116101507321378,0.00308413962318359,0.00350440251808576,0.00428018031131772,0.0038030517402311,0.00322329754755859,0.00272128587170868,0.00340045092624011,0.00668060960298088,0.00531500149440302,0.00302974062913954,0.000721719559529851,0.000609051306421583,9.55425822785767e-05,0,0,0,0,0,0,0,0,0,0,0,0,0,0,0,0,0,0,0,0
0,0,0,0,0,0,0,0,0,0,0,0,0,0,0,0,0,0,0,0,0,0,0,0,0,0,0,0,0,0,0,0,0,0,0,0,0,0,0,0,0,0,0,0,0,0,0,0,0,0.000418278192865527,0.000496809156305522,0.000887799207794455,0.00106357813163141,0.000734598156004904,0.00024194792284592,0.000415350209064025,0.000812843541074771,9.42509833922101e-05,0.000657508955828764,0.00109030007697411,0.000203546857487373,0.000592881246205559,0.000350407722290706,0.000723442045150072,0.000985785785769784,0.00199069741748167,0.00263387362155112,0.00419007481796923,0.0035431852985543,0.00293682104163752,0.00505536639685286,0.00433948376587615,0.00434361373721247,0.00640745305181486,0.00584570897282239,0.00485233054064365,0.00270471976609238,0.000563552867390616,0.000259624280388203,3.57818309116371e-05,0,0,0,0,0,0,0,0,0,0,0,0,0,0,0,0,0,0,0,0
0,0,0,0,0,0,0,0,0,0,0,0,0,0,0,0,0,0,0,0,0,0,0,0,0,0,0,0,0,0,0,0,0,0,0,0,0,0,0,0,0,0,0,0,0,0,0,0,0,0.000170092847021115,6.7893141714745e-05,0.000738259305341207,0.00108529322408863,0.000719361450346498,0.000972686203907058,0.000334890282434193,0.000555819358022233,0.000418264007501044,0.00025832371582015,0.00058330339884699,0.00025557327127136,0.000504075233380568,0.00191822050248946,0.00108997012913512,0.00112077710363894,0.00242518239372571,0.00315617168548313,0.00315935818430823,0.00214914178682412,0.00200405543321103,0.00395150883310242,0.00647996941031955,0.0039347811836996,0.00403649948018268,0.00367935170886753,0.001752213675986,0.00140844877605738,0.00056064035289599,0,0,0,0,0,0,0,0,0,0,0,0,0,0,0,0,0,0,0,0,0,0
0,0,0,0,0,0,0,0,0,0,0,0,0,0,0,0,0,0,0,0,0,0,0,0,0,0,0,0,0,0,0,0,0,0,0,0,0,0,0,0,0,0,0,0,0,0,0,0,0,0,0.00019627721727481,0.000362761258607102,9.21631597113633e-05,0.000633742560525399,0.00128127501276291,0.000388760362750902,0.000616936501598266,0.00041791235154996,0.000730516602505158,0.00114593855250009,0.000989571849435833,0.00039958362639826,0.00194663338113536,0.00103035182900964,0.00206861795233284,0.00271550621993555,0.00277422584564883,0.00379059227995606,0.00329055976598809,0.00229936391727087,0.00354905635036132,0.00485423635969684,0.00475731186242059,0.00276057405207984,0.00141927985966967,0.00188899843260727,0.00111367495766349,0.00051587381291495,0,0,0,0,0,0,0,0,0,0,0,0,0,0,0,0,0,0,0,0,0,0
0,0,0,0,0,0,0,0,0,0,0,0,0,0,0,0,0,0,0,0,0,0,0,0,0,0,0,0,0,0,0,0,0,0,0,0,0,0,0,0,0,0,0,0,0,0,0,0,0,0,0,0,0,0.000147115863752275,0.000486980750028069,0.000128393666032443,0.000197860634490973,0.00086374162117638,0.00137803308599697,0.00106564856957105,0.00155994174028354,0.00175860828513969,0.00187191957729108,0.00181962203616174,0.00276697921105453,0.0035078030650173,0.00300650218081597,0.00576985592057671,0.00443507032447214,0.00440282302244199,0.00561393325864359,0.00474234401295296,0.00187988140899265,0.00245365432049158,0.00279825988974001,0.0021005225223205,0.000188629770329746,0,0,0,0,0,0,0,0,0,0,0,0,0,0,0,0,0,0,0,0,0,0,0
0,0,0,0,0,0,0,0,0,0,0,0,0,0,0,0,0,0,0,0,0,0,0,0,0,0,0,0,0,0,0,0,0,0,0,0,0,0,0,0,0,0,0,0,0,0,0,0,0,0,0,0,0,0.000261635688799544,0.000673635226478395,0.000721463198824939,0.000633500480745386,0.001321952698928,0.00174616352864206,0.00134085081719225,0.00142425399542836,0.00271848408321255,0.00292129467672649,0.00328918828700879,0.00178095285251738,0.00316179135501112,0.00296671319431503,0.00371371130980581,0.00458925092111377,0.0044593203017365,0.00714212371415125,0.00314001217467264,0.00276634975161062,0.0021732088242034,0.00191348139203484,0.00106972212768624,0.000368914477935538,0.000116274089444199,0,0,0,0,0,0,0,0,0,0,0,0,0,0,0,0,0,0,0,0,0,0
0,0,0,0,0,0,0,0,0,0,0,0,0,0,0,0,0,0,0,0,0,0,0,0,0,0,0,0,0,0,0,0,0,0,0,0,0,0,0,0,0,0,0,0,0,0,0,0,0,0,0,0,0,7.26737043094237e-05,9.70061876682346e-05,0.00051231907528217,0.000674202438327908,0.000731393339548486,0.00100911118649092,0.00166247034085086,0.00182768263388841,0.0018124173489632,0.00241122805109046,0.00266472126320106,0.00255196214268075,0.00276785454724578,0.00225416085996925,0.00288305061324225,0.00297163644509474,0.00270559749112664,0.00421735209451623,0.00306213689647334,0.00229950689886451,0.00180710917499682,0.000551547313654518,0.000600407193037814,0.000159570839404344,3.54951859353543e-06,0,0,0,0,0,0,0,0,0,0,0,0,0,0,0,0,0,0,0,0,0,0
0,0,0,0,0,0,0,0,0,0,0,0,0,0,0,0,0,0,0,0,0,0,0,0,0,0,0,0,0,0,0,0,0,0,0,0,0,0,0,0,0,0,0,0,0,0,0,0,0,0,0,0,0,0,0,0.000432098077683212,0.000709736066349736,0.000461955102646874,0.000667680817490393,0.000840939370739967,0.00179062935109142,0.00144836147547435,0.00116719149480983,0.00164976141658541,0.00188983975468348,0.000903578954504362,0.00175491420046689,0.00169705057932781,0.000745899271037276,0.000937649778834059,0.00137144932004175,0.000584728266871262,0.000385476086592771,0.00080523495984795,0.000290699336432505,0.000141166662025992,0.000110117219558578,0.000242030038239039,8.82274312974091e-05,0,0,0,0,0,0,0,0,0,0,0,0,0,0,0,0,0,0,0,0,0
0,0,0,0,0,0,0,0,0,0,0,0,0,0,0,0,0,0,0,0,0,0,0,0,0,0,0,0,0,0,0,0,0,0,0,0,0,0,0,0,0,0,0,0,0,0,0,0,0,0,0,0,0,0,0,0.000226649793743925,0.000191948553892507,0,0,0.000473486390131386,0.00150957501990352,0.00132901934616213,0.00103852729416852,0.000679365383743972,0.00030289798923741,0.000648341947949708,0.00125434113409438,0.000959174638318673,0.000715479656828881,0.0003487137195072,0.000781190027638999,0.000218794375919752,0,0,0,0,0,0.000124396251193194,4.53462792703575e-05,0,0,0,0,0,0,0,0,0,0,0,0,0,0,0,0,0,0,0,0,0
0,0,0,0,0,0,0,0,0,0,0,0,0,0,0,0,0,0,0,0,0,0,0,0,0,0,0,0,0,0,0,0,0,0,0,0,0,0,0,0,0,0,0,0,0,0,0,0,0,0,0,0,0,2.52234727664834e-05,6.29387182820346e-05,4.4074869914779e-05,3.73267824487882e-05,0,0,0.000203843135838789,0.000520129533411911,0.000454765253839325,0.000833837055891645,8.72441984551162e-05,0.00020720706224322,0.000496795880644758,0.000439986258499483,0.000621043052567682,0.000144220946302765,0.000107488117564867,0.000554488249792488,0.00035963946548145,0,0,0,0,0,0,0,0,0,0,0,0,0,0,0,0,0,0,0,0,0,0,0,0,0,0,0,0
0,0,0,0,0,0,0,0,0,0,0,0,0,0,0,0,0,0,0,0,0,0,0,0,0,0,0,0,0,0,0,0,0,0,0,0,0,0,0,0,0,0,0,0,0,0,0,0,0,0,0,0,0,0.000117828057977587,0.000294009750973895,0,0,0,0,0,3.68613401459527e-05,1.03551517190422e-05,6.42334496948284e-06,0,4.94704929349972e-06,6.71204431931365e-06,0,0,0,0.000170380703648678,0.000144406708926287,1.78052643778419e-06,0,0,0,0,0,0,0,0,0,0,0,0,0,0,0,0,0,0,0,0,0,0,0,0,0,0,0,0
0,0,0,0,0,0,0,0,0,0,0,0,0,0,0,0,0,0,0,0,0,0,0,0,0,0,0,0,0,0,0,0,0,0,0,0,0,0,0,0,0,0,0,0,0,0,0,0,0,0,0,0,0,0,0,0,0,0,0,0,0,0,0,0,0.000106769253857653,0.000136917958401003,0,0,0,0,0,0,0,0,0,0,0,0,0,0,0,0,0,0,0,0,0,0,0,0,0,0,0,0,0,0,0,0,0,0
0,0,0,0,0,0,0,0,0,0,0,0,0,0,0,0,0,0,0,0,0,0,0,0,0,0,0,0,0,0,0,0,0,0,0,0,0,0,0,0,0,0,0,0,0,0,0,0,0,0,0,0,0,0,0,0,0,0,0,0,0,0,0,0,0.000112301030684659,0.000144011757056685,0,0,0,0,0,0,0,0,0,0,0,0,0,0,0,0,0,0,0,0,0,0,0,0,0,0,0,0,0,0,0,0,0,0
0,0,0,0,0,0,0,0,0,0,0,0,0,0,0,0,0,0,0,0,0,0,0,0,0,0,0,0,0,0,0,0,0,0,0,0,0,0,0,0,0,0,0,0,0,0,0,0,0,0,0,0,0,0,0,0,0,0,0,0,0,0,0,0,0,0,0,0,0,0,0,0,0,0,0,0,0,0,0,0,0,0,0,0,0,0,0,0,0,0,0,0,0,0,0,0,0,0,0,0
0,0,0,0,0,0,0,0,0,0,0,0,0,0,0,0,0,0,0,0,0,0,0,0,0,0,0,0,0,0,0,0,0,0,0,0,0,0,0,0,0,0,0,0,0,0,0,0,0,0,0,0,0,0,0,0,0,0,0,0,0,0,0,0,0,0,0,0,0,0,0,0,0,0,0,0,0,0,0,0,0,0,0,0,0,0,0,0,0,0,0,0,0,0,0,0,0,0,0,0
0,0,0,0,0,0,0,0,0,0,0,0,0,0,0,0,0,0,0,0,0,0,0,0,0,0,0,0,0,0,0,0,0,0,0,0,0,0,0,0,0,0,0,0,0,0,0,0,0,0,0,0,0,0,0,0,0,0,0,0,0,0,0,0,0,0,0,0,0,0,0,0,0,0,0,0,0,0,0,0,0,0,0,0,0,0,0,0,0,0,0,0,0,0,0,0,0,0,0,0
0,0,0,0,0,0,0,0,0,0,0,0,0,0,0,0,0,0,0,0,0,0,0,0,0,0,0,0,0,0,0,0,0,0,0,0,0,0,0,0,0,0,0,0,0,0,0,0,0,0,0,0,0,0,0,0,0,0,0,0,0,0,0,0,0,0,0,0,0,0,0,0,0,0,0,0,0,0,0,0,0,0,0,0,0,0,0,0,0,0,0,0,0,0,0,0,0,0,0,0
0,0,0,0,0,0,0,0,0,0,0,0,0,0,0,0,0,0,0,0,0,0,0,0,0,0,0,0,0,0,0,0,0,0,0,0,0,0,0,0,0,0,0,0,0,0,0,0,0,0,0,0,0,0,0,0,0,0,0,0,0,0,0,0,0,0,0,0,0,0,0,0,0,0,0,0,0,0,0,0,0,0,0,0,0,0,0,0,0,0,0,0,0,0,0,0,0,0,0,0
0,0,0,0,0,0,0,0,0,0,0,0,0,0,0,0,0,0,0,0,0,0,0,0,0,0,0,0,0,0,0,0,0,0,0,0,0,0,0,0,0,0,0,0,0,0,0,0,0,0,0,0,0,0,0,0,0,0,0,0,0,0,0,0,0,0,0,0,0,0,0,0,0,0,0,0,0,0,0,0,0,0,0,0,0,0,0,0,0,0,0,0,0,0,0,0,0,0,0,0
0,0,0,0,0,0,0,0,0,0,0,0,0,0,0,0,0,0,0,0,0,0,0,0,0,0,0,0,0,0,0,0,0,0,0,0,0,0,0,0,0,0,0,0,0,0,0,0,0,0,0,0,0,0,0,0,0,0,0,0,0,0,0,0,0,0,0,0,0,0,0,0,0,0,0,0,0,0,0,0,0,0,0,0,0,0,0,0,0,0,0,0,0,0,0,0,0,0,0,0
0,0,0,0,0,0,0,0,0,0,0,0,0,0,0,0,0,0,0,0,0,0,0,0,0,0,0,0,0,0,0,0,0,0,0,0,0,0,0,0,0,0,0,0,0,0,0,0,0,0,0,0,0,0,0,0,0,0,0,0,0,0,0,0,0,0,0,0,0,0,0,0,0,0,0,0,0,0,0,0,0,0,0,0,0,0,0,0,0,0,0,0,0,0,0,0,0,0,0,0
0,0,0,0,0,0,0,0,0,0,0,0,0,0,0,0,0,0,0,0,0,0,0,0,0,0,0,0,0,0,0,0,0,0,0,0,0,0,0,0,0,0,0,0,0,0,0,0,0,0,0,0,0,0,0,0,0,0,0,0,0,0,0,0,0,0,0,0,0,0,0,0,0,0,0,0,0,0,0,0,0,0,0,0,0,0,0,0,0,0,0,0,0,0,0,0,0,0,0,0
0,0,0,0,0,0,0,0,0,0,0,0,0,0,0,0,0,0,0,0,0,0,0,0,0,0,0,0,0,0,0,0,0,0,0,0,0,0,0,0,0,0,0,0,0,0,0,0,0,0,0,0,0,0,0,0,0,0,0,0,0,0,0,0,0,0,0,0,0,0,0,0,0,0,0,0,0,0,0,0,0,0,0,0,0,0,0,0,0,0,0,0,0,0,0,0,0,0,0,0
0,0,0,0,0,0,0,0,0,0,0,0,0,0,0,0,0,0,0,0,0,0,0,0,0,0,0,0,0,0,0,0,0,0,0,0,0,0,0,0,0,0,0,0,0,0,0,0,0,0,0,0,0,0,0,0,0,0,0,0,0,0,0,0,0,0,0,0,0,0,0,0,0,0,0,0,0,0,0,0,0,0,0,0,0,0,0,0,0,0,0,0,0,0,0,0,0,0,0,0
0,0,0,0,0,0,0,0,0,0,0,0,0,0,0,0,0,0,0,0,0,0,0,0,0,0,0,0,0,0,0,0,0,0,0,0,0,0,0,0,0,0,0,0,0,0,0,0,0,0,0,0,0,0,0,0,0,0,0,0,0,0,0,0,0,0,0,0,0,0,0,0,0,0,0,0,0,0,0,0,0,0,0,0,0,0,0,0,0,0,0,0,0,0,0,0,0,0,0,0
0,0,0,0,0,0,0,0,0,0,0,0,0,0,0,0,0,0,0,0,0,0,0,0,0,0,0,0,0,0,0,0,0,0,0,0,0,0,0,0,0,0,0,0,0,0,0,0,0,0,0,0,0,0,0,0,0,0,0,0,0,0,0,0,0,0,0,0,0,0,0,0,0,0,0,0,0,0,0,0,0,0,0,0,0,0,0,0,0,0,0,0,0,0,0,0,0,0,0,0
0,0,0,0,0,0,0,0,0,0,0,0,0,0,0,0,0,0,0,0,0,0,0,0,0,0,0,0,0,0,0,0,0,0,0,0,0,0,0,0,0,0,0,0,0,0,0,0,0,0,0,0,0,0,0,0,0,0,0,0,0,0,0,0,0,0,0,0,0,0,0,0,0,0,0,0,0,0,0,0,0,0,0,0,0,0,0,0,0,0,0,0,0,0,0,0,0,0,0,0
0,0,0,0,0,0,0,0,0,0,0,0,0,0,0,0,0,0,0,0,0,0,0,0,0,0,0,0,0,0,0,0,0,0,0,0,0,0,0,0,0,0,0,0,0,0,0,0,0,0,0,0,0,0,0,0,0,0,0,0,0,0,0,0,0,0,0,0,0,0,0,0,0,0,0,0,0,0,0,0,0,0,0,0,0,0,0,0,0,0,0,0,0,0,0,0,0,0,0,0
0,0,0,0,0,0,0,0,0,0,0,0,0,0,0,0,0,0,0,0,0,0,0,0,0,0,0,0,0,0,0,0,0,0,0,0,0,0,0,0,0,0,0,0,0,0,0,0,0,0,0,0,0,0,0,0,0,0,0,0,0,0,0,0,0,0,0,0,0,0,0,0,0,0,0,0,0,0,0,0,0,0,0,0,0,0,0,0,0,0,0,0,0,0,0,0,0,0,0,0
0,0,0,0,0,0,0,0,0,0,0,0,0,0,0,0,0,0,0,0,0,0,0,0,0,0,0,0,0,0,0,0,0,0,0,0,0,0,0,0,0,0,0,0,0,0,0,0,0,0,0,0,0,0,0,0,0,0,0,0,0,0,0,0,0,0,0,0,0,0,0,0,0,0,0,0,0,0,0,0,0,0,0,0,0,0,0,0,0,0,0,0,0,0,0,0,0,0,0,0
0,0,0,0,0,0,0,0,0,0,0,0,0,0,0,0,0,0,0,0,0,0,0,0,0,0,0,0,0,0,0,0,0,0,0,0,0,0,0,0,0,0,0,0,0,0,0,0,0,0,0,0,0,0,0,0,0,0,0,0,0,0,0,0,0,0,0,0,0,0,0,0,0,0,0,0,0,0,0,0,0,0,0,0,0,0,0,0,0,0,0,0,0,0,0,0,0,0,0,0
