0,0,0,0,0,0,0,0,0,0,0,0,0,0,0,0,0,0,0,0,0,0,0,0,0,0,0,0,0,0,0,0,0,0,0,0,0,0,0,0,0,0,0,0,0,0,0,0,0,0,0,0,0,0,0,0,0,0,0,0,0,0,0,0,0,0,0,0,0,0,0,0,0,0,0,0,0,0,0,0,0,0,0,0,0,0,0,0,0,0,0,0,0,0,0,0,0,0,0,0
0,0,0,0,0,0,0,0,0,0,0,0,0,0,0,0,0,0,0,0,0,0,0,0,0,0,0,0,0,0,0,0,0,0,0,0,0,0,0,0,0,0,0,0,0,0,0,0,0,0,0,0,0,0,0,0,0,0,0,0,0,0,0,0,0,0,0,0,0,0,0,0,0,0,0,0,0,0,0,0,0,0,0,0,0,0,0,0,0,0,0,0,0,0,0,0,0,0,0,0
0,0,0,0,0,0,0,0,0,0,0,0,0,0,0,0,0,0,0,0,0,0,0,0,0,0,0,0,0,0,0,0,0,0,0,0,0,0,0,0,0,0,0,0,0,0,0,0,0,0,0,0,0,0,0,0,0,0,0,0,0,0,0,0,0,0,0,0,0,0,0,0,0,0,0,0,0,0,0,0,0,0,0,0,0,0,0,0,0,0,0,0,0,0,0,0,0,0,0,0
0,0,0,0,0,0,0,0,0,0,0,0,0,0,0,0,0,0,0,0,0,0,0,0,0,0,0,0,0,0,0,0,0,0,0,0,0,0,0,0,0,0,0,0,0,0,0,0,0,0,0,0,0,0,0,0,0,0,0,0,0,0,0,0,0,0,0,0,0,0,0,0,0,0,0,0,0,0,0,0,0,0,0,0,0,0,0,0,0,0,0,0,0,0,0,0,0,0,0,0
0,0,0,0,0,0,0,0,0,0,0,0,0,0,0,0,0,0,0,0,0,0,0,0,0,0,0,0,0,0,0,0,0,0,0,0,0,0,0,0,0,0,0,0,0,0,0,0,0,0,0,0,0,0,0,0,0,0,0,0,0,0,0,0,0,0,0,0,0,0,0,0,0,0,0,0,0,0,0,0,0,0,0,0,0,0,0,0,0,0,0,0,0,0,0,0,0,0,0,0
0,0,0,0,0,0,0,0,0,0,0,0,0,0,0,0,0,0,0,0,0,0,0,0,0,0,0,0,0,0,0,0,0,0,0,0,0,0,0,0,0,0,0,0,0,0,0,0,0,0,0,0,0,0,0,0,0,0,0,0,0,0,0,0,0,0,0,0,0,0,0,0,0,0,0,0,0,0,0,0,0,0,0,0,0,0,0,0,0,0,0,0,0,0,0,0,0,0,0,0
0,0,0,0,0,0,0,0,0,0,0,0,0,0,0,0,0,0,0,0,0,0,0,0,0,0,0,0,0,0,0,0,0,0,0,0,0,0,0,0,0,0,0,0,0,0,0,0,0,0,0,0,0,0,0,0,0,0,0,0,0,0,0,0,0,0,0,0,0,0,0,0,0,0,0,0,0,0,0,0,0,0,0,0,0,0,0,0,0,0,0,0,0,0,0,0,0,0,0,0
0,0,0,0,0,0,0,0,0,0,0,0,0,0,0,0,0,0,0,0,0,0,0,0,0,0,0,0,0,0,0,0,0,0,0,0,0,0,0,0,0,0,0,0,0,0,0,0,0,0,0,0,0,0,0,0,0,0,0,0,0,0,0,0,0,0,0,0,0,0,0,0,0,0,0,0,0,0,0,0,0,0,0,0,0,0,0,0,0,0,0,0,0,0,0,0,0,0,0,0
0,0,0,0,0,0,0,0,0,0,0,0,0,0,0,0,0,0,0,0,0,0,0,0,0,0,0,0,0,0,0,0,0,0,0,0,0,0,0,0,0,0,0,0,0,0,0,0,0,0,0,0,0,0,0,0,0,0,0,0,0,0,0,0,0,0,0,0,0,0,0,0,0,0,0,0,0,0,0,0,0,0,0,0,0,0,0,0,0,0,0,0,0,0,0,0,0,0,0,0
0,0,0,0,0,0,0,0,0,0,0,0,0,0,0,0,0,0,0,0,0,0,0,0,0,0,0,0,0,0,0,0,0,0,0,0,0,0,0,0,0,0,0,0,0,0,0,0,0,0,0,0,0,0,0,0,0,0,0,0,0,0,0,0,0,0,0,0,0,0,0,0,0,0,0,0,0,0,0,0,0,0,0,0,0,0,0,0,0,0,0,0,0,0,0,0,0,0,0,0
0,0,0,0,0,0,0,0,0,0,0,0,0,0,0,0,0,0,0,0,0,0,0,0,0,0,0,0,0,0,0,0,0,0,0,0,0,0,0,0,0,0,0,0,0,0,0,0,0,0,0,0,0,0,0,0,0,0,0,0,0,0,0,0,0,0,0,0,0,0,0,0,0,0,0,0,0,0,0,0,0,0,0,0,0,0,0,0,0,0,0,0,0,0,0,0,0,0,0,0
0,0,0,0,0,0,0,0,0,0,0,0,0,0,0,0,0,0,0,0,0,0,0,0,0,0,0,0,0,0,0,0,0,0,0,0,0,0,0,0,0,0,0,0,0,0,0,0,0,0,0,0,0,0,0,0,0,0,0,0,0,0,0,0,0,0,0,0,0,0,0,0,0,0,0,0,0,0,0,0,0,0,0,0,0,0,0,0,0,0,0,0,0,0,0,0,0,0,0,0
0,0,0,0,0,0,0,0,0,0,0,0,0,0,0,0,0,0,0,0,0,0,0,0,0,0,0,0,0,0,0,0,0,0,0,0,0,0,0,0,0,0,0,0,0,0,0,0,0,0,0,0,0,0,0,0,0,0,0,0,0,0,0,0,0,0,0,0,0,0,0,0,0,0,0,0,0,0,0,0,0,0,0,0,0,0,0,0,0,0,0,0,0,0,0,0,0,0,0,0
0,0,0,0,0,0,0,0,0,0,0,0,0,0,0,0,0,0,0,0,0,0,0,0,0,0,0,0,0,0,0,0,0,0,0,0,0,0,0,0,0,0,0,0,0,0,0,0,0,0,0,0,0,0,0,0,0,0,0,0,0,0,0,0,0,0,0,0,0,0,0,0,0,0,0,0,0,0,0,0,0,0,0,0,0,0,0,0,0,0,0,0,0,0,0,0,0,0,0,0
0,0,0,0,0,0,0,0,0,0,0,0,0,0,0,0,0,0,0,0,0,0,0,0,0,0,0,0,0,0,0,0,0,0,0,0,0,0,0,0,0,0,0,0,0,0,0,0,0,0,0,0,0,0,0,0,0,0,0,0,0,0,0,0,0,0,0,0,0,0,0,0,0,0,0,0,0,0,0,0,0,0,0,0,0,0,0,0,0,0,0,0,0,0,0,0,0,0,0,0
0,0,0,0,0,0,0,0,0,0,0,0,0,0,0,0,0,0,0,0,0,0,0,0,0,0,0,0,0,0,0,0,0,0,0,0,0,0,0,0,0,0,0,0,0,0,0,0,0,0,0,0,0,0,0,0,0,0,0,0,0,0,0,0,0,0,0,0,0,0,0,0,0,0,0,0,0,0,0,0,0,0,0,0,0,0,0,0,0,0,0,0,0,0,0,0,0,0,0,0
0,0,0,0,0,0,0,0,0,0,0,0,0,0,0,0,0,0,0,0,0,0,0,0,0,0,0,0,0,0,0,0,0,0,0,0,0,0,0,0,0,0,0,0,0,0,0,0,0,0,0,0,0,0,0,0,0,0,0,0,0,0,0,0,0,0,0,0,0,0,0,0,0,0,0,0,0,0,0,0,0,0,0,0,0,0,0,0,0,0,0,0,0,0,0,0,0,0,0,0
0,0,0,0,0,0,0,0,0,0,0,0,0,0,0,0,0,0,0,0,0,0,0,0,0,0,0,0,0,0,0,0,0,0,0,0,0,0,0,0,0,0,0,0,0,0,0,0,0,0,0,0,0,0,0,0,0,0,0,0,0,0,0,0,0,0,0,0,0,0,0,0,0,0,0,0,0,0,0,0,0,0,0,0,0,0,0,0,0,0,0,0,0,0,0,0,0,0,0,0
0,0,0,0,0,0,0,0,0,0,0,0,0,0,0,0,0,0,0,0,0,0,0,0,0,0,0,0,0,0,0,0,0,0,0,0,0,0,0,0,0,0,0,0,0,0,0,0,0,0,0,0,0,0,0,0,0,0,0,0,0,0,0,0,0,0,0,0,0,0,0,0,0,0,0,0,0,0,0,0,0,0,0,0,0,0,0,0,0,0,0,0,0,0,0,0,0,0,0,0
0,0,0,0,0,0,0,0,0,0,0,0,0,0,0,0,0,0,0,0,0,0,0,0,0,0,0,0,0,0,0,0,0,0,0,0,0,0,0,0,0,0,0,0,0,0,0,0,0,0,0,0,0,0,0,0,0,0,0,0,0,0,0,0,0,0,0,0,0,0,0,0,0,0,0,0,0,0,0,0,0,0,0,0,0,0,0,0,0,0,0,0,0,0,0,0,0,0,0,0
0,0,0,0,0,0,0,0,0,0,0,0,0,0,0,0,0,0,0,0,0,0,0,0,0,0,0,0,0,0,0,0,0,0,0,0,0,0,0,0,0,0,0,0,0,0,0,0,0,0,0,0,0,0,0,0,0,0,0,0,0,0,0,0,0,0,0,0,0,0,0,0,0,0,0,0,0,0,0,0,0,0,0,0,0,0,0,0,0,0,0,0,0,0,0,0,0,0,0,0
0,0,0,0,0,0,0,0,0,0,0,0,0,0,0,0,0,0,0,0,0,0,0,0,0,0,0,0,0,0,0,0,0,0,0,0,0,0,0,0,0,0,0,0,0,0,0,0,0,0,0,0,0,0,0,0,0,0,0,0,0,0,0,0,0,0,0,0,0,0,0,0,0,0,0,0,0,0,0,0,0,0,0,0,0,0,0,0,0,0,0,0,0,0,0,0,0,0,0,0
0,0,0,0,0,0,0,0,0,0,0,0,0,0,0,0,0,0,0,0,0,0,0,0,0,0,0,0,0,0,0,0,0,0,0,0,0,0,0,0,0,0,0,0,0,0,0,0,0,0,0,0,0,0,0,0,0,0,0,0,0,0,0,0,0,0,0,0,0,0,0,0,0,0,0,0,0,0,0,0,0,0,0,0,0,0,0,0,0,0,0,0,0,0,0,0,0,0,0,0
0,0,0,0,0,0,0,0,0,0,0,0,0,0,0,0,0,0,0,0,0,0,0,0,0,0,0,0,0,0,0,0,0,0,0,0,0,0,0,0,0,0,0,0,0,0,0,0,0,0,0,0,0,0,0,0,0,0,0,0,0,0,0,0,0,0,0,0,0,0,0,0,0,0,0,0,0,0,0,0,0,0,0,0,0,0,0,0,0,0,0,0,0,0,0,0,0,0,0,0
0,0,0,0,0,0,0,0,0,0,0,0,0,0,0,0,0,0,0,0,0,0,0,0,0,0,0,0,0,0,0,0,0,0,0,0,0,0,0,0,0,0,0,0,0,0,0,0,0,0,0,0,0,0,0,0,0,0,0,0,0,0,0,0,0,0,0,0,0,0,0,0,0,0,0,0,0,0,0,0,0,0,0,0,0,0,0,0,0,0,0,0,0,0,0,0,0,0,0,0
0,0,0,0,0,0,0,0,0,0,0,0,0,0,0,0,0,0,0,0,0,0,0,0,0,0,0,0,0,0,0,0,0,0,0,0,0,0,0,0,0,0,0,0,0,0,0,0,0,0,0,0,0,0,0,0,0,0,0,0,0,0,0,0,0,0,0,0,0,0,0,0,0,0,0,0,0,0,0,0,0,0,0,0,0,0,0,0,0,0,0,0,0,0,0,0,0,0,0,0
0,0,0,0,0,0,0,0,0,0,0,0,0,0,0,0,0,0,0,0,0,0,0,0,0,0,0,0,0,0,0,0,0,0,0,0,0,0,0,0,0,0,0,0,0,0,0,0,0,0,0,0,0,0,0,0,0,0,0,0,0,0,0,0,0,0,0,0,0,0,0,0,0,0,0,0,0,0,0,0,0,0,0,0,0,0,0,0,0,0,0,0,0,0,0,0,0,0,0,0
0,0,0,0,0,0,0,0,0,0,0,0,0,0,0,0,0,0,0,0,0,0,0,0,0,0,0,0,0,0,0,0,0,0,0,0,0,0,0,0,0,0,0,0,0,0,0,0,0,0,0,0,0,0,0,0,0,0,0,0,0,0,0,0,0,0,0,0,0,0,0,0,0,0,0,0,0,0,0,0,0,0,0,0,0,0,0,0,0,0,0,0,0,0,0,0,0,0,0,0
0,0,0,0,0,0,0,0,0,0,0,0,0,0,0,0,0,0,0,0,0,0,0,0,0,0,0,0,0,0,0,0,0,0,0,0,0,0,0,0,0,0,0,0,0,0,0,0,0,0,0,0,0,0,0,0,0,0,0,0,0,0,0,0,0,0,0,0,0,0,0,0,0,0,0,0,0,0,0,0,0,0,0,0,0,0,0,0,0,0,0,0,0,0,0,0,0,0,0,0
0,0,0,0,0,0,0,0,0,0,0,0,0,0,0,0,0,0,0,0,0,0,0,0,0,0,0,0,0,0,0,0,0,0,0,0,0,0,0,0,0,0,0,0,0,0,0,0,0,0,0,0,0,0,0,0,0,0,0,0,0,0,0,0,0,0,0,0,0,0,0,0,0,0,0,0,0,0,0,0,0,0,0,0,0,0,0,0,0,0,0,0,0,0,0,0,0,0,0,0
0,0,0,0,0,0,0,0,0,0,0,0,0,0,0,0,0,0,0,0,0,0,0,0,0,0,0,0,0,0,0,0,0,0,0,0,0,0,0,0,0,0,0,0,0,0,0,0,0,0,0,0,0,0,0,0,0,0,0,0,0,0,0,0,0,0,0,0,0,0,0,0,0,0,0,0,0,0,0,0,0,0,0,0,0,0,0,0,0,0,0,0,0,0,0,0,0,0,0,0
0,0,0,0,0,0,0,0,0,0,0,0,0,0,0,0,0,0,0,0,0,0,0,0,0,0,0,0,0,0,0,0,0,0,0,0,0,0,0,0,0,0,0,0,0,0,0,0,0,0,0,0,0,0,0,0,0,0,0,0,0,0,0,0,0,0,0,0,0,0,0,0,0,0,0,0,0,0,0,0,0,0,0,0,0,0,0,0,0,0,0,0,0,0,0,0,0,0,0,0
0,0,0,0,0,0,0,0,0,0,0,0,0,0,0,0,0,0,0,0,0,0,0,0,0,0,0,0,0,0,0,0,0,0,0,0,0,0,0,0,0,0,0,0,0,0,0,0,0,0,0,0,0,0,0,0,0,0,0,0,0,0,0,0,0,0,0,0,0,0,0,0,0,0,0,0,0,0,0,0,0,0,0,0,0,0,0,0,0,0,0,0,0,0,0,0,0,0,0,0
0,0,0,0,0,0,0,0,0,0,0,0,0,0,0,0,0,0,0,0,0,0,0,0,0,0,0,0,0,0,0,0,0,0,0,0,0,0,0,0,0,0,0,0,0,0,0,0,0,0,0,0,0,0,0,0,0,0,0,0,0,0,0,0,0,0,0,0,0,0,0,0,0,0,0,0,0,0,0,0,0,0,0,0,0,0,0,0,0,0,0,0,0,0,0,0,0,0,0,0
0,0,0,0,0,0,0,0,0,0,0,0,0,0,0,0,0,0,0,0,0,0,0,0,0,0,0,0,0,0,0,0,0,0,0,0,0,0,0,0,0,0,0,0,0,0,0,0,0,0,0,0,0,0,0,0,0,0,0,0,0,0,0,0,0,0,0,0,0,0,0,0,0,0,0,0,0,0,0,0,0,0,0,0,0,0,0,0,0,0,0,0,0,0,0,0,0,0,0,0
0,0,0,0,0,0,0,0,0,0,0,0,0,0,0,0,0,0,0,0,0,0,0,0,0,0,0,0,0,0,0,0,0,0,0,0,0,0,0,0,0,0,0,0,0,0,0,0,0,0,0,0,0,0,0,0,0,0,0,0,0,0,0,0,0,0,0,0,0,0,0,0,0,0,0,0,0,0,0,0,0,0,0,0,0,0,0,0,0,0,0,0,0,0,0,0,0,0,0,0
0,0,0,0,0,0,0,0,0,0,0,0,0,0,0,0,0,0,0,0,0,0,0,0,0,0,0,0,0,0,0,0,0,0,0,0,0,0,0,0,0,0,0,0,0,0,0,0,0,0,0,0,0,0,0,0,0,0,0,0,0,0,0,0,0,0,0,0,0,0,0,0,0,0,0,0,0,0,0,0,0,0,0,0,0,0,0,0,0,0,0,0,0,0,0,0,0,0,0,0
0,0,0,0,0,0,0,0,0,0,0,0,0,0,0,0,0,0,0,0,0,0,0,0,0,0,0,0,0,0,0,0,0,0,0,0,0,0,0,0,0,0,0,0,0,0,0,0,0,0,0,0,0,0,0,0,0,0,0,0,0,0,0,0,0,0,0,0,0,0,0,0,0,0,0,0,0,0,0,0,0,0,0,0,0,0,0,0,0,0,0,0,0,0,0,0,0,0,0,0
0,0,0,0,0,0,0,0,0,0,0,0,0,0,0,0,0,0,0,0,0,0,0,0,0,0,0,0,0,0,0,0,0,0,0,0,0,0,0,0,0,0,0,0,0,0,0,0,0,0,0,0,0,0,0,0,0,0,0,0,0,0,0,0,0,0,0,0,0,0,0,0,0,0,0,0,0,0,0,0,0,0,0,0,0,0,0,0,0,0,0,0,0,0,0,0,0,0,0,0
0,0,0,0,0,0,0,0,0,0,0,0,0,0,0,0,0,0,0,0,0,0,0,0,0,0,0,0,0,0,0,0,0,0,0,0,0,0,0,0,0,0,0,0,0,0,0,0,0,0,0,0,0,0,0,0,0,0,0,0,0,0,0,0,0,0,0,0,0,0,0,0,0,0,0,0,0,0,0,0,0,0,0,0,0,0,0,0,0,0,0,0,0,0,0,0,0,0,0,0
0,0,0,0,0,0,0,0,0,0,0,0,0,0,0,0,0,0,0,0,0,0,0,0,0,0,0,0,0,0,0,0,0,0,0,0,0,0,0,0,0,0,0,0,0,0,0,0,0,0,0,0,0,0,0,0,0,0,0,0,0,0,0,0,0,0,0,0,0,0,0,0,0,0,0,0,0,0,0,0,0,0,0,0,0,0,0,0,0,0,0,0,0,0,0,0,0,0,0,0
0,0,0,0,0,0,0,0,0,0,0,0,0,0,0,0,0,0,0,0,0,0,0,0,0,0,0,0,0,0,0,0,0,0,0,0,0,0,0,0,0,0,0,0,0,0,0,0,0,0,0,0,0,0,0,0,0,0,0,0,0,0,0,0,0,0,0,0,0,0,0,0,0,0,0,0,0,0,0,0,0,0,0,0,0,0,0,0,0,0,0,0,0,0,0,0,0,0,0,0
0,0,0,0,0,0,0,0,0,0,0,0,0,0,0,0,0,0,0,0,0,0,0,0,0,0,0,0,0,0,0,0,0,0,0,0,0,0,0,0,0,0,0,0,0,0,0,0,0,0,0,0,0,0,0,0,0,0,0,0,0,0,0,0,0,0,0,0,0,0,0,0,0,0,0,0,0,0,0,0,0,0,0,0,0,0,0,0,0,0,0,0,0,0,0,0,0,0,0,0
0,0,0,0,0,0,0,0,0,0,0,0,0,0,0,0,0,0,0,0,0,0,0,0,0,0,0,0,0,0,0,0,0,0,0,0,0,0,0,0,0,0,0,0,0,0,0,0,0,0,0,0,0,0,0,0,0,0,0,0,0,0,0,0,0,0,0,0,0,0,0,0,0,0,0,0,0,0,0,0,0,0,0,0,0,0,0,0,0,0,0,0,0,0,0,0,0,0,0,0
0,0,0,0,0,0,0,0,0,0,0,0,0,0,0,0,0,0,0,0,0,0,0,0,0,0,0,0,0,0,0,0,0,0,0,0,0,0,0,0,0,0,0,0,0,0,0,0,0,0,0,0,0,0,0,0,0,0,0,0.000144537235590244,8.09292568343641e-06,7.41801917626447e-06,0.000109361728215954,0,0.000150000609856005,0.00019803466148495,0,0,0,0,0,0,0,0,0,0,0,0,0,0,0,0,0,0,0,0,0,0,0,0,0,0,0,0,0,0,0,0,0,0
0,0,0,0,0,0,0,0,0,0,0,0,0,0,0,0,0,0,0,0,0,0,0,0,0,0,0,0,0,0,0,0,0,0,0,0,0,0,0,0,0,0,0,0,0,0,0,0,0,0,0,0,0,0,0,1.63178963064226e-05,9.39105418370538e-05,2.0266632937814e-06,3.71033603800225e-07,0.000351552013152339,0.000136531199200307,2.43427070708569e-05,0.000358877545536925,0,6.549566625139e-05,9.05620752676101e-05,7.60631735211146e-05,9.43741431874712e-05,0,0,0,0,0,0,0,0,0,0,0,0,0,0,0,0,0,0,0,0,0,0,0,0,0,0,0,0,0,0,0,0
0,0,0,0,0,0,0,0,0,0,0,0,0,0,0,0,0,0,0,0,0,0,0,0,0,0,0,0,0,0,0,0,0,0,0,0,0,0,0,0,0,0,0,0,0,0,0,0,0,0,3.88454504490431e-05,0.000217803155354164,0,0,6.53023312955834e-05,0.000251816088497399,0.000425385281605759,0.00052919398263305,0.000686719637821215,0.000169024280482985,0.000348138951968178,1.74683182991595e-05,0,0,0,2.89567856752337e-05,0.000612953892307506,0.00049469332858968,0,0,0,0,0,0,0,0,0,0,0,0,0,0,0,0,0,0,0,0,0,0,0,0,0,0,0,0,0,0,0,0
0,0,0,0,0,0,0,0,0,0,0,0,0,0,0,0,0,0,0,0,0,0,0,0,0,0,0,0,0,0,0,0,0,0,0,0,0,0,0,0,0,0,0,0,0,0,0,0,0,0,3.68328302247841e-05,0.000255477336535425,8.22265886740045e-05,0.000198856298996301,0.00035270074953095,0.00018002130086101,0.000137767113787353,0.000160324959456611,0.000202816033369296,0.000625938285686083,0.000439995446675957,0.000125634046417561,0.000408551381729125,0.000238931438209392,0.000809468354874754,0.000376676455300433,8.56531379929655e-05,0.000103212525866075,0,0,7.98319099373999e-05,0.000151836624427305,0,0,0,0,0,0,0,0,0,0,0,0,0,0,0,0,0,0,0,0,0,0,0,0,0,0,0,0
0,0,0,0,0,0,0,0,0,0,0,0,0,0,0,0,0,0,0,0,0,0,0,0,0,0,0,0,0,0,0,0,0,0,0,0,0,0,0,0,0,0,0,0,0,0,0,0,1.09394064507887e-05,2.01098622940096e-05,0,0.000137642735796995,0.000343120605531881,0.000677435762301234,0.000360219076195032,0.000247536772074797,0.000295657760983652,0,6.4903163548184e-05,0.000556703650256685,7.20710297277429e-05,0.00034351548137988,0.000729914486125852,0.00074799396464645,0.000690563749012059,7.35230393991867e-05,0.000786965634245144,0.000154172584692766,0.000218344842490267,0.000340776117981566,9.24657871933732e-05,0.000180891161036236,5.31761910818574e-06,0,0,0,0,0,0,0,0,0,0,0,0,0,0,0,0,0,0,0,0,0,0,0,0,0,0,0
0,0,0,0,0,0,0,0,0,0,0,0,0,0,0,0,0,0,0,0,0,0,0,0,0,0,0,0,0,0,0,0,0,0,0,0,0,0,0,0,0,0,0,0,0,0,0,0,0.000475399539677118,0.000403664245256087,0,5.11848176444342e-05,0.000500548198417698,0.000215589257698641,0.000357363749305587,0.000685047531219049,0.000543904168621963,0.000173547217538714,0.000773383461852524,0.00037528115061143,0.000366299741506647,0.000461440396998179,0.00119702558890123,0.000457460485665388,0.00062065502724248,0.000652772021564661,0.00109571160956462,0.000709232293588507,0.000264049759677598,0.000858923119260916,0.000632386336158393,0.000241922410749605,0.000251743524692647,0,0,0,0,0,0,0,0,0,0,0,0,0,0,0,0,0,0,0,0,0,0,0,0,0,0,0
0,0,0,0,0,0,0,0,0,0,0,0,0,0,0,0,0,0,0,0,0,0,0,0,0,0,0,0,0,0,0,0,0,0,0,0,0,0,0,0,0,0,0,0,0,0,0,0,6.79833344166973e-05,2.19036119052994e-05,0.000190371274075286,0.000373800611028678,0.000844375792721969,0.000267495334604858,0.000255738355758989,0.000998906730070689,0.000174602591180764,0.000184591427088866,0.000602159193223816,0.000436485611443314,0.000575119447097819,0.000584754713446762,0.000386914855080765,0.000449605703434604,0.000743375687054546,0.000812521106988652,0.000715314051546187,0.000879903658461854,0.000820765113239944,0.00120762866449491,0.00112192261363005,0.000602859488524673,0.00034486823256764,0,0,0,0,0,0,0,0,0,0,0,0,0,0,0,0,0,0,0,0,0,0,0,0,0,0,0
0,0,0,0,0,0,0,0,0,0,0,0,0,0,0,0,0,0,0,0,0,0,0,0,0,0,0,0,0,0,0,0,0,0,0,0,0,0,0,0,0,0,0,0,0,0,0,4.36102913934176e-05,0.000360471914669122,0.000438762201772412,0.000199431760031989,0.000891374811258534,0.000351782660819778,0.000196047441542686,0.00023274902668771,7.74871820047613e-05,1.04897259281048e-05,0.000234624193837374,0.000479676381383904,0.000663818795527711,0.000165018125370019,0.000879677294032295,0.000739615838669294,0.000274735415094268,0.00075661883212843,0.0015327415834531,0.00126965278771691,0.00139772250669898,0.000872827184412953,0.00109442366074213,0.000784577746755002,0.000918265174557855,0.000450963674327325,0,0,0,0,0,0,0,0,0,0,0,0,0,0,0,0,0,0,0,0,0,0,0,0,0,0,0
0,0,0,0,0,0,0,0,0,0,0,0,0,0,0,0,0,0,0,0,0,0,0,0,0,0,0,0,0,0,0,0,0,0,0,0,0,0,0,0,0,0,0,0,0,0,0.000179847561824811,0.000314994965023274,0.000502896569704647,0.000723122215523571,8.5684948053998e-05,0.000667430164096317,0.000387962141252093,0.000212377758198671,0.000211385649190874,4.0781827541086e-06,0.00018959541973657,0.000977487323225668,0.000719305517088544,0.000238122581729802,3.87970789630904e-05,0.000310732537075363,0.000460157022971842,0.000112696401315611,0.000470930912509419,0.000404860053902461,0.00139441752801946,0.00078111878880529,0.000404214470828982,0.000241308584783388,0.000789565877873635,0.00173645271097025,0.000965452222277558,0.000316741075301924,9.54146183722342e-05,0,0,0,0,0,0,0,0,0,0,0,0,0,0,0,0,0,0,0,0,0,0,0,0,0
0,0,0,0,0,0,0,0,0,0,0,0,0,0,0,0,0,0,0,0,0,0,0,0,0,0,0,0,0,0,0,0,0,0,0,0,0,0,0,0,0,0,0,0,0,0,0.000147750094922753,7.77553259487467e-05,0,0.000349705885441647,0.000958107612918421,0.000177038102017222,9.4941900950134e-05,0.000432067710129803,0.000318427520336157,0.000240255914891998,0.000408546300118811,0.00084301523068271,0.000636276910324512,0.000361359331083234,0.000619037435290758,0.000676894727650664,0.000915973114156084,0.0003782901431342,8.64266959288942e-05,0.000315334204125981,0.000599409688015394,0.000564211108439317,0.00164709939688698,0.000905717609868421,0.00128049882000792,0.00239558843323389,0.00142869768446624,0.000412889680390492,0.000604733080898839,0.000155931566530143,0,0,0,0,0,0,0,0,0,0,0,0,0,0,0,0,0,0,0,0,0,0,0,0
0,0,0,0,0,0,0,0,0,0,0,0,0,0,0,0,0,0,0,0,0,0,0,0,0,0,0,0,0,0,0,0,0,0,0,0,0,0,0,0,0,0,0,0,0,0,0,0,0,0.000226107970680158,0.000278149183134194,6.64371343081494e-05,0.000224893280815291,0.000427797988791767,0.00074925901135844,0.000853231385975646,0.000255538956883693,0,0.000260642360068062,0.000555630091816347,0.0010297902321818,0.000294529506598242,0.000780085525145558,0.000561275937046483,0.000655877638813132,0.000585310709947676,0.000288849449816692,0.000841530079627764,0.00166724302357998,0.00128493747142914,0.000949703257241811,0.00266078551948216,0.0023738486579486,0.000499260624194371,0.00012186272592143,3.94037639045377e-05,0,0,0,0,0,0,0,0,0,0,0,0,0,0,0,0,0,0,0,0,0,0,0,0
0,0,0,0,0,0,0,0,0,0,0,0,0,0,0,0,0,0,0,0,0,0,0,0,0,0,0,0,0,0,0,0,0,0,0,0,0,0,0,0,0,0,0,0,0,0,0.0001451750243565,0.000140334313082431,0,0.00069830277574097,0.00105044039636521,5.52768024944295e-05,0.00116287203048139,0.000886782578768039,0.0013569000249188,0.00122890300372863,0.000289687949063265,0.000329681310332369,0.000453720201982525,0.00025948800479292,0.000668386498697841,0.000399050701274226,0.00100642532445231,0.000178698767659561,1.15565958903299e-05,2.12174231641165e-05,0.000792460756124031,0.0005232223905762,0.000958371408326111,0.000756191604835364,0.000392837163762714,0.00169641302568373,0.00088341451532984,0.00102923808452518,0.000900789231088528,0.000201267161931282,0,0,0,0,0,0,0,0,0,0,0,0,0,0,0,0,0,0,0,0,0,0,0,0
0,0,0,0,0,0,0,0,0,0,0,0,0,0,0,0,0,0,0,0,0,0,0,0,0,0,0,0,0,0,0,0,0,0,0,0,0,0,0,0,0,0,0,0,0,0,0.000109063638481545,0.000105427024079524,0.000206140324546114,0.000288564415049263,0.00089182751407728,0.000579985412671804,0.000307036184870998,0.000703734318713262,0.000644219662470953,0.000515046118673111,0.000344378118345889,0.000258289842668446,0.000805323311610978,0.00112373323491699,0.00128864566782214,0.000379542867252799,0.000112279019266247,8.32235662115303e-06,0.00049420273246534,0.0005320945702625,0.00049153357824841,0.000435014355194871,0.00119086743942336,0.000475609520944003,0.000187739246377326,0.00196360118829085,0.00135230239647431,0.000784807131160333,0.000881195306077776,1.08915263276136e-05,0,0,0,0,0,0,0,0,0,0,0,0,0,0,0,0,0,0,0,0,0,0,0,0
0,0,0,0,0,0,0,0,0,0,0,0,0,0,0,0,0,0,0,0,0,0,0,0,0,0,0,0,0,0,0,0,0,0,0,0,0,0,0,0,0,0,0,0,0,0,0,0,0.000463947619153041,0.000192341510292211,7.49484016745918e-05,0.000356940165911115,0.000738747951930281,0.000241516149949107,0.000425543764670284,0.000464630926416956,0.000649094005182177,0.000568217138787493,0.000923879151013159,0.000514091725339375,0.00106098401498076,0.000286776845803397,0.000105298587258278,6.44334426444944e-05,0.000473207090148995,0.000431907665368838,0.000533349483346139,0.000872185966592572,0.00107901750198621,0.00102615847919013,0.000488570812159982,0.00230584871538544,0.00241851970365561,0.00218433930609962,0.00125718587140348,0.000324363254610033,9.88478610183078e-06,0,0,0,0,0,0,0,0,0,0,0,0,0,0,0,0,0,0,0,0,0,0,0
0,0,0,0,0,0,0,0,0,0,0,0,0,0,0,0,0,0,0,0,0,0,0,0,0,0,0,0,0,0,0,0,0,0,0,0,0,0,0,0,0,0,0,0,0,0,6.97762517938837e-05,6.29653148854007e-06,0.00039428585576447,0.000225275909592103,0.000288270881326816,0.000121277694675371,0.000171841952507328,0.000449879806681272,0.000283467628650386,0.000528856426042686,0.000627036839647577,0.000735029147891379,0.000692825674322378,0.000535565325305345,0.00133566025542949,0.00172757286327041,0.000711706712704194,0,0,0.00026895434686884,0.000727040886796404,0.000624783129211386,0.000251124854516109,0.000367161401799633,0.000845782223124016,0.000951001961128118,0.00296985241967554,0.00230284297347997,0.00233233587235715,0.000873668618115035,2.27441107582442e-05,0,0,0,0,0,0,0,0,0,0,0,0,0,0,0,0,0,0,0,0,0,0,0
0,0,0,0,0,0,0,0,0,0,0,0,0,0,0,0,0,0,0,0,0,0,0,0,0,0,0,0,0,0,0,0,0,0,0,0,0,0,0,0,0,0,0,0,0,0.000273049851553165,0.000654114369056936,4.16988945030394e-05,0.000100700013071769,0.000677674143585303,0.000263694656834464,0.000374534861062932,0.000967016577909897,0.000407019701923778,0.000396980505092076,0.000996181344522699,0.000556052300818895,0.000718452781072264,0.000839582991072664,0.000648296322280412,0.000965357284922244,0.000463836140871407,0.000669923485326409,0.000170270383702715,0.000297590096404884,0.00087419078547808,0.000602461759911815,0.000287021573249245,0.000349138216929032,0.000298869429986178,0.00112201314295465,0.00143030061874315,0.002354463027299,0.00195892154822833,0.0025073666633598,0.000482497626779676,6.24900872718624e-05,0,0,0,0,0,0,0,0,0,0,0,0,0,0,0,0,0,0,0,0,0,0,0
0,0,0,0,0,0,0,0,0,0,0,0,0,0,0,0,0,0,0,0,0,0,0,0,0,0,0,0,0,0,0,0,0,0,0,0,0,0,0,0,0,0,0,0,0.000222535207572081,0.000477243282032217,0.000542616866769674,0.00035066833035225,0.000883056275349019,7.93723302385778e-05,0.000624471208469854,0.000392386529212348,0.000358473880846589,0.000436069778936272,0.000749217885009304,0.00107146979003137,0.000352933190453193,0.000139301340366546,8.12076542748373e-05,0.00012125422518135,0.000239602526418014,0.000404606172954057,0.000623270081306375,0.000460599722467383,0.000373690504125981,0.000804617294215289,0.000751911316926434,0.000853341676301792,0.000546521914269727,0.000486196506111738,0.00222178686729494,0.00129379413779983,0.0020705873813585,0.003726208051141,0.00275414219133749,0.00146933430607331,0.000339207010941789,0.000188822648168151,0,0,0,0,0,0,0,0,0,0,0,0,0,0,0,0,0,0,0,0,0,0
0,0,0,0,0,0,0,0,0,0,0,0,0,0,0,0,0,0,0,0,0,0,0,0,0,0,0,0,0,0,0,0,0,0,0,0,0,0,0,0,0,0,0,5.1852962541956e-05,0.000161155158603218,1.34828348808308e-05,0.000605765790230632,0.000933348214311384,0.0012174491421843,0.000392230939053688,0.000659195944059091,0.000426510985304596,0.000171566579968375,0.000510579310542943,0.00122108221469258,0.00064766079624416,0.000609807897398013,8.26592748517684e-05,0.000285514311800715,0.000245864439917973,0.000643291116996899,0.00101028871658875,0.000787470010848123,0.000644974053006172,0.000319804724487823,0.000399112864685891,0.000846539309570964,0.000513874972877572,0.000958335120600009,0.00078793935766474,0.00157158539276937,0.00337804428657703,0.00363728553722025,0.00433844437896528,0.00495704581682488,0.00242041812648709,0.00104863714846132,0.000455268019709648,0,0,0,0,0,0,0,0,0,0,0,0,0,0,0,0,0,0,0,0,0,0
0,0,0,0,0,0,0,0,0,0,0,0,0,0,0,0,0,0,0,0,0,0,0,0,0,0,0,0,0,0,0,0,0,0,0,0,0,0,0,0,0,0,0,7.70668412591228e-05,0.000221827661318758,0,0.000205336285395631,0.000504638249660985,0.000349260667561925,0.000516906554743128,0.000785225888790375,0.000249828564786659,0.000385577066553429,0.000554576404365687,0.000908014597338588,0.000457774732318417,0.000188642201235033,3.3044908771162e-06,0.000442682668262299,5.56257579810882e-05,7.8994020071018e-05,0.000529334272358033,0.00111386623185991,0.00133509049507934,0.000221279693661945,0.000158886477105429,0.000456336576506425,0.00075615938790647,0.00104592851546485,0.00102560682895984,0.00135451785387803,0.00249010043614775,0.00410137827249527,0.00376281067215866,0.00520739274248843,0.00219561313845847,0.00129444777607527,0.000450891491301135,6.68565125963902e-05,0,0,0,0,0,0,0,0,0,0,0,0,0,0,0,0,0,0,0,0,0
0,0,0,0,0,0,0,0,0,0,0,0,0,0,0,0,0,0,0,0,0,0,0,0,0,0,0,0,0,0,0,0,0,0,0,0,0,0,0,0,0,0,2.12969166774518e-05,0.000239799361846968,0,0,0,0.000274276144733448,0.000608315992641277,0.000471172915416598,2.87969711048537e-05,0.000502490013346466,0.000204690186123233,0.000588993036408351,0.00121253416815815,0.00101684326129811,0.000718307265886156,0.000227920187114115,0.000628047384580147,0.000149168308658238,4.90273935964535e-05,0.000225871899424566,0.000314751407491699,0.000865083072548368,0.000784628554018544,0.000896550376233398,0.000739079382416028,0.000532835290204959,0.000731598425860438,0.00111910415284512,0.00166675182794889,0.00195175128281226,0.00288455524897038,0.00240362379143029,0.00380073844119093,0.00187582347359393,0.000866090226014512,3.54262745366669e-05,6.04712289875445e-06,0,0,0,0,0,0,0,0,0,0,0,0,0,0,0,0,0,0,0,0,0
0,0,0,0,0,0,0,0,0,0,0,0,0,0,0,0,0,0,0,0,0,0,0,0,0,0,0,0,0,0,0,0,0,0,0,0,0,0,0,0,0,0,1.94867298720335e-05,0.000219416991603547,0,0,0,0.000648780581725709,0.00102410597214378,0.000533191006116173,0.000538481025108153,0.000646262060870819,0.000389300924454795,0.000714571038890377,0.00185634477608709,0.000967143660841049,0.000709930733122099,0.000961546474749493,0.000801781167406768,0.000913352911013834,0.000644921369526876,0.000247466799775198,2.63783039422261e-05,0.000722268589056216,0.00153904847811239,0.00195994445283289,0.00106892481802976,0.00112155363310257,0.00179439727261866,0.00187576770828119,0.00229016849978616,0.00246571174543744,0.00276860831456108,0.0027361406067166,0.00367339262811906,0.00183703191841826,0.000610928429078946,0.000249824788110878,0,0,0,0,0,0,0,0,0,0,0,0,0,0,0,0,0,0,0,0,0,0
0,0,0,0,0,0,0,0,0,0,0,0,0,0,0,0,0,0,0,0,0,0,0,0,0,0,0,0,0,0,0,0,0,0,0,0,0,0,0,0,0,0,0,0,0,8.79894945856892e-07,0.000387531234405347,0.000344315286845477,0.000513704025648321,0.0012105626467289,0.000512528281635312,0.00123641113098585,0.000768198024801327,0.000261889636666733,0.00095293158922416,0.000405249592915059,0.000402752920296664,0.000146540862111401,0.00089050665925034,0.000983014914160765,0.00107908524983785,0.000759171631530562,0.0007496020929336,0.000636563966304644,0.00150100374412009,0.00239081004447105,0.00428746258611505,0.00254424922209247,0.00324679203141283,0.00271310196407286,0.00300442187351333,0.00373355489391812,0.00469368054875734,0.00523909226832094,0.00312296063651829,0.00222082476407188,0.00103074262623336,0.00047973123286016,0,0,0,0,0,0,0,0,0,0,0,0,0,0,0,0,0,0,0,0,0,0
0,0,0,0,0,0,0,0,0,0,0,0,0,0,0,0,0,0,0,0,0,0,0,0,0,0,0,0,0,0,0,0,0,0,0,0,0,0,0,0,0,0,0,0,0,1.18459948486243e-06,0.00036106506967807,7.49541791001491e-05,2.35958837967153e-05,0.000895424901693345,0.000980283868329764,0.000848333405944513,0.000160741157508586,0.000399442293180601,0.000821787710956814,0.00022899021630697,0.000441004597727051,0.000352142522503029,0.000217192337659746,8.92875666292868e-05,0.000681202945863069,0.000510212121079676,0.000554838606638304,0.00175920044362286,0.00226032723565638,0.00212824214263496,0.00483481568606705,0.0053101841909749,0.00562719935802307,0.00316155872447382,0.00421876282019151,0.00744489974769136,0.00636531206771452,0.00479975742570541,0.00406702727881399,0.00185099346980566,0.00130405045584416,0.000150215995579012,0,0,0,0,0,0,0,0,0,0,0,0,0,0,0,0,0,0,0,0,0,0
0,0,0,0,0,0,0,0,0,0,0,0,0,0,0,0,0,0,0,0,0,0,0,0,0,0,0,0,0,0,0,0,0,0,0,0,0,0,0,0,0,0,0,0,0,0,9.22948371003439e-05,0.000405993338707058,0.000444019260809151,0.000313089106852431,0.00072197839858632,0.00159253407345821,0.000936580404051243,0.000208435367029142,0.000147206232005076,0.000381778311732366,0.000206499861211611,0.000506950476964218,0.000373834956011836,0.000172323277923585,0.00052746915132771,0.000441337230919527,0.000883849637271918,0.00160560757453423,0.00221673207447037,0.00289900376144149,0.00368585908402442,0.00494247849927728,0.00510577869411855,0.00435654677149645,0.00462330237008906,0.00506790880306566,0.00643561147409393,0.00370164609666293,0.00319809005170214,0.00193727826900973,0.0013353996397956,0.000356566224290444,0,0,0,0,0,0,0,0,0,0,0,0,0,0,0,0,0,0,0,0,0,0
0,0,0,0,0,0,0,0,0,0,0,0,0,0,0,0,0,0,0,0,0,0,0,0,0,0,0,0,0,0,0,0,0,0,0,0,0,0,0,0,0,0,0,0,0,0,0.000191332971031501,0.000488614282937819,0.000601472288411776,0.000858808499877227,0.000418452061365023,0.000848017260189673,0.0012712813322622,0.000876190334155383,0.00038976168162125,0.000288937090484307,0.000344258399947608,0.000404417810785076,0.000195426076679355,3.62443533055504e-06,0.000985368012760258,0.000492943277283676,0.00109428810208524,0.00131960584789445,0.00106080627851897,0.00194265879307263,0.00353439113575057,0.00469172705902641,0.00459776256736966,0.00612389501631123,0.004673700986683,0.00504754309635291,0.00709914347110054,0.00484579026721184,0.00247854270334889,0.00186423882950759,0.000646727910137953,6.78107337618824e-05,0,0,0,0,0,0,0,0,0,0,0,0,0,0,0,0,0,0,0,0,0,0
0,0,0,0,0,0,0,0,0,0,0,0,0,0,0,0,0,0,0,0,0,0,0,0,0,0,0,0,0,0,0,0,0,0,0,0,0,0,0,0,0,0,0,0,0,0,6.79033083470153e-05,0.000261569864841739,0.000213312922241358,0.000335078717392855,0.000228851609733396,0.000723769380183377,0.000617116440034606,0.0010744558295385,0.000805769343672314,0.000571378792580433,0.00139429356458764,0.0012428992008996,0.00158361039920351,0.000520568837497964,0.00197247121013042,0.00117861420995835,0.00129439972321134,0.00158210152989831,0.00123956476504685,0.00258211142891462,0.00314349446022353,0.00468424114511077,0.00538723657794192,0.0063021191660475,0.00655135383121149,0.00538126794494168,0.00378539051239717,0.00488553388025528,0.0021481765491276,0.00183340327393109,0.000644811470286967,0.000103278866845265,0,0,0,0,0,0,0,0,0,0,0,0,0,0,0,0,0,0,0,0,0,0
0,0,0,0,0,0,0,0,0,0,0,0,0,0,0,0,0,0,0,0,0,0,0,0,0,0,0,0,0,0,0,0,0,0,0,0,0,0,0,0,0,0,0,0,0,0,0,0,0,2.63058663393827e-05,0.000886477583723754,0.000648914584488956,0.00047758400515356,0.000951276591670994,0.000613906905924332,0.00136877011360435,0.000492517753713961,0.000713588738404037,0.00175569865653047,0.000399299420732604,0.00130135154906496,0.00161560864183181,0.00146400996771938,0.00226576717363435,0.00242339322542032,0.00372828206580171,0.00389553389883004,0.00417541582005736,0.0035058341538684,0.00604656960633557,0.00570085193984318,0.00657425057772302,0.00571815302604784,0.00491831218754537,0.00249482062452948,0.000842548906509952,0.000373370797190161,2.18280039001058e-05,0,0,0,0,0,0,0,0,0,0,0,0,0,0,0,0,0,0,0,0,0,0
0,0,0,0,0,0,0,0,0,0,0,0,0,0,0,0,0,0,0,0,0,0,0,0,0,0,0,0,0,0,0,0,0,0,0,0,0,0,0,0,0,0,0,0,0,0,0,0,0,2.6862468668143e-06,0.000569074313643486,0.000723742789347604,9.41200665064944e-05,0.000430103661401725,0.00112684605629005,0.00236461576003612,0.00115241666163453,0.00208516851072748,0.00178094281846207,0.00236293336457599,0.00191409113941354,0.00124489877951265,0.00164513335506335,0.00182094141274491,0.0028611481391293,0.00440180545839971,0.003705589807989,0.00269803426667743,0.0042323494379774,0.00511496211796494,0.00556097188339721,0.00764823553289565,0.00569255159827103,0.00359095865156721,0.00185316867271316,0.00133054365613928,0.00068079920443324,0,0,0,0,0,0,0,0,0,0,0,0,0,0,0,0,0,0,0,0,0,0,0
0,0,0,0,0,0,0,0,0,0,0,0,0,0,0,0,0,0,0,0,0,0,0,0,0,0,0,0,0,0,0,0,0,0,0,0,0,0,0,0,0,0,0,0,0,0,0,0,0,0,1.90209597885174e-05,0.000387424476293817,0.00053979592264905,0,0.000585455339955955,0.00122312995591408,0.00147087597003253,0.0020208171900487,0.00231845006436689,0.00175833539416973,0.00281263632498706,0.00193530693172882,0.00138685480134038,0.00199728221066116,0.00295638548287861,0.00516697800448048,0.00709295208425197,0.00330439591590639,0.00400484481357639,0.00511384066688923,0.00512425486833161,0.0030251687072594,0.00476010379485419,0.00205598681982119,0.000648611885898357,0.000524965125146484,0,0,0,0,0,0,0,0,0,0,0,0,0,0,0,0,0,0,0,0,0,0,0,0
0,0,0,0,0,0,0,0,0,0,0,0,0,0,0,0,0,0,0,0,0,0,0,0,0,0,0,0,0,0,0,0,0,0,0,0,0,0,0,0,0,0,0,0,0,0,0,0,0,0,0,4.8554758592222e-07,5.15359387432074e-05,0.000188691909552022,0.000201897897791598,0.000724851240450104,0.00138294030123514,0.00146603681364306,0.00237158055150451,0.00220937052918058,0.0030208926206338,0.00312468813453233,0.00263940326708838,0.00216796087222714,0.00215138087940031,0.00446562679228083,0.00500845806437918,0.00276271721871331,0.00426053433723797,0.00563764991188629,0.00460224808433253,0.00240408361657904,0.00150876614388266,0.00119269025355484,0.000522364557445207,2.81953793925114e-05,0,0,0,0,0,0,0,0,0,0,0,0,0,0,0,0,0,0,0,0,0,0,0,0
0,0,0,0,0,0,0,0,0,0,0,0,0,0,0,0,0,0,0,0,0,0,0,0,0,0,0,0,0,0,0,0,0,0,0,0,0,0,0,0,0,0,0,0,0,0,0,0,0,0,0,0,4.29244161350423e-05,0.000233730568876846,0.000272682689716893,0.000780237255384121,0.00104539542494861,0.000978335280492853,0.00171539215339112,0.00150295552851765,0.00126070912826252,0.00335424361830829,0.00301202144638866,0.00304540991476051,0.00287202697834329,0.00209761533348985,0.00505602071162167,0.00284626373871595,0.00275830869221901,0.00238866580323756,0.00250766030487854,0.00141585469927033,0.000282159940701528,0.000682979971607161,0.000398510394057831,0,0,0,0,0,0,0,0,0,0,0,0,0,0,0,0,0,0,0,0,0,0,0,0,0
0,0,0,0,0,0,0,0,0,0,0,0,0,0,0,0,0,0,0,0,0,0,0,0,0,0,0,0,0,0,0,0,0,0,0,0,0,0,0,0,0,0,0,0,0,0,0,0,0,0,0,0,0,0,0.000335593030984387,7.90646226609007e-05,0.000266448108609493,0.000566322645450215,0.000914931318084099,0.00104765208883044,0.00227318330655977,0.0017963646945434,0.00144914444035451,0.00166518138823867,0.00156456503856858,0.000953343263622736,0.00333705142335956,0.00205226393188225,0.000978302094438346,0.000597444929312421,0.000900188493395703,0.000571195143964492,0.000338304570674436,0.000177982205939952,0.000218603552636767,0,0,0,0,0,0,0,0,0,0,0,0,0,0,0,0,0,0,0,0,0,0,0,0,0
0,0,0,0,0,0,0,0,0,0,0,0,0,0,0,0,0,0,0,0,0,0,0,0,0,0,0,0,0,0,0,0,0,0,0,0,0,0,0,0,0,0,0,0,0,0,0,0,0,0,0,0,0,0,0,0,0,0,8.95164205386261e-05,0.000273091632423896,0.000906275950997021,0.00157384172028612,0.00095257373557162,0.00125437018766514,0.000372649817414001,0.000557888260454731,0.000454081179041783,0.000810267281046424,0.000574422185716938,0.000327783743005074,0.00018662196507255,0.00032042188612001,0.000133774575080973,0,0,0,0,0,0,0,0,0,0,0,0,0,0,0,0,0,0,0,0,0,0,0,0,0,0,0
0,0,0,0,0,0,0,0,0,0,0,0,0,0,0,0,0,0,0,0,0,0,0,0,0,0,0,0,0,0,0,0,0,0,0,0,0,0,0,0,0,0,0,0,0,0,0,0,0,0,0,0,0,0,0,0,0,0,0,0,6.97219881852606e-05,2.55614803955564e-05,0.000105130681588177,0.000558021296352701,0.000327461264282126,0.000422992596246508,0.000103043211796308,0,0,0,0,0,0,0,0,0,0,0,0,0,0,0,0,0,0,0,0,0,0,0,0,0,0,0,0,0,0,0,0,0
0,0,0,0,0,0,0,0,0,0,0,0,0,0,0,0,0,0,0,0,0,0,0,0,0,0,0,0,0,0,0,0,0,0,0,0,0,0,0,0,0,0,0,0,0,0,0,0,0,0,0,0,0,0,0,0,0,0,0,0,0,0,6.79135494165416e-05,0.000167280053478677,5.1408990199952e-05,0.000159707954869081,0,0,0,0,0,0,0,0,0,0,0,0,0,0,0,0,0,0,0,0,0,0,0,0,0,0,0,0,0,0,0,0,0,0
0,0,0,0,0,0,0,0,0,0,0,0,0,0,0,0,0,0,0,0,0,0,0,0,0,0,0,0,0,0,0,0,0,0,0,0,0,0,0,0,0,0,0,0,0,0,0,0,0,0,0,0,0,0,0,0,0,0,0,0,0,0,0,0,0,0,0,0,0,0,0,0,0,0,0,0,0,0,0,0,0,0,0,0,0,0,0,0,0,0,0,0,0,0,0,0,0,0,0,0
0,0,0,0,0,0,0,0,0,0,0,0,0,0,0,0,0,0,0,0,0,0,0,0,0,0,0,0,0,0,0,0,0,0,0,0,0,0,0,0,0,0,0,0,0,0,0,0,0,0,0,0,0,0,0,0,0,0,0,0,0,0,0,0,0,0,0,0,0,0,0,0,0,0,0,0,0,0,0,0,0,0,0,0,0,0,0,0,0,0,0,0,0,0,0,0,0,0,0,0
0,0,0,0,0,0,0,0,0,0,0,0,0,0,0,0,0,0,0,0,0,0,0,0,0,0,0,0,0,0,0,0,0,0,0,0,0,0,0,0,0,0,0,0,0,0,0,0,0,0,0,0,0,0,0,0,0,0,0,0,0,0,0,0,0,0,0,0,0,0,0,0,0,0,0,0,0,0,0,0,0,0,0,0,0,0,0,0,0,0,0,0,0,0,0,0,0,0,0,0
0,0,0,0,0,0,0,0,0,0,0,0,0,0,0,0,0,0,0,0,0,0,0,0,0,0,0,0,0,0,0,0,0,0,0,0,0,0,0,0,0,0,0,0,0,0,0,0,0,0,0,0,0,0,0,0,0,0,0,0,0,0,0,0,0,0,0,0,0,0,0,0,0,0,0,0,0,0,0,0,0,0,0,0,0,0,0,0,0,0,0,0,0,0,0,0,0,0,0,0
0,0,0,0,0,0,0,0,0,0,0,0,0,0,0,0,0,0,0,0,0,0,0,0,0,0,0,0,0,0,0,0,0,0,0,0,0,0,0,0,0,0,0,0,0,0,0,0,0,0,0,0,0,0,0,0,0,0,0,0,0,0,0,0,0,0,0,0,0,0,0,0,0,0,0,0,0,0,0,0,0,0,0,0,0,0,0,0,0,0,0,0,0,0,0,0,0,0,0,0
0,0,0,0,0,0,0,0,0,0,0,0,0,0,0,0,0,0,0,0,0,0,0,0,0,0,0,0,0,0,0,0,0,0,0,0,0,0,0,0,0,0,0,0,0,0,0,0,0,0,0,0,0,0,0,0,0,0,0,0,0,0,0,0,0,0,0,0,0,0,0,0,0,0,0,0,0,0,0,0,0,0,0,0,0,0,0,0,0,0,0,0,0,0,0,0,0,0,0,0
0,0,0,0,0,0,0,0,0,0,0,0,0,0,0,0,0,0,0,0,0,0,0,0,0,0,0,0,0,0,0,0,0,0,0,0,0,0,0,0,0,0,0,0,0,0,0,0,0,0,0,0,0,0,0,0,0,0,0,0,0,0,0,0,0,0,0,0,0,0,0,0,0,0,0,0,0,0,0,0,0,0,0,0,0,0,0,0,0,0,0,0,0,0,0,0,0,0,0,0
0,0,0,0,0,0,0,0,0,0,0,0,0,0,0,0,0,0,0,0,0,0,0,0,0,0,0,0,0,0,0,0,0,0,0,0,0,0,0,0,0,0,0,0,0,0,0,0,0,0,0,0,0,0,0,0,0,0,0,0,0,0,0,0,0,0,0,0,0,0,0,0,0,0,0,0,0,0,0,0,0,0,0,0,0,0,0,0,0,0,0,0,0,0,0,0,0,0,0,0
0,0,0,0,0,0,0,0,0,0,0,0,0,0,0,0,0,0,0,0,0,0,0,0,0,0,0,0,0,0,0,0,0,0,0,0,0,0,0,0,0,0,0,0,0,0,0,0,0,0,0,0,0,0,0,0,0,0,0,0,0,0,0,0,0,0,0,0,0,0,0,0,0,0,0,0,0,0,0,0,0,0,0,0,0,0,0,0,0,0,0,0,0,0,0,0,0,0,0,0
0,0,0,0,0,0,0,0,0,0,0,0,0,0,0,0,0,0,0,0,0,0,0,0,0,0,0,0,0,0,0,0,0,0,0,0,0,0,0,0,0,0,0,0,0,0,0,0,0,0,0,0,0,0,0,0,0,0,0,0,0,0,0,0,0,0,0,0,0,0,0,0,0,0,0,0,0,0,0,0,0,0,0,0,0,0,0,0,0,0,0,0,0,0,0,0,0,0,0,0
0,0,0,0,0,0,0,0,0,0,0,0,0,0,0,0,0,0,0,0,0,0,0,0,0,0,0,0,0,0,0,0,0,0,0,0,0,0,0,0,0,0,0,0,0,0,0,0,0,0,0,0,0,0,0,0,0,0,0,0,0,0,0,0,0,0,0,0,0,0,0,0,0,0,0,0,0,0,0,0,0,0,0,0,0,0,0,0,0,0,0,0,0,0,0,0,0,0,0,0
0,0,0,0,0,0,0,0,0,0,0,0,0,0,0,0,0,0,0,0,0,0,0,0,0,0,0,0,0,0,0,0,0,0,0,0,0,0,0,0,0,0,0,0,0,0,0,0,0,0,0,0,0,0,0,0,0,0,0,0,0,0,0,0,0,0,0,0,0,0,0,0,0,0,0,0,0,0,0,0,0,0,0,0,0,0,0,0,0,0,0,0,0,0,0,0,0,0,0,0
0,0,0,0,0,0,0,0,0,0,0,0,0,0,0,0,0,0,0,0,0,0,0,0,0,0,0,0,0,0,0,0,0,0,0,0,0,0,0,0,0,0,0,0,0,0,0,0,0,0,0,0,0,0,0,0,0,0,0,0,0,0,0,0,0,0,0,0,0,0,0,0,0,0,0,0,0,0,0,0,0,0,0,0,0,0,0,0,0,0,0,0,0,0,0,0,0,0,0,0
0,0,0,0,0,0,0,0,0,0,0,0,0,0,0,0,0,0,0,0,0,0,0,0,0,0,0,0,0,0,0,0,0,0,0,0,0,0,0,0,0,0,0,0,0,0,0,0,0,0,0,0,0,0,0,0,0,0,0,0,0,0,0,0,0,0,0,0,0,0,0,0,0,0,0,0,0,0,0,0,0,0,0,0,0,0,0,0,0,0,0,0,0,0,0,0,0,0,0,0
0,0,0,0,0,0,0,0,0,0,0,0,0,0,0,0,0,0,0,0,0,0,0,0,0,0,0,0,0,0,0,0,0,0,0,0,0,0,0,0,0,0,0,0,0,0,0,0,0,0,0,0,0,0,0,0,0,0,0,0,0,0,0,0,0,0,0,0,0,0,0,0,0,0,0,0,0,0,0,0,0,0,0,0,0,0,0,0,0,0,0,0,0,0,0,0,0,0,0,0
0,0,0,0,0,0,0,0,0,0,0,0,0,0,0,0,0,0,0,0,0,0,0,0,0,0,0,0,0,0,0,0,0,0,0,0,0,0,0,0,0,0,0,0,0,0,0,0,0,0,0,0,0,0,0,0,0,0,0,0,0,0,0,0,0,0,0,0,0,0,0,0,0,0,0,0,0,0,0,0,0,0,0,0,0,0,0,0,0,0,0,0,0,0,0,0,0,0,0,0
0,0,0,0,0,0,0,0,0,0,0,0,0,0,0,0,0,0,0,0,0,0,0,0,0,0,0,0,0,0,0,0,0,0,0,0,0,0,0,0,0,0,0,0,0,0,0,0,0,0,0,0,0,0,0,0,0,0,0,0,0,0,0,0,0,0,0,0,0,0,0,0,0,0,0,0,0,0,0,0,0,0,0,0,0,0,0,0,0,0,0,0,0,0,0,0,0,0,0,0
0,0,0,0,0,0,0,0,0,0,0,0,0,0,0,0,0,0,0,0,0,0,0,0,0,0,0,0,0,0,0,0,0,0,0,0,0,0,0,0,0,0,0,0,0,0,0,0,0,0,0,0,0,0,0,0,0,0,0,0,0,0,0,0,0,0,0,0,0,0,0,0,0,0,0,0,0,0,0,0,0,0,0,0,0,0,0,0,0,0,0,0,0,0,0,0,0,0,0,0
0,0,0,0,0,0,0,0,0,0,0,0,0,0,0,0,0,0,0,0,0,0,0,0,0,0,0,0,0,0,0,0,0,0,0,0,0,0,0,0,0,0,0,0,0,0,0,0,0,0,0,0,0,0,0,0,0,0,0,0,0,0,0,0,0,0,0,0,0,0,0,0,0,0,0,0,0,0,0,0,0,0,0,0,0,0,0,0,0,0,0,0,0,0,0,0,0,0,0,0
0,0,0,0,0,0,0,0,0,0,0,0,0,0,0,0,0,0,0,0,0,0,0,0,0,0,0,0,0,0,0,0,0,0,0,0,0,0,0,0,0,0,0,0,0,0,0,0,0,0,0,0,0,0,0,0,0,0,0,0,0,0,0,0,0,0,0,0,0,0,0,0,0,0,0,0,0,0,0,0,0,0,0,0,0,0,0,0,0,0,0,0,0,0,0,0,0,0,0,0
0,0,0,0,0,0,0,0,0,0,0,0,0,0,0,0,0,0,0,0,0,0,0,0,0,0,0,0,0,0,0,0,0,0,0,0,0,0,0,0,0,0,0,0,0,0,0,0,0,0,0,0,0,0,0,0,0,0,0,0,0,0,0,0,0,0,0,0,0,0,0,0,0,0,0,0,0,0,0,0,0,0,0,0,0,0,0,0,0,0,0,0,0,0,0,0,0,0,0,0
