0,0,0,0,0,0,0,0,0,0,0,0,0,0,0,0,0,0,0,0,0,0,0,0,0,0,0,0,0,0,0,0,0,0,0,0,0,0,0,0,0,0,0,0,0,0,0,0,0,0,0,0,0,0,0,0,0,0,0,0,0,0,0,0,0,0,0,0,0,0,0,0,0,0,0,0,0,0,0,0,0,0,0,0,0,0,0,0,0,0,0,0,0,0,0,0,0,0,0,0
0,0,0,0,0,0,0,0,0,0,0,0,0,0,0,0,0,0,0,0,0,0,0,0,0,0,0,0,0,0,0,0,0,0,0,0,0,0,0,0,0,0,0,0,0,0,0,0,0,0,0,0,0,0,0,0,0,0,0,0,0,0,0,0,0,0,0,0,0,0,0,0,0,0,0,0,0,0,0,0,0,0,0,0,0,0,0,0,0,0,0,0,0,0,0,0,0,0,0,0
0,0,0,0,0,0,0,0,0,0,0,0,0,0,0,0,0,0,0,0,0,0,0,0,0,0,0,0,0,0,0,0,0,0,0,0,0,0,0,0,0,0,0,0,0,0,0,0,0,0,0,0,0,0,0,0,0,0,0,0,0,0,0,0,0,0,0,0,0,0,0,0,0,0,0,0,0,0,0,0,0,0,0,0,0,0,0,0,0,0,0,0,0,0,0,0,0,0,0,0
0,0,0,0,0,0,0,0,0,0,0,0,0,0,0,0,0,0,0,0,0,0,0,0,0,0,0,0,0,0,0,0,0,0,0,0,0,0,0,0,0,0,0,0,0,0,0,0,0,0,0,0,0,0,0,0,0,0,0,0,0,0,0,0,0,0,0,0,0,0,0,0,0,0,0,0,0,0,0,0,0,0,0,0,0,0,0,0,0,0,0,0,0,0,0,0,0,0,0,0
0,0,0,0,0,0,0,0,0,0,0,0,0,0,0,0,0,0,0,0,0,0,0,0,0,0,0,0,0,0,0,0,0,0,0,0,0,0,0,0,0,0,0,0,0,0,0,0,0,0,0,0,0,0,0,0,0,0,0,0,0,0,0,0,0,0,0,0,0,0,0,0,0,0,0,0,0,0,0,0,0,0,0,0,0,0,0,0,0,0,0,0,0,0,0,0,0,0,0,0
0,0,0,0,0,0,0,0,0,0,0,0,0,0,0,0,0,0,0,0,0,0,0,0,0,0,0,0,0,0,0,0,0,0,0,0,0,0,0,0,0,0,0,0,0,0,0,0,0,0,0,0,0,0,0,0,0,0,0,0,0,0,0,0,0,0,0,0,0,0,0,0,0,0,0,0,0,0,0,0,0,0,0,0,0,0,0,0,0,0,0,0,0,0,0,0,0,0,0,0
0,0,0,0,0,0,0,0,0,0,0,0,0,0,0,0,0,0,0,0,0,0,0,0,0,0,0,0,0,0,0,0,0,0,0,0,0,0,0,0,0,0,0,0,0,0,0,0,0,0,0,0,0,0,0,0,0,0,0,0,0,0,0,0,0,0,0,0,0,0,0,0,0,0,0,0,0,0,0,0,0,0,0,0,0,0,0,0,0,0,0,0,0,0,0,0,0,0,0,0
0,0,0,0,0,0,0,0,0,0,0,0,0,0,0,0,0,0,0,0,0,0,0,0,0,0,0,0,0,0,0,0,0,0,0,0,0,0,0,0,0,0,0,0,0,0,0,0,0,0,0,0,0,0,0,0,0,0,0,0,0,0,0,0,0,0,0,0,0,0,0,0,0,0,0,0,0,0,0,0,0,0,0,0,0,0,0,0,0,0,0,0,0,0,0,0,0,0,0,0
0,0,0,0,0,0,0,0,0,0,0,0,0,0,0,0,0,0,0,0,0,0,0,0,0,0,0,0,0,0,0,0,0,0,0,0,0,0,0,0,0,0,0,0,0,0,0,0,0,0,0,0,0,0,0,0,0,0,0,0,0,0,0,0,0,0,0,0,0,0,0,0,0,0,0,0,0,0,0,0,0,0,0,0,0,0,0,0,0,0,0,0,0,0,0,0,0,0,0,0
0,0,0,0,0,0,0,0,0,0,0,0,0,0,0,0,0,0,0,0,0,0,0,0,0,0,0,0,0,0,0,0,0,0,0,0,0,0,0,0,0,0,0,0,0,0,0,0,0,0,0,0,0,0,0,0,0,0,0,0,0,0,0,0,0,0,0,0,0,0,0,0,0,0,0,0,0,0,0,0,0,0,0,0,0,0,0,0,0,0,0,0,0,0,0,0,0,0,0,0
0,0,0,0,0,0,0,0,0,0,0,0,0,0,0,0,0,0,0,0,0,0,0,0,0,0,0,0,0,0,0,0,0,0,0,0,0,0,0,0,0,0,0,0,0,0,0,0,0,0,0,0,0,0,0,0,0,0,0,0,0,0,0,0,0,0,0,0,0,0,0,0,0,0,0,0,0,0,0,0,0,0,0,0,0,0,0,0,0,0,0,0,0,0,0,0,0,0,0,0
0,0,0,0,0,0,0,0,0,0,0,0,0,0,0,0,0,0,0,0,0,0,0,0,0,0,0,0,0,0,0,0,0,0,0,0,0,0,0,0,0,0,0,0,0,0,0,0,0,0,0,0,0,0,0,0,0,0,0,0,0,0,0,0,0,0,0,0,0,0,0,0,0,0,0,0,0,0,0,0,0,0,0,0,0,0,0,0,0,0,0,0,0,0,0,0,0,0,0,0
0,0,0,0,0,0,0,0,0,0,0,0,0,0,0,0,0,0,0,0,0,0,0,0,0,0,0,0,0,0,0,0,0,0,0,0,0,0,0,0,0,0,0,0,0,0,0,0,0,0,0,0,0,0,0,0,0,0,0,0,0,0,0,0,0,0,0,0,0,0,0,0,0,0,0,0,0,0,0,0,0,0,0,0,0,0,0,0,0,0,0,0,0,0,0,0,0,0,0,0
0,0,0,0,0,0,0,0,0,0,0,0,0,0,0,0,0,0,0,0,0,0,0,0,0,0,0,0,0,0,0,0,0,0,0,0,0,0,0,0,0,0,0,0,0,0,0,0,0,0,0,0,0,0,0,0,0,0,0,0,0,0,0,0,0,0,0,0,0,0,0,0,0,0,0,0,0,0,0,0,0,0,0,0,0,0,0,0,0,0,0,0,0,0,0,0,0,0,0,0
0,0,0,0,0,0,0,0,0,0,0,0,0,0,0,0,0,0,0,0,0,0,0,0,0,0,0,0,0,0,0,0,0,0,0,0,0,0,0,0,0,0,0,0,0,0,0,0,0,0,0,0,0,0,0,0,0,0,0,0,0,0,0,0,0,0,0,0,0,0,0,0,0,0,0,0,0,0,0,0,0,0,0,0,0,0,0,0,0,0,0,0,0,0,0,0,0,0,0,0
0,0,0,0,0,0,0,0,0,0,0,0,0,0,0,0,0,0,0,0,0,0,0,0,0,0,0,0,0,0,0,0,0,0,0,0,0,0,0,0,0,0,0,0,0,0,0,0,0,0,0,0,0,0,0,0,0,0,0,0,0,0,0,0,0,0,0,0,0,0,0,0,0,0,0,0,0,0,0,0,0,0,0,0,0,0,0,0,0,0,0,0,0,0,0,0,0,0,0,0
0,0,0,0,0,0,0,0,0,0,0,0,0,0,0,0,0,0,0,0,0,0,0,0,0,0,0,0,0,0,0,0,0,0,0,0,0,0,0,0,0,0,0,0,0,0,0,0,0,0,0,0,0,0,0,0,0,0,0,0,0,0,0,0,0,0,0,0,0,0,0,0,0,0,0,0,0,0,0,0,0,0,0,0,0,0,0,0,0,0,0,0,0,0,0,0,0,0,0,0
0,0,0,0,0,0,0,0,0,0,0,0,0,0,0,0,0,0,0,0,0,0,0,0,0,0,0,0,0,0,0,0,0,0,0,0,0,0,0,0,0,0,0,0,0,0,0,0,0,0,0,0,0,0,0,0,0,0,0,0,0,0,0,0,0,0,0,0,0,0,0,0,0,0,0,0,0,0,0,0,0,0,0,0,0,0,0,0,0,0,0,0,0,0,0,0,0,0,0,0
0,0,0,0,0,0,0,0,0,0,0,0,0,0,0,0,0,0,0,0,0,0,0,0,0,0,0,0,0,0,0,0,0,0,0,0,0,0,0,0,0,0,0,0,0,0,0,0,0,0,0,0,0,0,0,0,0,0,0,0,0,0,0,0,0,0,0,0,0,0,0,0,0,0,0,0,0,0,0,0,0,0,0,0,0,0,0,0,0,0,0,0,0,0,0,0,0,0,0,0
0,0,0,0,0,0,0,0,0,0,0,0,0,0,0,0,0,0,0,0,0,0,0,0,0,0,0,0,0,0,0,0,0,0,0,0,0,0,0,0,0,0,0,0,0,0,0,0,0,0,0,0,0,0,0,0,0,0,0,0,0,0,0,0,0,0,0,0,0,0,0,0,0,0,0,0,0,0,0,0,0,0,0,0,0,0,0,0,0,0,0,0,0,0,0,0,0,0,0,0
0,0,0,0,0,0,0,0,0,0,0,0,0,0,0,0,0,0,0,0,0,0,0,0,0,0,0,0,0,0,0,0,0,0,0,0,0,0,0,0,0,0,0,0,0,0,0,0,0,0,0,0,0,0,0,0,0,0,0,0,0,0,0,0,0,0,0,0,0,0,0,0,0,0,0,0,0,0,0,0,0,0,0,0,0,0,0,0,0,0,0,0,0,0,0,0,0,0,0,0
0,0,0,0,0,0,0,0,0,0,0,0,0,0,0,0,0,0,0,0,0,0,0,0,0,0,0,0,0,0,0,0,0,0,0,0,0,0,0,0,0,0,0,0,0,0,0,0,0,0,0,0,0,0,0,0,0,0,0,0,0,0,0,0,0,0,0,0,0,0,0,0,0,0,0,0,0,0,0,0,0,0,0,0,0,0,0,0,0,0,0,0,0,0,0,0,0,0,0,0
0,0,0,0,0,0,0,0,0,0,0,0,0,0,0,0,0,0,0,0,0,0,0,0,0,0,0,0,0,0,0,0,0,0,0,0,0,0,0,0,0,0,0,0,0,0,0,0,0,0,0,0,0,0,0,0,0,0,0,0,0,0,0,0,0,0,0,0,0,0,0,0,0,0,0,0,0,0,0,0,0,0,0,0,0,0,0,0,0,0,0,0,0,0,0,0,0,0,0,0
0,0,0,0,0,0,0,0,0,0,0,0,0,0,0,0,0,0,0,0,0,0,0,0,0,0,0,0,0,0,0,0,0,0,0,0,0,0,0,0,0,0,0,0,0,0,0,0,0,0,0,0,0,0,0,0,0,0,0,0,0,0,0,0,0,0,0,0,0,0,0,0,0,0,0,0,0,0,0,0,0,0,0,0,0,0,0,0,0,0,0,0,0,0,0,0,0,0,0,0
0,0,0,0,0,0,0,0,0,0,0,0,0,0,0,0,0,0,0,0,0,0,0,0,0,0,0,0,0,0,0,0,0,0,0,0,0,0,0,0,0,0,0,0,0,0,0,0,0,0,0,0,0,0,0,0,0,0,0,0,0,0,0,0,0,0,0,0,0,0,0,0,0,0,0,0,0,0,0,0,0,0,0,0,0,0,0,0,0,0,0,0,0,0,0,0,0,0,0,0
0,0,0,0,0,0,0,0,0,0,0,0,0,0,0,0,0,0,0,0,0,0,0,0,0,0,0,0,0,0,0,0,0,0,0,0,0,0,0,0,0,0,0,0,0,0,0,0,0,0,0,0,0,0,0,0,0,0,0,0,0,0,0,0,0,0,0,0,0,0,0,0,0,0,0,0,0,0,0,0,0,0,0,0,0,0,0,0,0,0,0,0,0,0,0,0,0,0,0,0
0,0,0,0,0,0,0,0,0,0,0,0,0,0,0,0,0,0,0,0,0,0,0,0,0,0,0,0,0,0,0,0,0,0,0,0,0,0,0,0,0,0,0,0,0,0,0,0,0,0,0,0,0,0,0,0,0,0,0,0,0,0,0,0,0,0,0,0,0,0,0,0,0,0,0,0,0,0,0,0,0,0,0,0,0,0,0,0,0,0,0,0,0,0,0,0,0,0,0,0
0,0,0,0,0,0,0,0,0,0,0,0,0,0,0,0,0,0,0,0,0,0,0,0,0,0,0,0,0,0,0,0,0,0,0,0,0,0,0,0,0,0,0,0,0,0,0,0,0,0,0,0,0,0,0,0,0,0,0,0,0,0,0,0,0,0,0,0,0,0,0,0,0,0,0,0,0,0,0,0,0,0,0,0,0,0,0,0,0,0,0,0,0,0,0,0,0,0,0,0
0,0,0,0,0,0,0,0,0,0,0,0,0,0,0,0,0,0,0,0,0,0,0,0,0,0,0,0,0,0,0,0,0,0,0,0,0,0,0,0,0,0,0,0,0,0,0,0,0,0,0,0,0,0,0,0,0,0,0,0,0,0,0,0,0,0,0,0,0,0,0,0,0,0,0,0,0,0,0,0,0,0,0,0,0,0,0,0,0,0,0,0,0,0,0,0,0,0,0,0
0,0,0,0,0,0,0,0,0,0,0,0,0,0,0,0,0,0,0,0,0,0,0,0,0,0,0,0,0,0,0,0,0,0,0,0,0,0,0,0,0,0,0,0,0,0,0,0,0,0,0,0,0,0,0,0,0,0,0,0,0,0,0,0,0,0,0,0,0,0,0,0,0,0,0,0,0,0,0,0,0,0,0,0,0,0,0,0,0,0,0,0,0,0,0,0,0,0,0,0
0,0,0,0,0,0,0,0,0,0,0,0,0,0,0,0,0,0,0,0,0,0,0,0,0,0,0,0,0,0,0,0,0,0,0,0,0,0,0,0,0,0,0,0,0,0,0,0,0,0,0,0,0,0,0,0,0,0,0,0,0,0,0,0,0,0,0,0,0,0,0,0,0,0,0,0,0,0,0,0,0,0,0,0,0,0,0,0,0,0,0,0,0,0,0,0,0,0,0,0
0,0,0,0,0,0,0,0,0,0,0,0,0,0,0,0,0,0,0,0,0,0,0,0,0,0,0,0,0,0,0,0,0,0,0,0,0,0,0,0,0,0,0,0,0,0,0,0,0,0,0,0,0,0,0,0,0,0,0,0,0,0,0,0,0,0,0,0,0,0,0,0,0,0,0,0,0,0,0,0,0,0,0,0,0,0,0,0,0,0,0,0,0,0,0,0,0,0,0,0
0,0,0,0,0,0,0,0,0,0,0,0,0,0,0,0,0,0,0,0,0,0,0,0,0,0,0,0,0,0,0,0,0,0,0,0,0,0,0,0,0,0,0,0,0,0,0,0,0,0,0,0,0,0,0,0,0,0,0,0,0,0,0,0,0,0,0,0,0,0,0,0,0,0,0,0,0,0,0,0,0,0,0,0,0,0,0,0,0,0,0,0,0,0,0,0,0,0,0,0
0,0,0,0,0,0,0,0,0,0,0,0,0,0,0,0,0,0,0,0,0,0,0,0,0,0,0,0,0,0,0,0,0,0,0,0,0,0,0,0,0,0,0,0,0,0,0,0,0,0,0,0,0,0,0,0,0,0,0,0,0,0,0,0,0,0,0,0,0,0,0,0,0,0,0,0,0,0,0,0,0,0,0,0,0,0,0,0,0,0,0,0,0,0,0,0,0,0,0,0
0,0,0,0,0,0,0,0,0,0,0,0,0,0,0,0,0,0,0,0,0,0,0,0,0,0,0,0,0,0,0,0,0,0,0,0,0,0,0,0,0,0,0,0,0,0,0,0,0,0,0,0,0,0,0,0,0,0,0,0,0,0,0,0,0,0,0,0,0,0,0,0,0,0,0,0,0,0,0,0,0,0,0,0,0,0,0,0,0,0,0,0,0,0,0,0,0,0,0,0
0,0,0,0,0,0,0,0,0,0,0,0,0,0,0,0,0,0,0,0,0,0,0,0,0,0,0,0,0,0,0,0,0,0,0,0,0,0,0,0,0,0,0,0,0,0,0,0,0,0,0,0,0,0,0,0,0,0,0,0,0,0,0,0,0,0,0,0,0,0,0,0,0,0,0,0,0,0,0,0,0,0,0,0,0,0,0,0,0,0,0,0,0,0,0,0,0,0,0,0
0,0,0,0,0,0,0,0,0,0,0,0,0,0,0,0,0,0,0,0,0,0,0,0,0,0,0,0,0,0,0,0,0,0,0,0,0,0,0,0,0,0,0,0,0,0,0,0,0,0,0,0,0,0,0,0,0,0,0,0,0,0,0,0,0,0,0,0,0,0,0,0,0,0,0,0,0,0,0,0,0,0,0,0,0,0,0,0,0,0,0,0,0,0,0,0,0,0,0,0
0,0,0,0,0,0,0,0,0,0,0,0,0,0,0,0,0,0,0,0,0,0,0,0,0,0,0,0,0,0,0,0,0,0,0,0,0,0,0,0,0,0,0,0,0,0,0,0,0,0,0,0,0,0,0,0,0,0,0,0,0,0,0,0,0,0,0,0,0,0,0,0,0,0,0,0,0,0,0,0,0,0,0,0,0,0,0,0,0,0,0,0,0,0,0,0,0,0,0,0
0,0,0,0,0,0,0,0,0,0,0,0,0,0,0,0,0,0,0,0,0,0,0,0,0,0,0,0,0,0,0,0,0,0,0,0,0,0,0,0,0,0,0,0,0,0,0,0,0,0,0,0,0,0,0,0,0,0,0,0,0,0,0,0,0,0,0,0,0,0,0,0,0,0,0,0,0,0,0,0,0,0,0,0,0,0,0,0,0,0,0,0,0,0,0,0,0,0,0,0
0,0,0,0,0,0,0,0,0,0,0,0,0,0,0,0,0,0,0,0,0,0,0,0,0,0,0,0,0,0,0,0,0,0,0,0,0,0,0,0,0,0,0,0,0,0,0,0,0,0,0,0,0,0,0,0,0,0,0,0,0,0,0,0,0,0,0,0,0,0,0,0,0,0,0,0,0,0,0,0,0,0,0,0,0,0,0,0,0,0,0,0,0,0,0,0,0,0,0,0
0,0,0,0,0,0,0,0,0,0,0,0,0,0,0,0,0,0,0,0,0,0,0,0,0,0,0,0,0,0,0,0,0,0,0,0,0,0,0,0,0,0,0,0,0,0,0,0,0,0,0,0,0,0,0,0,0,0,0,0,0,0,0,0,0,0,0,0,0,0,0,0,0,0,0,0,0,0,0,0,0,0,0,0,0,0,0,0,0,0,0,0,0,0,0,0,0,0,0,0
0,0,0,0,0,0,0,0,0,0,0,0,0,0,0,0,0,0,0,0,0,0,0,0,0,0,0,0,0,0,0,0,0,0,0,0,0,0,0,0,0,0,0,0,0,0,0,0,0,0,0,0,0,0,0,0,0,0,0,0,0,0,0,0,0,0,0,0,0,0,0,0,0,0,0,0,0,0,0,0,0,0,0,0,5.35771748249794e-05,0.000358335233521928,0,0,0,0,0,0,0,0,0,0,0,0,0,0
0,0,0,0,0,0,0,0,0,0,0,0,0,0,0,0,0,0,0,0,0,0,0,0,0,0,0,0,0,0,0,0,0,0,0,0,0,0,0,0,0,0,0,0,0,0,0,0,0,0,0,0,0,0,0,0,0,0,0,0,0,0,0,0,0,0,0,0,0,0,0,0,0,0,0,0,0,0,0,0,0,0,0,0,1.14574948515133e-05,7.66300968015792e-05,0,0,0,0,0,0,0,0,0,0,0,0,0,0
0,0,0,0,0,0,0,0,0,0,0,0,0,0,0,0,0,0,0,0,0,0,0,0,0,0,0,0,0,0,0,0,0,0,0,0,0,0,0,0,0,0,0,0,0,0,0,0,0,0,0,0,0,0,0,0,0,0,0,0,0,0,0,0,0,0,0,0,0,0,0,0,0,0,0,0,0,0,0,0,0,3.9172778979908e-05,5.56201154708686e-05,0,0,0,0,0,0,0,0,0,9.26535922365417e-05,1.69147517345494e-05,0,0,0,0,0,0
0,0,0,0,0,0,0,0,0,0,0,0,0,0,0,0,0,0,0,0,0,0,0,0,0,0,0,0,0,0,0,0,0,0,0,0,0,0,0,0,0,0,0,0,0,0,0,0,0,0,0,0,0,0,0,0,0,0,0,0,0,0,0,0,0,0,0,0,0,0,0,0,0,0,0,0,0,0,0,0,0.00015686661927168,0.00042115637052519,0.000271139638603237,9.30161077805469e-05,0.000219109934277232,0,0.000102880658578518,5.16781959513777e-05,0.000259959541982193,0.000109297121947657,1.38640126277801e-05,1.35972146762006e-05,0.000330158275126297,6.02733809026119e-05,0,0,0,0,0,0
0,0,0,0,0,0,0,0,0,0,0,0,0,0,0,0,0,0,0,0,0,0,0,0,0,0,0,0,0,0,0,0,0,0,0,0,0,0,0,0,0,0,0,0,0,0,0,0,0,0,0,0,0,0,0,0,0,0,0,0,0,0,0,0,0,0,0,0,0,0,0,0,0,0,0,0,0,0,0,0.000317952159124854,0.000191271963337238,0.000156487688711485,0.00068687413894562,0.000267841673359824,0.000657769926925729,8.36405128906814e-05,0.000249921053114875,0.000166462621103818,0.00029727757859095,0.000261810820259657,0.000485927372230919,0.000233973924910659,0,0,0,0,0,0,0,0
0,0,0,0,0,0,0,0,0,0,0,0,0,0,0,0,0,0,0,0,0,0,0,0,0,0,0,0,0,0,0,0,0,0,0,0,0,0,0,0,0,0,0,0,0,0,0,0,0,0,0,0,0,0,0,0,0,0,0,0,0,0,0,0,0,0,0,0,0,0,0,0,0,0,0,0,0,0,0,1.66942555495488e-05,1.2771801080395e-05,0.000389250087307003,7.64002345735872e-05,0.000246442965579993,0.00126240172718183,0.000791465964282382,0.00122131501601393,0.000247483223996397,0.000552883054518846,0.000223647099216994,0.000255691568984261,9.06025120612355e-05,0,0,0,0,0,0,0,0
0,0,0,0,0,0,0,0,0,0,0,0,0,0,0,0,0,0,0,0,0,0,0,0,0,0,0,0,0,0,0,0,0,0,0,0,0,0,0,0,0,0,0,0,0,0,0,0,0,0,0,0,0,0,0,0,0,0,0,0,0,0,0,0,0,0,0,0,0,0,0,0,0,0.000145070345874677,0.000170039442987586,0,0,7.44853678279823e-07,5.55712353844983e-07,0.000127131053704053,0.00023608872100214,0.000335568164609944,3.86073945270954e-05,0.000533830829340897,0.000599731994964694,0.000557133090455756,0.000485387774341746,0.00108716189642048,0.000816273026541003,0.000293689675706524,0.000819964585867831,0.000740098926190298,0,0.000138861162257973,0.000185185503859234,6.58756240818337e-07,0,0,0,0
0,0,0,0,0,0,0,0,0,0,0,0,0,0,0,0,0,0,0,0,0,0,0,0,0,0,0,0,0,0,0,0,0,0,0,0,0,0,0,0,0,0,0,0,0,0,0,0,0,0,0,0,0,0,0,0,0,0,0,0,0,0,0,0,0,0,0,0,0,0,0,0,0,8.51198148284687e-05,9.97703963092691e-05,2.06282486187814e-06,0.000419348094066421,0.000285612647548672,0.000213086786419203,0.000409730368685168,0.000917927532711607,0.000385155760975583,0.000636735550757616,0.000209381926403654,0.000370107685415324,0.000265479699961252,0.000366100899565659,0.000544750272847196,0.000374651247315866,0.000655537656977877,0.000503278493810301,0.00118792153527487,0.000286612180679312,0.000114129665333262,0.00067022469562953,0.000128318958029348,0,0,0,0
0,0,0,0,0,0,0,0,0,0,0,0,0,0,0,0,0,0,0,0,0,0,0,0,0,0,0,0,0,0,0,0,0,0,0,0,0,0,0,0,0,0,0,0,0,0,0,0,0,0,0,0,0,0,0,0,0,0,0,0,0,0,0,0,0,0,0,0,0,0,0,0,1.10293816458952e-05,0.000434987012342407,0,3.84696985828328e-07,0.000205363550457704,0.000344977580060832,0.000375636217784248,0.000426668675349666,0.000711607676931131,0.00107031033743984,0.00107117074650537,0.000484201385764362,0.000882295648738282,0.000236650532643264,0.000170277469946603,0.000621820263427388,0.000848169981036365,0.000403143713554146,0.000656639522509843,0.00142612533805684,0.000610743463164779,0.000554605040900319,0.00110688473782665,0.000129488371359284,0.000205767733539055,0.000142710046639064,0,0
0,0,0,0,0,0,0,0,0,0,0,0,0,0,0,0,0,0,0,0,0,0,0,0,0,0,0,0,0,0,0,0,0,0,0,0,0,0,0,0,0,0,0,0,0,0,0,0,0,0,0,0,0,0,0,0,0,0,0,0,0,0,0,0,0,0,0,0,0,0,0,0,1.33494149845146e-06,5.26486645132468e-05,0.000113066589565864,0.000139514889730611,3.95342431152807e-05,0.000148192964325837,0.000537323823873691,0.000828896180475777,0.000554456662606498,0.000878548758893503,0.00122887534554858,4.31296148749865e-05,0.000403772346443889,0.000759555748936196,9.2850410551259e-05,9.04701042067952e-05,0.000573818660915643,0.000388825157821089,0.000899960476424506,0.00176789133185806,0.000851840832661653,0.00135854320549698,0.000603606766891638,0,8.94702202752173e-05,6.20519995466642e-05,0,0
0,0,0,0,0,0,0,0,0,0,0,0,0,0,0,0,0,0,0,0,0,0,0,0,0,0,0,0,0,0,0,0,0,0,0,0,0,0,0,0,0,0,0,0,0,0,0,0,0,0,0,0,0,0,0,0,0,0,0,0,0,0,0,0,0,0,0,0,0,0,0,9.85575544379077e-05,0.000420914446906759,0.000133393438797741,0.00100777787384811,0.000890383701026027,0.000343858426524267,0.000272788439962212,0.000451304823846547,0.000342504031227302,0.00132609463515975,0.000449855820420655,0.000582234325154475,0.000303956359501189,0.000773803564149673,0.000251149767897732,0.000427112684779238,0.000323775439573302,0.000398156582316669,0.000794306422766213,0.000662357164875375,0.000690422926204378,0.00011615010053958,0.00125739165748105,0.000394181635003666,0.00047255903572136,8.29665084666899e-05,0.000164634802182874,6.87452258343501e-05,0
0,0,0,0,0,0,0,0,0,0,0,0,0,0,0,0,0,0,0,0,0,0,0,0,0,0,0,0,0,0,0,0,0,0,0,0,0,0,0,0,0,0,0,0,0,0,0,0,0,0,0,0,0,0,0,0,0,0,0,0,0,0,0,0,0,0,0,0,4.30796170947088e-05,2.5022669293111e-05,0.000216537006743234,0.000319375122928377,0.000297357605455252,0.000130683750964812,0.00101185836436421,0.000794910873176492,0.000169726440840991,0.000104814464454382,0.000639764126239474,0.000379884951859056,0.00097982144048281,0.000247749677323299,0.000575976373558007,0.000439894028050244,0.000993254340172879,0.000106349070501865,0.000366787908278277,5.94727425469787e-05,0.000250228098714922,0.000551130570505413,0.000968046033417262,0.00160608662177474,0.000999910672412904,0.00106469915083573,0.00107852145836391,0.00156342468584511,0.000402486195646686,0.000434010354249572,0.000387872214212681,0
0,0,0,0,0,0,0,0,0,0,0,0,0,0,0,0,0,0,0,0,0,0,0,0,0,0,0,0,0,0,0,0,0,0,0,0,0,0,0,0,0,0,0,0,0,0,0,0,0,0,0,0,0,0,0,0,0,0,0,0,0,0,0,0,0,0,0,0,0.000273206512047746,0.00037027208489152,0.000233029149694675,0.000480225899352064,0.000438672485601507,0.000152538393359495,0.000962413323979154,0.000421309561882054,0.000800563578513841,0.000237218667203568,0.000463561547019395,0.00029514540226524,0.000471418498580921,0.000591793250636692,0.000638805516943173,0.000240099516796207,0.000259239401813365,0.000537415369353715,0.000370692167766526,0.00036421795941617,0.000541265554715055,0.000703059101400169,0.000718066679143054,0.000660369287929967,0.000976500111028785,0.00102426688712551,0.00150070955607496,0.0018240680667819,0.00055499177516776,0.000487832268401726,0.000202027061518218,0
0,0,0,0,0,0,0,0,0,0,0,0,0,0,0,0,0,0,0,0,0,0,0,0,0,0,0,0,0,0,0,0,0,0,0,0,0,0,0,0,0,0,0,0,0,0,0,0,0,0,0,0,0,0,0,0,0,0,0,0,0,0,0,0,0,0,0,0,0,0.000169836912084209,5.28020341415019e-05,1.31810709704507e-06,1.2058536243224e-05,0.000152774434100818,0.000612334629530009,0.000394166066717911,0.00087048111006695,0.00067458234291525,0.000501205267819553,7.56784731096644e-05,0.00034017492077657,0.000206132104059127,0.000729683759938368,0.000368165415401045,0.000145949454227322,0.000451240992895039,4.59838963345425e-05,0.000387394054079206,0.000456349939629056,0.000878472461278965,0.000493174095720607,0.000402146986220484,0.000821624763814333,0.00124266587086178,0.0013404868790485,0.0023136161813246,0.001273503572288,0.000269768340463293,0.00033681629819485,0.000504190725346168
0,0,0,0,0,0,0,0,0,0,0,0,0,0,0,0,0,0,0,0,0,0,0,0,0,0,0,0,0,0,0,0,0,0,0,0,0,0,0,0,0,0,0,0,0,0,0,0,0,0,0,0,0,0,0,0,0,0,0,0,0,0,0,0,0,0,0,0,0.000126837732411748,6.71468086491122e-05,0,0.000249601839601967,0.000344490994484121,0.000180839151873039,9.09043580869663e-05,0.000547382106299762,0.000891685649697744,7.89308884800553e-05,5.78904040094593e-05,2.71073571912723e-06,0.000200356761397804,0.00072527156759288,0.000769374601088642,0.000669147972207226,0.000332291020745569,0.000480855151728579,0.00050859290348365,0.000264098288256076,0.000163108062648162,0.000492706356435489,0.000613480161083966,0.00111793720463582,0.000860187759429121,0.000562775367080527,0.000422024021860791,0.00166060602209439,0.00165547347799454,0.00103699956969922,0.000854812383534724,0.00110479602825008
0,0,0,0,0,0,0,0,0,0,0,0,0,0,0,0,0,0,0,0,0,0,0,0,0,0,0,0,0,0,0,0,0,0,0,0,0,0,0,0,0,0,0,0,0,0,0,0,0,0,0,0,0,0,0,0,0,0,0,0,0,0,0,0,0,0,0,0,0.000221362262132612,0.000188917221125178,0.000102471941961857,0.000110894579513439,8.41165985536677e-05,0.000375322217360619,0.000307175569953189,0.000274499956115489,0.000924314764079973,0.000302935887008113,0.000100505677568358,0.000347241176909527,0.000128583091018316,0.000723494509633068,0.000686873541423128,0.00124889590997165,0.000204470991785147,0.000146624538141762,3.38870681716328e-05,9.61018143981996e-05,2.90380162253776e-05,0.00029740901371458,0.000977424713254632,0.000914016895768657,0.000815333098550298,0.000572307116026351,0.00092780224059715,0.000600141795683124,0.00169335683885697,0.00216881819350682,0.00152477226772534,0.00100744369330944
0,0,0,0,0,0,0,0,0,0,0,0,0,0,0,0,0,0,0,0,0,0,0,0,0,0,0,0,0,0,0,0,0,0,0,0,0,0,0,0,0,0,0,0,0,0,0,0,0,0,0,0,0,0,0,0,0,0,0,0,0,0,0,0,0,0,0,0,0.000116562985007731,0.00038374058693402,0.000326475195157187,0.000307897634128915,0.000310420056251286,0.000389121706658832,0.000583168677420809,0.000802540912178516,0.000854434916995497,0.000171073542763817,0.000415622038500415,0.000365387403359894,0.000661598679816831,0.000370323966942706,0.00102881138772268,0.000381991604085907,0.000932441459211624,0.000333925106559254,7.80572071596541e-05,0.000815402303592545,0.000762055794054144,0.000546023247670866,0.00106087639011542,0.000444446549422836,0.000404464970343457,0.00112619866923519,0.000996641166420578,0.00198726404852202,0.00131285838017231,0.00166027772534806,0.000869772989417874,0.000612521221499615
0,0,0,0,0,0,0,0,0,0,0,0,0,0,0,0,0,0,0,0,0,0,0,0,0,0,0,0,0,0,0,0,0,0,0,0,0,0,0,0,0,0,0,0,0,0,0,0,0,0,0,0,0,0,0,0,0,0,0,0,0,0,0,0,0,0,0,0.000313318888947469,0.000129724302949708,0.000344660564202166,0.000469142197798919,0.000859504147170001,0.000832618921556165,0.000337007573427498,0.000325995751175698,0.000553297794783704,0.00104962163000432,0.000740765356876121,0.000745699995185404,0.000774921066886894,0.000854819909054316,0.000565448679071983,0.000484717895264043,0.000168029177457445,0.00111634127593011,0.00022556204399792,0.000627720498378305,0.000874547205123156,0.000851854608384005,0.000341203523079468,0.000137907383991464,0.000896742357443956,0.000519035464337923,0.000711652274812809,0.000850313309579386,0.00173602808712136,0.000764443461935627,0.00184605101464194,0.00217096670132914,0.0010297014550594
0,0,0,0,0,0,0,0,0,0,0,0,0,0,0,0,0,0,0,0,0,0,0,0,0,0,0,0,0,0,0,0,0,0,0,0,0,0,0,0,0,0,0,0,0,0,0,0,0,0,0,0,0,0,0,0,0,0,0,0,0,0,0,0,0,0,6.72208877265759e-05,0.000448674664319269,0.000110875100927646,0.000621345138851729,0.000702861330158507,0.00044674177481251,0.00053289626672141,0.000773278930427576,0.000481884728281993,0.000621160269318798,0.00108989505412629,0.000335383737003616,8.76898293153309e-05,0.000122764607095347,6.72992110031911e-05,0.000101145984605202,0.000808864288783294,0.000515051807244859,0.000492501397075047,6.27774596246225e-05,0.000137474061704199,0.000245473443310374,0.0011339569848558,0.00035419438028722,0.000292536129016872,0.000707893151646513,0.00103921503220561,0.000307601520263097,0.00112727223766929,0.00172544162323397,0.00151433962475336,0.00223733573567509,0.00185015533226617,0.00105326513038093
0,0,0,0,0,0,0,0,0,0,0,0,0,0,0,0,0,0,0,0,0,0,0,0,0,0,0,0,0,0,0,0,0,0,0,0,0,0,0,0,0,0,0,0,0,0,0,0,0,0,0,0,0,0,0,0,0,0,0,0,0,0,0,0,0,0,7.78963341493871e-06,0.000144756918867354,0.000674837292392468,0.000225825476316544,0.000470921746045473,0.000396940713088258,0.000496912590879734,0.00100157556060056,0.000686142203907906,0.000998513970693308,0.000786020934546471,0.000471913839521748,3.40720764341562e-05,0.000345006203983974,0.000411589322705073,0.000206936647011489,0.000664469162112892,0.00105949115995732,0.00145428268827337,0.00029559529837127,0,0.000167747812520154,0.000628161608401128,0.000898247957459425,0.000116954289824906,0.000167935341945422,0.00115885226743185,0.000507720593200462,0.000379682540384461,0.000544822218855496,0.00127698012736446,0.00195234622592046,0.00302607848382988,0.00137871081252691
0,0,0,0,0,0,0,0,0,0,0,0,0,0,0,0,0,0,0,0,0,0,0,0,0,0,0,0,0,0,0,0,0,0,0,0,0,0,0,0,0,0,0,0,0,0,0,0,0,0,0,0,0,0,0,0,0,0,0,0,0,0,0,0,0,0,0,0,6.53983427801551e-05,0.000368062516533177,0.000106505303637862,0.000254643373764907,0.000323143524503292,0.00114017360418959,0.0003157481611886,0.000622347548101087,0.000503224308838898,2.87940500969187e-05,7.70341710638985e-05,0.000284576971892269,0.000414415792052593,0.000262746453282661,0.000385130530325657,0.000160512216978982,0.000469267114790795,0.000260363542953092,2.46418575203731e-05,0.000440864728553695,0.000141167983564318,0.000121307542464939,0.000228652623969863,0.000723532800672045,0.00138725185919677,0.000343310454780677,0.000949430196375132,0.00222429363766039,0.0021977338046991,0.00398356711062734,0.00226792711126882,0.00191328592050113
0,0,0,0,0,0,0,0,0,0,0,0,0,0,0,0,0,0,0,0,0,0,0,0,0,0,0,0,0,0,0,0,0,0,0,0,0,0,0,0,0,0,0,0,0,0,0,0,0,0,0,0,0,0,0,0,0,0,0,0,0,0,0,0,0,0,0,0.000159332736561575,0.000271971980412232,0.000297444288527108,0.000105913231837091,0.000288700318370428,0.000467880042234487,0.00105141139666588,0.000257403082040132,0.000339410867276959,0.000347074178120666,0.000888656593264354,0.000339103734216933,0.000810313136257105,0.000279847214958579,0.000225986572607943,0.00032047990232936,0.000590447507400775,0.000794416477779923,0.00086854107504702,0.000436947451611325,0.000712926043067061,0.000474969310064404,0.000187146555580547,0.000346730666867391,0.000857708139867163,0.000360036882226371,0.000580667763807712,0.00118218099577842,0.00213075845215423,0.00147827049647397,0.00193138047944042,0.00290863751140504,0.00330406600502399
0,0,0,0,0,0,0,0,0,0,0,0,0,0,0,0,0,0,0,0,0,0,0,0,0,0,0,0,0,0,0,0,0,0,0,0,0,0,0,0,0,0,0,0,0,0,0,0,0,0,0,0,0,0,0,0,0,0,0,0,0,0,0,0,0,0,0,6.35062815678219e-05,0.000135841410417803,0.000830181019618443,0.00067821237934259,0.000733989397581848,0.000599012017452593,0.000785731478365826,0.000711016089436116,0.00070901082639346,0.00116441986307546,0.000643199072046083,0.00048920888447178,0.00113200172819958,0.000804691962640599,0.000985188719681734,0.000223675094475114,0.000897661964362271,0.00053740010776044,0.000439228532576352,0.000146270894361775,0.000842597246607488,0.00124473033554492,0.000741739467161882,0.000411751269762301,0.00110520971356917,0.000751314629575181,0.000593212531409166,0.00159838935915428,0.000867681621509601,0.000929708774967405,0.0030510842494914,0.00379249669678807,0.00244081881742531
0,0,0,0,0,0,0,0,0,0,0,0,0,0,0,0,0,0,0,0,0,0,0,0,0,0,0,0,0,0,0,0,0,0,0,0,0,0,0,0,0,0,0,0,0,0,0,0,0,0,0,0,0,0,0,0,0,0,0,0,0,0,0,0,0,0,0,0.000132944022185806,0.000636547801796383,0.0012747110319487,0.00117885552028369,0.00101151025018771,0.000477496990787051,0.000752605739706391,0.00085066046671013,0.000842563814712605,0.000822077437288441,0.000511915232689981,0.000272166500795445,0.000506164455988942,0.000634327344506825,0.000492366729857286,0.000148083073440242,0.000323276175105062,0.00081841442095339,0.000288415498371033,0.000356057321507067,9.65600073186087e-05,0.000725134724980237,0.000580057301771313,0.000396741282585322,0.000452476090368962,0.00119807665238799,0.00179563617491126,0.00256387166574459,0.000946598051371086,0.00204746715473982,0.00261346337971367,0.00373053406479728,0.00391956347018492
0,0,0,0,0,0,0,0,0,0,0,0,0,0,0,0,0,0,0,0,0,0,0,0,0,0,0,0,0,0,0,0,0,0,0,0,0,0,0,0,0,0,0,0,0,0,0,0,0,0,0,0,0,0,0,0,0,0,0,0,0,0,0,0,0,0,0,3.44525529099173e-06,0.000370573756573372,0.000133749785212517,0.000105202861991383,0.000343966297040049,0.000414958868293527,0.000750993010182782,0.00108058176497469,0.00163498440926488,0.000924114986425694,0.00102385087014349,0.00110832054854089,0.000611001732872855,0.000569800306677676,0.00114388160967815,0.00186562676572166,0.000193673993897162,0.000193748010396667,0.000590387928775252,0.000744004602664767,0.000543897420868287,0.00118537180084031,0.00188671494590921,0.0023040759601159,0.00164266456275447,0.000582177900445207,0.0020272856293909,0.00331959978275826,0.00343755274164744,0.00365107155767105,0.00349223756703276,0.00333031207641729,0.00453626692763982
0,0,0,0,0,0,0,0,0,0,0,0,0,0,0,0,0,0,0,0,0,0,0,0,0,0,0,0,0,0,0,0,0,0,0,0,0,0,0,0,0,0,0,0,0,0,0,0,0,0,0,0,0,0,0,0,0,0,0,0,0,0,0,0,0,0,0,1.8162672249104e-05,0.000402115307103643,8.63807681139798e-06,0.000887439982280705,0.000510240081669242,0.00107518135292153,0.00211732667552215,0.000901611226309919,0.000509398495530329,0.000934597414462762,0.00067800044116238,0.00133004386389233,0.00174914897617083,0.000887653601647772,0.00102421182774252,0.00076222202446648,0.000233879757255022,0.000463691776673335,0.00101934393589462,0.00148552526596393,0.000520567893626963,0.000954294373925031,0.00282921824197673,0.00279307360844718,0.00150619905702042,0.00200725734762436,0.00217424729502492,0.00246615478667052,0.00370979393550912,0.00388887630334558,0.00535619847104216,0.00359347419267906,0.00501541777090359
0,0,0,0,0,0,0,0,0,0,0,0,0,0,0,0,0,0,0,0,0,0,0,0,0,0,0,0,0,0,0,0,0,0,0,0,0,0,0,0,0,0,0,0,0,0,0,0,0,0,0,0,0,0,0,0,0,0,0,0,0,0,0,0,0,0,0,0,0,4.79982765843477e-05,0.000766914253618523,0.000143013037353845,0.000692563968877283,0.000455411642054943,0.000133482806352055,0.000790573281290028,0.000597841026026972,0.00055039026956643,0.000613025879292512,0.00110781881889634,0.000626807276415634,0.000998026371261248,0.000475362822306654,0.000369403808458763,0.001196039575805,0.000614121688323849,0.00135191786965133,0.000943184676577,0.00135006508568782,0.00360769702341201,0.00335496567425333,0.00334677964154958,0.00378783784364635,0.00395537047931725,0.00431020971528904,0.00335343946347053,0.00514005701981198,0.00472104868078398,0.00327366540129547,0.0024724268194591
0,0,0,0,0,0,0,0,0,0,0,0,0,0,0,0,0,0,0,0,0,0,0,0,0,0,0,0,0,0,0,0,0,0,0,0,0,0,0,0,0,0,0,0,0,0,0,0,0,0,0,0,0,0,0,0,0,0,0,0,0,0,0,0,0,0,0,0,0,0,0,0,0.000630698929510294,0.000218824430535446,0.000349580906522604,0.000793606032941408,0.00113969831275577,0.000336214315677009,0.00053783705194169,0.000947098064644708,0.00119476090261083,0.00106973166132442,0.00060058656466106,0.000603309142182061,0.00138477846226971,0.00147768210753944,0.00113911246339838,0.00147000686471671,0.00135312768299328,0.00202925361905279,0.00246075198197963,0.00371719097241954,0.00344134254119822,0.00444372819422764,0.00585065040669349,0.00462558941728601,0.00663771431998224,0.00490765521974287,0.0024579812097359,0.000776926873582192
0,0,0,0,0,0,0,0,0,0,0,0,0,0,0,0,0,0,0,0,0,0,0,0,0,0,0,0,0,0,0,0,0,0,0,0,0,0,0,0,0,0,0,0,0,0,0,0,0,0,0,0,0,0,0,0,0,0,0,0,0,0,0,0,0,0,0,0,0,0,0,0,8.47173387573587e-05,0.000471928958628968,0.000568139755471876,0.000835921582601778,0.000660819999678345,0.000985291217700746,0.000714311071135155,0.00108889302541342,0.00162318156465223,0.00115582048427242,0.000873086917261328,0.000470885806630507,0.000988721147899819,0.00186804007632649,0.00110075129030517,0.000804475123676038,0.00194018916603298,0.00344895950257884,0.00243738850191021,0.00370551764361017,0.00512066322459238,0.00450263044428876,0.00430136351811742,0.00454014601728098,0.00701361579078231,0.00422786281295336,0.00281947099809421,0.00090987675898567
0,0,0,0,0,0,0,0,0,0,0,0,0,0,0,0,0,0,0,0,0,0,0,0,0,0,0,0,0,0,0,0,0,0,0,0,0,0,0,0,0,0,0,0,0,0,0,0,0,0,0,0,0,0,0,0,0,0,0,0,0,0,0,0,0,0,0,0,0,0,0.000115441704398775,0.00030905935073706,0,0.000175621907349388,0.00103124935058957,0.0021666784950828,0.00134983176997949,0.00143840622095208,0.000786562121237722,0.000790407786511568,0.000943317370176649,0.00149073224075303,0.0026317644247484,0.00068349319935442,0.000969374732243807,0.00205172060348872,0.00126936290022902,0.00159115545811614,0.00145253696943493,0.0024978222640502,0.00291462716502837,0.00317694124206794,0.00372834486119888,0.00546550163291507,0.0059167870848605,0.00631008939708695,0.00408474664595128,0.0034503100972518,0.0033297258263986,0.00151299692459981
0,0,0,0,0,0,0,0,0,0,0,0,0,0,0,0,0,0,0,0,0,0,0,0,0,0,0,0,0,0,0,0,0,0,0,0,0,0,0,0,0,0,0,0,0,0,0,0,0,0,0,0,0,0,0,0,0,0,0,0,0,0,0,0,0,0,0,0,0,0,2.05316966117775e-05,5.49672482523877e-05,0,0.000228011881319357,0.000838143082552179,0.00107802619425104,0.00159116249620403,0.00225168849601841,0.00175008482550647,0.00185190056695945,0.000864440669697592,0.000348454174444737,0.000921384632507261,0.00206558267901077,0.00276628606936378,0.00233824239658111,0.000917631313869742,0.00283014971817188,0.00167841298641386,0.00242037879395453,0.00306253524607358,0.002833836997624,0.00430670979385861,0.00421213509681408,0.00579988977721111,0.00487640199613919,0.00414496525454332,0.00317701865182826,0.00195828209341869,0.00140135128149866
0,0,0,0,0,0,0,0,0,0,0,0,0,0,0,0,0,0,0,0,0,0,0,0,0,0,0,0,0,0,0,0,0,0,0,0,0,0,0,0,0,0,0,0,0,0,0,0,0,0,0,0,0,0,0,0,0,0,0,0,0,0,0,0,0,0,0,0,0,0,0,0,4.93320085317892e-05,0.00107736465722898,0.000714342652627907,0.000729446155307211,0.00120238200713536,0.00170994288540135,0.0018514407821998,0.00242353981272535,0.00122332312049022,0.00120480402721756,0.00231097687220031,0.00386886251713682,0.00283333451678247,0.00147360410508214,0.00134419177608417,0.00288812913150708,0.00178083473757941,0.0027101491339659,0.00423303558693519,0.00318426900988045,0.00330566074331682,0.00435097139302288,0.00464357455265321,0.00507126626951828,0.00262846816449274,0.00114926704897373,0.000639224870755233,0.000490401955696926
0,0,0,0,0,0,0,0,0,0,0,0,0,0,0,0,0,0,0,0,0,0,0,0,0,0,0,0,0,0,0,0,0,0,0,0,0,0,0,0,0,0,0,0,0,0,0,0,0,0,0,0,0,0,0,0,0,0,0,0,0,0,0,0,0,0,0,0,0,0,0,0,0.000144468223027668,0.000328527418112057,0.000464299924137205,0.000462163337960182,0.00128725102062902,0.0017558836660093,0.000898202328102506,0.00185659426890763,0.00154723982212311,0.00199394254653725,0.00212058293733592,0.002691687696695,0.00240643002434788,0.0032313648706306,0.00313812424262267,0.00351313433135003,0.00269898315730363,0.00311751191158874,0.00365860466852181,0.00192719753949019,0.00346204448445196,0.00575716969430987,0.00435271822457605,0.00287077952682853,0.00309275978705319,0.00141305163939709,0.00103243981990584,0.000134807483885103
0,0,0,0,0,0,0,0,0,0,0,0,0,0,0,0,0,0,0,0,0,0,0,0,0,0,0,0,0,0,0,0,0,0,0,0,0,0,0,0,0,0,0,0,0,0,0,0,0,0,0,0,0,0,0,0,0,0,0,0,0,0,0,0,0,0,0,0,0,0,0,0,0,0,0,0,0.000281442392114406,0.000282347220918561,0.000317561241110591,0.00191818599794106,0.00175719005621917,0.00196782997937684,0.00138283260053417,0.00187419175322726,0.00187762161761741,0.00276991043821517,0.00252271424515882,0.00331894397793112,0.00286999497984544,0.00217663149011785,0.00397470751962748,0.00346319753229469,0.00297929590345149,0.0032130280985675,0.00196647667803771,0.00153993903316938,0.00148528855513154,0.000320477455212987,0.000163294806601623,0.000108507541763304
0,0,0,0,0,0,0,0,0,0,0,0,0,0,0,0,0,0,0,0,0,0,0,0,0,0,0,0,0,0,0,0,0,0,0,0,0,0,0,0,0,0,0,0,0,0,0,0,0,0,0,0,0,0,0,0,0,0,0,0,0,0,0,0,0,0,0,0,0,0,0,0,0,0,0,0,0.000216049124104702,9.31864482040273e-05,2.10747391336765e-05,0.000221424679751884,0.00092795178874147,0.000896732186751623,0.00126229559403871,0.00124198891360449,0.00156652382711596,0.000458054366612169,0.000747161917161862,0.00244389894929033,0.00197634358990441,0.0018986827351914,0.00197223125077697,0.00309920478985754,0.00255176036895245,0.00141211989451325,0.000961724694360215,0.000420273123074262,0.000112971028960285,0.000233075336648123,0.000236828982931269,0
0,0,0,0,0,0,0,0,0,0,0,0,0,0,0,0,0,0,0,0,0,0,0,0,0,0,0,0,0,0,0,0,0,0,0,0,0,0,0,0,0,0,0,0,0,0,0,0,0,0,0,0,0,0,0,0,0,0,0,0,0,0,0,0,0,0,0,0,0,0,0,0,0,0,0,0,0,0,9.69622976357293e-05,0.000318408298945234,6.11224793664095e-05,0.000139368576102194,0.000467306378115979,0.00049276917896909,0.000901601710020763,7.87219905486784e-05,0.00106251771426142,0.00126390593031434,0.00112588799259728,0.000958282113000444,0.000245005706144344,0.000719542962013504,0.000838894306144316,0.000391906571747907,0.00124125546262087,0.000156567786354854,3.10585945052809e-05,0,0,0
0,0,0,0,0,0,0,0,0,0,0,0,0,0,0,0,0,0,0,0,0,0,0,0,0,0,0,0,0,0,0,0,0,0,0,0,0,0,0,0,0,0,0,0,0,0,0,0,0,0,0,0,0,0,0,0,0,0,0,0,0,0,0,0,0,0,0,0,0,0,0,0,0,0,0,0,0,0,0,0,0,0,0,7.20211171871789e-05,0.000655020525160822,0.000173155126020466,0.00061657856699923,0.000136828413690453,0.000170902818722172,0.00060206671190623,0.000305835854443915,0.000719217658342057,0.000722733981442692,0.000130838471802985,4.07274803354222e-05,1.5594771680701e-06,0,0,0,0
0,0,0,0,0,0,0,0,0,0,0,0,0,0,0,0,0,0,0,0,0,0,0,0,0,0,0,0,0,0,0,0,0,0,0,0,0,0,0,0,0,0,0,0,0,0,0,0,0,0,0,0,0,0,0,0,0,0,0,0,0,0,0,0,0,0,0,0,0,0,0,0,0,0,0,0,0,0,0,0,0,0,0,7.76071306295002e-05,0.000450215787605636,0.00011224024366479,4.69035380326284e-05,0,1.79404923273271e-06,0.000131354411945926,0.000289758915423682,2.87074244413004e-06,0,0,0,0,0,0,0,0
0,0,0,0,0,0,0,0,0,0,0,0,0,0,0,0,0,0,0,0,0,0,0,0,0,0,0,0,0,0,0,0,0,0,0,0,0,0,0,0,0,0,0,0,0,0,0,0,0,0,0,0,0,0,0,0,0,0,0,0,0,0,0,0,0,0,0,0,0,0,0,0,0,0,0,0,0,0,0,0,0,0,0,0,0,0,0,0,0,2.69321456045954e-05,6.69856201761353e-05,0,0,0,0,0,0,0,0,0
0,0,0,0,0,0,0,0,0,0,0,0,0,0,0,0,0,0,0,0,0,0,0,0,0,0,0,0,0,0,0,0,0,0,0,0,0,0,0,0,0,0,0,0,0,0,0,0,0,0,0,0,0,0,0,0,0,0,0,0,0,0,0,0,0,0,0,0,0,0,0,0,0,0,0,0,0,0,0,0,0,0,0,0,0,0,0,0,0,0,0,0,0,0,0,0,0,0,0,0
0,0,0,0,0,0,0,0,0,0,0,0,0,0,0,0,0,0,0,0,0,0,0,0,0,0,0,0,0,0,0,0,0,0,0,0,0,0,0,0,0,0,0,0,0,0,0,0,0,0,0,0,0,0,0,0,0,0,0,0,0,0,0,0,0,0,0,0,0,0,0,0,0,0,0,0,0,0,0,0,0,0,0,0,0,0,0,0,0,0,0,0,0,0,0,0,0,0,0,0
0,0,0,0,0,0,0,0,0,0,0,0,0,0,0,0,0,0,0,0,0,0,0,0,0,0,0,0,0,0,0,0,0,0,0,0,0,0,0,0,0,0,0,0,0,0,0,0,0,0,0,0,0,0,0,0,0,0,0,0,0,0,0,0,0,0,0,0,0,0,0,0,0,0,0,0,0,0,0,0,0,0,0,0,0,0,0,0,0,0,0,0,0,0,0,0,0,0,0,0
0,0,0,0,0,0,0,0,0,0,0,0,0,0,0,0,0,0,0,0,0,0,0,0,0,0,0,0,0,0,0,0,0,0,0,0,0,0,0,0,0,0,0,0,0,0,0,0,0,0,0,0,0,0,0,0,0,0,0,0,0,0,0,0,0,0,0,0,0,0,0,0,0,0,0,0,0,0,0,0,0,0,0,0,0,0,0,0,0,0,0,0,0,0,0,0,0,0,0,0
0,0,0,0,0,0,0,0,0,0,0,0,0,0,0,0,0,0,0,0,0,0,0,0,0,0,0,0,0,0,0,0,0,0,0,0,0,0,0,0,0,0,0,0,0,0,0,0,0,0,0,0,0,0,0,0,0,0,0,0,0,0,0,0,0,0,0,0,0,0,0,0,0,0,0,0,0,0,0,0,0,0,0,0,0,0,0,0,0,0,0,0,0,0,0,0,0,0,0,0
0,0,0,0,0,0,0,0,0,0,0,0,0,0,0,0,0,0,0,0,0,0,0,0,0,0,0,0,0,0,0,0,0,0,0,0,0,0,0,0,0,0,0,0,0,0,0,0,0,0,0,0,0,0,0,0,0,0,0,0,0,0,0,0,0,0,0,0,0,0,0,0,0,0,0,0,0,0,0,0,0,0,0,0,0,0,0,0,0,0,0,0,0,0,0,0,0,0,0,0
0,0,0,0,0,0,0,0,0,0,0,0,0,0,0,0,0,0,0,0,0,0,0,0,0,0,0,0,0,0,0,0,0,0,0,0,0,0,0,0,0,0,0,0,0,0,0,0,0,0,0,0,0,0,0,0,0,0,0,0,0,0,0,0,0,0,0,0,0,0,0,0,0,0,0,0,0,0,0,0,0,0,0,0,0,0,0,0,0,0,0,0,0,0,0,0,0,0,0,0
0,0,0,0,0,0,0,0,0,0,0,0,0,0,0,0,0,0,0,0,0,0,0,0,0,0,0,0,0,0,0,0,0,0,0,0,0,0,0,0,0,0,0,0,0,0,0,0,0,0,0,0,0,0,0,0,0,0,0,0,0,0,0,0,0,0,0,0,0,0,0,0,0,0,0,0,0,0,0,0,0,0,0,0,0,0,0,0,0,0,0,0,0,0,0,0,0,0,0,0
0,0,0,0,0,0,0,0,0,0,0,0,0,0,0,0,0,0,0,0,0,0,0,0,0,0,0,0,0,0,0,0,0,0,0,0,0,0,0,0,0,0,0,0,0,0,0,0,0,0,0,0,0,0,0,0,0,0,0,0,0,0,0,0,0,0,0,0,0,0,0,0,0,0,0,0,0,0,0,0,0,0,0,0,0,0,0,0,0,0,0,0,0,0,0,0,0,0,0,0
0,0,0,0,0,0,0,0,0,0,0,0,0,0,0,0,0,0,0,0,0,0,0,0,0,0,0,0,0,0,0,0,0,0,0,0,0,0,0,0,0,0,0,0,0,0,0,0,0,0,0,0,0,0,0,0,0,0,0,0,0,0,0,0,0,0,0,0,0,0,0,0,0,0,0,0,0,0,0,0,0,0,0,0,0,0,0,0,0,0,0,0,0,0,0,0,0,0,0,0
0,0,0,0,0,0,0,0,0,0,0,0,0,0,0,0,0,0,0,0,0,0,0,0,0,0,0,0,0,0,0,0,0,0,0,0,0,0,0,0,0,0,0,0,0,0,0,0,0,0,0,0,0,0,0,0,0,0,0,0,0,0,0,0,0,0,0,0,0,0,0,0,0,0,0,0,0,0,0,0,0,0,0,0,0,0,0,0,0,0,0,0,0,0,0,0,0,0,0,0
0,0,0,0,0,0,0,0,0,0,0,0,0,0,0,0,0,0,0,0,0,0,0,0,0,0,0,0,0,0,0,0,0,0,0,0,0,0,0,0,0,0,0,0,0,0,0,0,0,0,0,0,0,0,0,0,0,0,0,0,0,0,0,0,0,0,0,0,0,0,0,0,0,0,0,0,0,0,0,0,0,0,0,0,0,0,0,0,0,0,0,0,0,0,0,0,0,0,0,0
0,0,0,0,0,0,0,0,0,0,0,0,0,0,0,0,0,0,0,0,0,0,0,0,0,0,0,0,0,0,0,0,0,0,0,0,0,0,0,0,0,0,0,0,0,0,0,0,0,0,0,0,0,0,0,0,0,0,0,0,0,0,0,0,0,0,0,0,0,0,0,0,0,0,0,0,0,0,0,0,0,0,0,0,0,0,0,0,0,0,0,0,0,0,0,0,0,0,0,0
0,0,0,0,0,0,0,0,0,0,0,0,0,0,0,0,0,0,0,0,0,0,0,0,0,0,0,0,0,0,0,0,0,0,0,0,0,0,0,0,0,0,0,0,0,0,0,0,0,0,0,0,0,0,0,0,0,0,0,0,0,0,0,0,0,0,0,0,0,0,0,0,0,0,0,0,0,0,0,0,0,0,0,0,0,0,0,0,0,0,0,0,0,0,0,0,0,0,0,0
0,0,0,0,0,0,0,0,0,0,0,0,0,0,0,0,0,0,0,0,0,0,0,0,0,0,0,0,0,0,0,0,0,0,0,0,0,0,0,0,0,0,0,0,0,0,0,0,0,0,0,0,0,0,0,0,0,0,0,0,0,0,0,0,0,0,0,0,0,0,0,0,0,0,0,0,0,0,0,0,0,0,0,0,0,0,0,0,0,0,0,0,0,0,0,0,0,0,0,0
0,0,0,0,0,0,0,0,0,0,0,0,0,0,0,0,0,0,0,0,0,0,0,0,0,0,0,0,0,0,0,0,0,0,0,0,0,0,0,0,0,0,0,0,0,0,0,0,0,0,0,0,0,0,0,0,0,0,0,0,0,0,0,0,0,0,0,0,0,0,0,0,0,0,0,0,0,0,0,0,0,0,0,0,0,0,0,0,0,0,0,0,0,0,0,0,0,0,0,0
0,0,0,0,0,0,0,0,0,0,0,0,0,0,0,0,0,0,0,0,0,0,0,0,0,0,0,0,0,0,0,0,0,0,0,0,0,0,0,0,0,0,0,0,0,0,0,0,0,0,0,0,0,0,0,0,0,0,0,0,0,0,0,0,0,0,0,0,0,0,0,0,0,0,0,0,0,0,0,0,0,0,0,0,0,0,0,0,0,0,0,0,0,0,0,0,0,0,0,0
0,0,0,0,0,0,0,0,0,0,0,0,0,0,0,0,0,0,0,0,0,0,0,0,0,0,0,0,0,0,0,0,0,0,0,0,0,0,0,0,0,0,0,0,0,0,0,0,0,0,0,0,0,0,0,0,0,0,0,0,0,0,0,0,0,0,0,0,0,0,0,0,0,0,0,0,0,0,0,0,0,0,0,0,0,0,0,0,0,0,0,0,0,0,0,0,0,0,0,0
0,0,0,0,0,0,0,0,0,0,0,0,0,0,0,0,0,0,0,0,0,0,0,0,0,0,0,0,0,0,0,0,0,0,0,0,0,0,0,0,0,0,0,0,0,0,0,0,0,0,0,0,0,0,0,0,0,0,0,0,0,0,0,0,0,0,0,0,0,0,0,0,0,0,0,0,0,0,0,0,0,0,0,0,0,0,0,0,0,0,0,0,0,0,0,0,0,0,0,0
0,0,0,0,0,0,0,0,0,0,0,0,0,0,0,0,0,0,0,0,0,0,0,0,0,0,0,0,0,0,0,0,0,0,0,0,0,0,0,0,0,0,0,0,0,0,0,0,0,0,0,0,0,0,0,0,0,0,0,0,0,0,0,0,0,0,0,0,0,0,0,0,0,0,0,0,0,0,0,0,0,0,0,0,0,0,0,0,0,0,0,0,0,0,0,0,0,0,0,0
