0,0,0,0,0,0,0,0,0,0,0,0,0,0,0,0,0,0,0,0,0,0,0,0,0,0,0,0,0,0,0,0,0,0,0,0,0,0,0,0,0,0,0,0,0,0,0,0,0,0,0,0,0,0,0,0,0,0,0,0,0,0,0,0,0,0,0,0,0,0,0,0,0,0,0,0,0,0,0,0,0,0,0,0,0,0,0,0,0,0,0,0,0,0,0,0,0,0,0,0
0,0,0,0,0,0,0,0,0,0,0,0,0,0,0,0,0,0,0,0,0,0,0,0,0,0,0,0,0,0,0,0,0,0,0,0,0,0,0,0,0,0,0,0,0,0,0,0,0,0,0,0,0,0,0,0,0,0,0,0,0,0,0,0,0,0,0,0,0,0,0,0,0,0,0,0,0,0,0,0,0,0,0,0,0,0,0,0,0,0,0,0,0,0,0,0,0,0,0,0
0,0,0,0,0,0,0,0,0,0,0,0,0,0,0,0,0,0,0,0,0,0,0,0,0,0,0,0,0,0,0,0,0,0,0,0,0,0,0,0,0,0,0,0,0,0,0,0,0,0,0,0,0,0,0,0,0,0,0,0,0,0,0,0,0,0,0,0,0,0,0,0,0,0,0,0,0,0,0,0,0,0,0,0,0,0,0,0,0,0,0,0,0,0,0,0,0,0,0,0
0,0,0,0,0,0,0,0,0,0,0,0,0,0,0,0,0,0,0,0,0,0,0,0,0,0,0,0,0,0,0,0,0,0,0,0,0,0,0,0,0,0,0,0,0,0,0,0,0,0,0,0,0,0,0,0,0,0,0,0,0,0,0,0,0,0,0,0,0,0,0,0,0,0,0,0,0,0,0,0,0,0,0,0,0,0,0,0,0,0,0,0,0,0,0,0,0,0,0,0
0,0,0,0,0,0,0,0,0,0,0,0,0,0,0,0,0,0,0,0,0,0,0,0,0,0,0,0,0,0,0,0,0,0,0,0,0,0,0,0,0,0,0,0,0,0,0,0,0,0,0,0,0,0,0,0,0,0,0,0,0,0,0,0,0,0,0,0,0,0,0,0,0,0,0,0,0,0,0,0,0,0,0,0,0,0,0,0,0,0,0,0,0,0,0,0,0,0,0,0
0,0,0,0,0,0,0,0,0,0,0,0,0,0,0,0,0,0,0,0,0,0,0,0,0,0,0,0,0,0,0,0,0,0,0,0,0,0,0,0,0,0,0,0,0,0,0,0,0,0,0,0,0,0,0,0,0,0,0,0,0,0,0,0,0,0,0,0,0,0,0,0,0,0,0,0,0,0,0,0,0,0,0,0,0,0,0,0,0,0,0,0,0,0,0,0,0,0,0,0
0,0,0,0,0,0,0,0,0,0,0,0,0,0,0,0,0,0,0,0,0,0,0,0,0,0,0,0,0,0,0,0,0,0,0,0,0,0,0,0,0,0,0,0,0,0,0,0,0,0,0,0,0,0,0,0,0,0,0,0,0,0,0,0,0,0,0,0,0,0,0,0,0,0,0,0,0,0,0,0,0,0,0,0,0,0,0,0,0,0,0,0,0,0,0,0,0,0,0,0
0,0,0,0,0,0,0,0,0,0,0,0,0,0,0,0,0,0,0,0,0,0,0,0,0,0,0,0,0,0,0,0,0,0,0,0,0,0,0,0,0,0,0,0,0,0,0,0,0,0,0,0,0,0,0,0,0,0,0,0,0,0,0,0,0,0,0,0,0,0,0,0,0,0,0,0,0,0,0,0,0,0,0,0,0,0,0,0,0,0,0,0,0,0,0,0,0,0,0,0
0,0,0,0,0,0,0,0,0,0,0,0,0,0,0,0,0,0,0,0,0,0,0,0,0,0,0,0,0,0,0,0,0,0,0,0,0,0,0,0,0,0,0,0,0,0,0,0,0,0,0,0,0,0,0,0,0,0,0,0,0,0,0,0,0,0,0,0,0,0,0,0,0,0,0,0,0,0,0,0,0,0,0,0,0,0,0,0,0,0,0,0,0,0,0,0,0,0,0,0
0,0,0,0,0,0,0,0,0,0,0,0,0,0,0,0,0,0,0,0,0,0,0,0,0,0,0,0,0,0,0,0,0,0,0,0,0,0,0,0,0,0,0,0,0,0,0,0,0,0,0,0,0,0,0,0,0,0,0,0,0,0,0,0,0,0,0,0,0,0,0,0,0,0,0,0,0,0,0,0,0,0,0,0,0,0,0,0,0,0,0,0,0,0,0,0,0,0,0,0
0,0,0,0,0,0,0,0,0,0,0,0,0,0,0,0,0,0,0,0,0,0,0,0,0,0,0,0,0,0,0,0,0,0,0,0,0,0,0,0,0,0,0,0,0,0,0,0,0,0,0,0,0,0,0,0,0,0,0,0,0,0,0,0,0,0,0,0,0,0,0,0,0,0,0,0,0,0,0,0,0,0,0,0,0,0,0,0,0,0,0,0,0,0,0,0,0,0,0,0
0,0,0,0,0,0,0,0,0,0,0,0,0,0,0,0,0,0,0,0,0,0,0,0,0,0,0,0,0,0,0,0,0,0,0,0,0,0,0,0,0,0,0,0,0,0,0,0,0,0,0,0,0,0,0,0,0,0,0,0,0,0,0,0,0,0,0,0,0,0,0,0,0,0,0,0,0,0,0,0,0,0,0,0,0,0,0,0,0,0,0,0,0,0,0,0,0,0,0,0
0,0,0,0,0,0,0,0,0,0,0,0,0,0,0,0,0,0,0,0,0,0,0,0,0,0,0,0,0,0,0,0,0,0,0,0,0,0,0,0,0,0,0,0,0,0,0,0,0,0,0,0,0,0,0,0,0,0,0,0,0,0,0,0,0,0,0,0,0,0,0,0,0,0,0,0,0,0,0,0,0,0,0,0,0,0,0,0,0,0,0,0,0,0,0,0,0,0,0,0
0,0,0,0,0,0,0,0,0,0,0,0,0,0,0,0,0,0,0,0,0,0,0,0,0,0,0,0,0,0,0,0,0,0,0,0,0,0,0,0,0,0,0,0,0,0,0,0,0,0,0,0,0,0,0,0,0,0,0,0,0,0,0,0,0,0,0,0,0,0,0,0,0,0,0,0,0,0,0,0,0,0,0,0,0,0,0,0,0,0,0,0,0,0,0,0,0,0,0,0
0,0,0,0,0,0,0,0,0,0,0,0,0,0,0,0,0,0,0,0,0,0,0,0,0,0,0,0,0,0,0,0,0,0,0,0,0,0,0,0,0,0,0,0,0,0,0,0,0,0,0,0,0,0,0,0,0,0,0,0,0,0,0,0,0,0,0,0,0,0,0,0,0,0,0,0,0,0,0,0,0,0,0,0,0,0,0,0,0,0,0,0,0,0,0,0,0,0,0,0
0,0,0,0,0,0,0,0,0,0,0,0,0,0,0,0,0,0,0,0,0,0,0,0,0,0,0,0,0,0,0,0,0,0,0,0,0,0,0,0,0,0,0,0,0,0,0,0,0,0,0,0,0,0,0,0,0,0,0,0,0,0,0,0,0,0,0,0,0,0,0,0,0,0,0,0,0,0,0,0,0,0,0,0,0,0,0,0,0,0,0,0,0,0,0,0,0,0,0,0
0,0,0,0,0,0,0,0,0,0,0,0,0,0,0,0,0,0,0,0,0,0,0,0,0,0,0,0,0,0,0,0,0,0,0,0,0,0,0,0,0,0,0,0,0,0,0,0,0,0,0,0,0,0,0,0,0,0,0,0,0,0,0,0,0,0,0,0,0,0,0,0,0,0,0,0,0,0,0,0,0,0,0,0,0,0,0,0,0,0,0,0,0,0,0,0,0,0,0,0
0,0,0,0,0,0,0,0,0,0,0,0,0,0,0,0,0,0,0,0,0,0,0,0,0,0,0,0,0,0,0,0,0,0,0,0,0,0,0,0,0,0,0,0,0,0,0,0,0,0,0,0,0,0,0,0,0,0,0,0,0,0,0,0,0,0,0,0,0,0,0,0,0,0,0,0,0,0,0,0,0,0,0,0,0,0,0,0,0,0,0,0,0,0,0,0,0,0,0,0
0,0,0,0,0,0,0,0,0,0,0,0,0,0,0,0,0,0,0,0,0,0,0,0,0,0,0,0,0,0,0,0,0,0,0,0,0,0,0,0,0,0,0,0,0,0,0,0,0,0,0,0,0,0,0,0,0,0,0,0,0,0,0,0,0,0,0,0,0,0,0,0,0,0,0,0,0,0,0,0,0,0,0,0,0,0,0,0,0,0,0,0,0,0,0,0,0,0,0,0
0,0,0,0,0,0,0,0,0,0,0,0,0,0,0,0,0,0,0,0,0,0,0,0,0,0,0,0,0,0,0,0,0,0,0,0,0,0,0,0,0,0,0,0,0,0,0,0,0,0,0,0,0,0,0,0,0,0,0,0,0,0,0,0,0,0,0,0,0,0,0,0,0,0,0,0,0,0,0,0,0,0,0,0,0,0,0,0,0,0,0,0,0,0,0,0,0,0,0,0
0,0,0,0,0,0,0,0,0,0,0,0,0,0,0,0,0,0,0,0,0,0,0,0,0,0,0,0,0,0,0,0,0,0,0,0,0,0,0,0,0,0,0,0,0,0,0,0,0,0,0,0,0,0,0,0,0,0,0,0,0,0,0,0,0,0,0,0,0,0,0,0,0,0,0,0,0,0,0,0,0,0,0,0,0,0,0,0,0,0,0,0,0,0,0,0,0,0,0,0
0,0,0,0,0,0,0,0,0,0,0,0,0,0,0,0,0,0,0,0,0,0,0,0,0,0,0,0,0,0,0,0,0,0,0,0,0,0,0,0,0,0,0,0,0,0,0,0,0,0,0,0,0,0,0,0,0,0,0,0,0,0,0,0,0,0,0,0,0,0,0,0,0,0,0,0,0,0,0,0,0,0,0,0,0,0,0,0,0,0,0,0,0,0,0,0,0,0,0,0
0,0,0,0,0,0,0,0,0,0,0,0,0,0,0,0,0,0,0,0,0,0,0,0,0,0,0,0,0,0,0,0,0,0,0,0,0,0,0,0,0,0,0,0,0,0,0,0,0,0,0,0,0,0,0,0,0,0,0,0,0,0,0,0,0,0,0,0,0,0,0,0,0,0,0,0,0,0,0,0,0,0,0,0,0,0,0,0,0,0,0,0,0,0,0,0,0,0,0,0
0,0,0,0,0,0,0,0,0,0,0,0,0,0,0,0,0,0,0,0,0,0,0,0,0,0,0,0,0,0,0,0,0,0,0,0,0,0,0,0,0,0,0,0,0,0,0,0,0,0,0,0,0,0,0,0,0,0,0,0,0,0,0,0,0,0,0,0,0,0,0,0,0,0,0,0,0,0,0,0,0,0,0,0,0,0,0,0,0,0,0,0,0,0,0,0,0,0,0,0
0,0,0,0,0,0,0,0,0,0,0,0,0,0,0,0,0,0,0,0,0,0,0,0,0,0,0,0,0,0,0,0,0,0,0,0,0,0,0,0,0,0,0,0,0,0,0,0,0,0,0,0,0,0,0,0,0,0,0,0,0,0,0,0,0,0,0,0,0,0,0,0,0,0,0,0,0,0,0,0,0,0,0,0,0,0,0,0,0,0,0,0,0,0,0,0,0,0,0,0
0,0,0,0,0,0,0,0,0,0,0,0,0,0,0,0,0,0,0,0,0,0,0,0,0,0,0,0,0,0,0,0,0,0,0,0,0,0,0,0,0,0,0,0,0,0,0,0,0,0,0,0,0,0,0,0,0,0,0,0,0,0,0,0,0,0,0,0,0,0,0,0,0,0,0,0,0,0,0,0,0,0,0,0,0,0,0,0,0,0,0,0,0,0,0,0,0,0,0,0
0,0,0,0,0,0,0,0,0,0,0,0,0,0,0,0,0,0,0,0,0,0,0,0,0,0,0,0,0,0,0,0,0,0,0,0,0,0,0,0,0,0,0,0,0,0,0,0,0,0,0,0,0,0,0,0,0,0,0,0,0,0,0,0,0,0,0,0,0,0,0,0,0,0,0,0,0,0,0,0,0,0,0,0,0,0,0,0,0,0,0,0,0,0,0,0,0,0,0,0
0,0,0,0,0,0,0,0,0,0,0,0,0,0,0,0,0,0,0,0,0,0,0,0,0,0,0,0,0,0,0,0,0,0,0,0,0,0,0,0,0,0,0,0,0,0,0,0,0,0,0,0,0,0,0,0,0,0,0,0,0,0,0,0,0,0,0,0,0,0,0,0,0,0,0,0,0,0,0,0,0,0,0,0,0,0,0,0,0,0,0,0,0,0,0,0,0,0,0,0
0,0,0,0,0,0,0,0,0,0,0,0,0,0,0,0,0,0,0,0,0,0,0,0,0,0,0,0,0,0,0,0,0,0,0,0,0,0,0,0,0,0,0,0,0,0,0,0,0,0,0,0,0,0,0,0,0,0,0,0,0,0,0,0,0,0,0,0,0,0,0,0,0,0,0,0,0,0,0,0,0,0,0,0,0,0,0,0,0,0,0,0,0,0,0,0,0,0,0,0
0,0,0,0,0,0,0,0,0,0,0,0,0,0,0,0,0,0,0,0,0,0,0,0,0,0,0,0,0,0,0,0,0,0,0,0,0,0,0,0,0,0,0,0,0,0,0,0,0,0,0,0,0,0,0,0,0,0,0,0,0,0,0,0,0,0,0,0,0,0,0,0,0,0,0,0,0,0,0,0,0,0,0,0,0,0,0,0,0,0,0,0,0,0,0,0,0,0,0,0
0,0,0,0,0,0,0,0,0,0,0,0,0,0,0,0,0,0,0,0,0,0,0,0,0,0,0,0,0,0,0,0,0,0,0,0,0,0,0,0,0,0,0,0,0,0,0,0,0,0,0,0,0,0,0,0,0,0,0,0,0,0,0,0,0,0,0,0,0,0,0,0,0,0,0,0,0,0,0,0,0,0,0,0,0,0,0,0,0,0,0,0,0,0,0,0,0,0,0,0
0,0,0,0,0,0,0,0,0,0,0,0,0,0,0,0,0,0,0,0,0,0,0,0,0,0,0,0,0,0,0,0,0,0,0,0,0,0,0,0,0,0,0,0,0,0,0,0,0,0,0,0,0,0,0,0,0,0,0,0,0,0,0,0,0,0,0,0,0,0,0,0,0,0,0,0,0,0,0,0,0,0,0,0,0,0,0,0,0,0,0,0,0,0,0,0,0,0,0,0
0,0,0,0,0,0,0,0,0,0,0,0,0,0,0,0,0,0,0,0,0,0,0,0,0,0,0,0,0,0,0,0,0,0,0,0,0,0,0,0,0,0,0,0,0,0,0,0,0,0,0,0,0,0,0,0,0,0,0,0,0,0,0,0,0,0,0,0,0,0,0,0,0,0,0,0,0,0,0,0,0,0,0,0,0,0,0,0,0,0,0,0,0,0,0,0,0,0,0,0
0,0,0,0,0,0,0,0,0,0,0,0,0,0,0,0,0,0,0,0,0,0,0,0,0,0,0,0,0,0,0,0,0,0,0,0,0,0,0,0,0,0,0,0,0,0,0,0,0,0,0,0,0,0,0,0,0,0,0,0,0,0,0,0,0,0,0,0,0,0,0,0,0,0,0,0,0,0,0,0,0,0,0,0,0,0,0,0,0,0,0,0,0,0,0,0,0,0,0,0
0,0,0,0,0,0,0,0,0,0,0,0,0,0,0,0,0,0,0,0,0,0,0,0,0,0,0,0,0,0,0,0,0,0,0,0,0,0,0,0,0,0,0,0,0,0,0,0,0,0,0,0,0,0,0,0,0,0,0,0,0,0,0,0,0,0,0,0,0,0,0,0,0,0,0,0,0,0,0,0,0,0,0,0,0,0,0,0,0,0,0,0,0,0,0,0,0,0,0,0
0,0,0,0,0,0,0,0,0,0,0,0,0,0,0,0,0,0,0,0,0,0,0,0,0,0,0,0,0,0,0,0,0,0,0,0,0,0,0,0,0,0,0,0,0,0,0,0,0,0,0,0,0,0,0,0,0,0,0,0,0,0,0,0,0,0,0,0,0,0,0,0,0,0,0,0,0,0,0,0,0,0,0,0,0,0,0,0,0,0,0,0,0,0,0,0,0,0,0,0
0,0,0,0,0,0,0,0,0,0,0,0,0,0,0,0,0,0,0,0,0,0,0,0,0,0,0,0,0,0,0,0,0,0,0,0,0,0,0,0,0,0,0,0,0,0,0,0,0,0,0,0,0,0,0,0,0,0,0,0,0,0,0,0,0,0,0,0,0,0,0,0,0,0,0,0,0,0,0,0,0,0,0,0,0,0,0,0,0,0,0,0,0,0,0,0,0,0,0,0
0,0,0,0,0,0,0,0,0,0,0,0,0,0,0,0,0,0,0,0,0,0,0,0,0,0,0,0,0,0,0,0,0,0,0,0,0,0,0,0,0,0,0,0,0,0,0,0,0,0,0,0,0,0,0,0,0,0,0,0,0,0,0,0,0,0,0,0,0,0,0,0,0,0,0,0,0,0,0,0,0,0,0,0,0,0,0,0,0,0,0,0,0,0,0,0,0,0,0,0
0,0,0,0,0,0,0,0,0,0,0,0,0,0,0,0,0,0,0,0,0,0,0,0,0,0,0,0,0,0,0,0,0,0,0,0,0,0,0,0,0,0,0,0,0,0,0,0,0,0,0,0,0,0,0,0,0,0,0,0,0,0.000105380771219891,4.93229388663584e-05,0,0,0,0,2.5065866324166e-05,6.08683889539526e-05,0.000160095030190252,9.22530054676087e-05,0,0,0,0,0,0,0,0,0,0,0,0,0,0,0,0,0,0,0,0,0,0,0,0,0,0,0,0,0
0,0,0,0,0,0,0,0,0,0,0,0,0,0,0,0,0,0,0,0,0,0,0,0,0,0,0,0,0,0,0,0,0,0,0,0,0,0,0,0,0,0,0,0,0,0,0,0,0,0,0,0,0,0,0,0,0,0,0,0,0,0.00023520825266693,0.000209580088956398,0.000149162473028406,0.000176684476869575,0.000826816974583136,0.000126128777357166,0.000125357530282556,0.000295498999065182,0.000166522084901992,9.08167469117805e-05,0,0,0,0,0,0,0,0,0,0,0,0,0,0,0,0,0,0,0,0,0,0,0,0,0,0,0,0,0
0,0,0,0,0,0,0,0,0,0,0,0,0,0,0,0,0,0,0,0,0,0,0,0,0,0,0,0,0,0,0,0,0,0,0,0,0,0,0,0,0,0,0,0,0,0,0,0,0,0,0,9.92436493819222e-06,2.71494055231731e-05,0.000242137205909254,0.000108084645491318,0,3.19213626980104e-06,1.16157325411149e-05,2.10495318638932e-06,3.9132783894617e-06,0,2.76854826113705e-05,0.000332545406328538,0.000938105991103905,0.000300191010760163,0.000896824687584733,0.000712675936290574,0.000428586937305417,0.000320405487762764,0.00093881581572352,9.72021479456206e-05,1.18808266942128e-05,0,0,0,0,0,0,0,0,0,0,0,0,0,0,0,0,0,0,0,0,0,0,0,0,0,0,0,0
0,0,0,0,0,0,0,0,0,0,0,0,0,0,0,0,0,0,0,0,0,0,0,0,0,0,0,0,0,0,0,0,0,0,0,0,0,0,0,0,0,0,0,0,0,0,0,0,0,0,0,0.00012392181275952,0.000339004416779114,0.00010355396804366,4.62241805557671e-05,1.93684412584361e-05,0.000235945816070546,0.000937316214250887,0.00101601078514356,0.000669140927732902,0.000528898286141666,0.000999553712070598,0.000427084748306925,0.00157663109055886,0.00171443203257649,0.001348613497497,0.000875641873656468,0.00126521829393212,0.00067987747770597,0.000895492642537615,0.00118678648056045,0.000760295730170032,0.000247174838432412,0,0,0,0,0,0,0,0,0,0,0,0,0,0,0,0,0,0,0,0,0,0,0,0,0,0,0
0,0,0,0,0,0,0,0,0,0,0,0,0,0,0,0,0,0,0,0,0,0,0,0,0,0,0,0,0,0,0,0,0,0,0,0,0,0,0,0,0,0,0,0,0,0,0,0,0,0,0,0,0,0.000213417981004812,7.90202538537406e-06,0.000290862253541295,0.000586838151302568,0.00116048398622294,0.00202413472253997,0.0010134612130424,0.000704708928066382,0.00139618988735064,0.00213587996874664,0.00229366790536798,0.00270346305178373,0.00245073840826117,0.00223573068543469,0.00375137302579611,0.00368895408558037,0.00401634148193304,0.00301153162777007,0.0012047224076681,5.83708684870145e-05,0.000805355978150089,0.000197080095683263,0,0,0,0,0,0,0,0,0,0,0,0,0,0,0,0,0,0,0,0,0,0,0,0,0
0,0,0,0,0,0,0,0,0,0,0,0,0,0,0,0,0,0,0,0,0,0,0,0,0,0,0,0,0,0,0,0,0,0,0,0,0,0,0,0,0,0,0,0,0,0,0,0,0,0,0,0,0.0001574663993988,0.000759878952169846,5.79041318705559e-05,0.000766949471468806,0.00126754886130329,0.000611709079810645,0.00175410421436997,0.00251129839500252,0.00179021167863556,0.00209739950684037,0.00358275453650926,0.00398455526406912,0.00375695914171335,0.00456757858319199,0.00265017005191977,0.00328508448940667,0.00408089613456977,0.00464378000801414,0.00467681404167449,0.00278282340759629,0.00134881424755495,0.00166477401786809,0.000314717018636837,0,0,0,0,0,0,0,0,0,0,0,0,0,0,0,0,0,0,0,0,0,0,0,0,0
0,0,0,0,0,0,0,0,0,0,0,0,0,0,0,0,0,0,0,0,0,0,0,0,0,0,0,0,0,0,0,0,0,0,0,0,0,0,0,0,0,0,0,0,0,0,0,0,0,0,0,5.04513050315e-05,0.000137534777782627,0.000786512749227577,0.00110982168035404,0.00128924441489403,0.000975278479603645,0.00117451445598412,0.0019888894119132,0.00180719499308107,0.00158343912999062,0.00172685598139342,0.00350802390586115,0.0022220401561815,0.00260042459017139,0.00359624072783848,0.00344392194997748,0.00387957759491953,0.00496099571083006,0.00625665897612802,0.00317494478807076,0.00377087553760617,0.00270048034609406,0.00143248180480827,0.000748308364714758,1.75490307690095e-05,0,0,0,0,0,0,0,0,0,0,0,0,0,0,0,0,0,0,0,0,0,0,0,0
0,0,0,0,0,0,0,0,0,0,0,0,0,0,0,0,0,0,0,0,0,0,0,0,0,0,0,0,0,0,0,0,0,0,0,0,0,0,0,0,0,0,0,0,0,0,0,6.02477790905794e-05,0.000100605561925581,8.02526465663653e-05,0.000231433240771211,0.000614561494948144,0.000517921219461468,0.00105042070107905,0.00138855812645872,0.00127012773515389,0.00134320378132965,0.00131229920358316,0.00126231978557519,0.00139403714715342,0.00168590954776039,0.00156390647966787,0.00141736093637714,0.00269064817916265,0.00212204901589388,0.00430837984555644,0.00183094192757975,0.00387594293382505,0.00424267481997307,0.00503729656196735,0.00380178931061586,0.00475164011269867,0.00468264543940804,0.0020721079227309,0.000693415461112951,0.000629533442384564,1.39587072319373e-05,0,0,0,0,0,0,0,0,0,0,0,0,0,0,0,0,0,0,0,0,0,0,0
0,0,0,0,0,0,0,0,0,0,0,0,0,0,0,0,0,0,0,0,0,0,0,0,0,0,0,0,0,0,0,0,0,0,0,0,0,0,0,0,0,0,0,0,0,0,0,0.000127027718918897,0.000587962414090547,0.000259233143006105,0.000735730035408731,0.000967034064785518,0.00162493193990539,0.000635317755000461,0.00054243549177007,0.000867065164033765,0.00130587826044871,0.000943671242764397,0.00170216251175861,0.00136593794821664,0.00178255348810048,0.000946821155299328,0.00159449984143748,0.00237566925287598,0.00282685271332557,0.00340535133264279,0.00286717089309294,0.00313868052243532,0.0026896511090236,0.00488355212425935,0.00584861319880003,0.00543046304929237,0.00571979903360203,0.00241270411246924,0.000956374712523854,0.000985768791960045,1.23056837334217e-05,0,0,0,0,0,0,0,0,0,0,0,0,0,0,0,0,0,0,0,0,0,0,0
0,0,0,0,0,0,0,0,0,0,0,0,0,0,0,0,0,0,0,0,0,0,0,0,0,0,0,0,0,0,0,0,0,0,0,0,0,0,0,0,0,0,0,0,0,0,0,7.30613113253525e-05,0.000101539842128668,0.0005073756509273,1.73296003936775e-05,0.000108881198619129,0.00137140044040736,0.000895122759660046,0.001551159007227,0.00114256033546132,0.000892577472952293,0.000780734534921936,0.00071410095591537,0.000879313798492582,0.000538255156995813,0.00094077972868649,0.000460461081774727,0.0020823653149674,0.00352326559425717,0.00355664499919254,0.00354829001284445,0.00586928196424014,0.00294933418648327,0.00459161978661736,0.00599483528314337,0.00375145303472921,0.00488195796856147,0.00303100318901348,0.00226267114146116,0.00128409795666126,0.000293777034927444,1.9138538568e-05,0,0,0,0,0,0,0,0,0,0,0,0,0,0,0,0,0,0,0,0,0,0
0,0,0,0,0,0,0,0,0,0,0,0,0,0,0,0,0,0,0,0,0,0,0,0,0,0,0,0,0,0,0,0,0,0,0,0,0,0,0,0,0,0,0,0,0,0,0,0.000381501789883701,0.000553010400797836,0.000949309280968055,4.06144947838246e-05,0.000207117501087768,0.000789403406600389,0.000394815713348937,0.00217774377263253,0.00158007249894647,0.00140300722760649,0.000799340338804112,0.000832310113289266,0.000365914067270719,0.000840544756209817,0.000906119979797922,0.0012223119404282,0.00197456653035967,0.00331256169542243,0.00443159042224119,0.00557714551240404,0.00495328302423588,0.0033294783325893,0.00424724862949396,0.00423503134146419,0.00521023537501868,0.00513008989395365,0.00485825585698174,0.00486044018566356,0.00179073939927524,0.000551826493710332,9.9148877477213e-05,0,0,0,0,0,0,0,0,0,0,0,0,0,0,0,0,0,0,0,0,0,0
0,0,0,0,0,0,0,0,0,0,0,0,0,0,0,0,0,0,0,0,0,0,0,0,0,0,0,0,0,0,0,0,0,0,0,0,0,0,0,0,0,0,0,0,0,0,0,0.000229064829975298,0.000983736657153286,0.00123407014954849,0.000463447127274439,0.000272272434757327,0.000368062557274565,0.000390926093878252,0.00102834965361115,0.000373951812398748,0.000899864479005023,0.000364460605630795,0.00125095250948391,0.000645719812775443,0.000303511402483186,0.000184971437172235,0.000568804964964657,0.000735559232256465,0.00287586909268128,0.00411427322653913,0.00587912894622452,0.00460589320930913,0.00398643713448137,0.00544145126678438,0.00387031171209174,0.00452437923703544,0.00617061571220004,0.00376558441308133,0.0042326597443835,0.00226030121212676,9.83003394306645e-05,1.291879891335e-06,8.33791632256738e-05,0,0,0,0,0,0,0,0,0,0,0,0,0,0,0,0,0,0,0,0,0
0,0,0,0,0,0,0,0,0,0,0,0,0,0,0,0,0,0,0,0,0,0,0,0,0,0,0,0,0,0,0,0,0,0,0,0,0,0,0,0,0,0,0,0.000223963648061135,9.46722424802621e-05,0,0.000140040304541098,0.000594367510169622,0.000756743812869478,0.00108368785899278,0.00135019932523229,0.000568558497881418,3.94804042981664e-05,6.21056187945336e-05,0.00161484133396077,0.000795601403717789,0.000673517563257945,0.000854232638365544,0.000744658683557118,0.00100231313622923,0.000908931351703323,0.000846150658327221,0.00160222313804771,0.00273930336924287,0.00247334653345757,0.0038558247300806,0.00510306728099157,0.00573842289058867,0.00451686194687154,0.00389004927065063,0.0040126341491868,0.00318547070949488,0.00479773336538646,0.00511615746464479,0.00367738862727089,0.00224952513463855,0.000801226230003245,6.33693772905103e-06,0.00040899201915394,0,0,0,0,0,0,0,0,0,0,0,0,0,0,0,0,0,0,0,0,0
0,0,0,0,0,0,0,0,0,0,0,0,0,0,0,0,0,0,0,0,0,0,0,0,0,0,0,0,0,0,0,0,0,0,0,0,0,0,0,0,0,0,0,0.000127477690955315,5.3886418503288e-05,0,0.000267290647183083,0.000678348701431984,0.000679175972008693,0.000624227341665709,0.00138144151423761,0.00114725418330902,0.000433735718881293,0.000214770351876284,0.000430886409908734,0.00066893333544888,0.000389463970693109,0.000476975809750982,6.40259151674822e-05,0.00100275839711048,0.000500879891143455,0.00117901919773269,0.000981669996760912,0.00203770530537558,0.00233273380762399,0.0036368336379987,0.00194503111458308,0.00234039733525975,0.00147314715082265,0.0017506137666024,0.00311394972281114,0.00517165358427859,0.00446840628021155,0.00261227772294019,0.00303620663116355,0.00166235846803571,0.00041366099388054,0,0,0,0,0,0,0,0,0,0,0,0,0,0,0,0,0,0,0,0,0,0,0
0,0,0,0,0,0,0,0,0,0,0,0,0,0,0,0,0,0,0,0,0,0,0,0,0,0,0,0,0,0,0,0,0,0,0,0,0,0,0,0,0,0,0,0,0.000238558305531718,0.000403311446739559,0.000176096022959255,0.000504763959021816,0.00108653554038182,0.000607320017800331,0.00139347466658507,0.000734520352632135,0.000725652110470773,0.000338166600619639,0.00019232067991504,0.000909554120806389,0.00048444770088822,0.000575340855850929,0.000579424533088358,0.000651605804118852,0.000615248845776462,0.000939287261241949,0.00063086479419131,0.000721403171757203,0.00107635937237212,0.00198807318962285,0.00408695753899065,0.00292660003079613,0.0017744486417495,0.00252268476581792,0.00271706373373894,0.00402829315187932,0.00427882848150593,0.00240212518417069,0.0019889556327959,0.0014457715635708,0.000534914600924707,4.27462874610278e-05,0,0,0,0,0,0,0,0,0,0,0,0,0,0,0,0,0,0,0,0,0,0
0,0,0,0,0,0,0,0,0,0,0,0,0,0,0,0,0,0,0,0,0,0,0,0,0,0,0,0,0,0,0,0,0,0,0,0,0,0,0,0,0,0,0,0,0.000146033484429193,0.000740724405290033,0.000668543326791635,0.000844453281865624,0.000190252125508811,0.000955783904850392,0.000699351597057903,0.000473344174897424,0.00022544805556576,0.000662784585379838,0.000473818732380644,0.00062737178120614,0.000628571029294966,0.000285012050186154,0.000858556111940147,0.000428242112510608,0.000376162772821587,0.000309670662480723,0.000369933289857432,0.000407612803078781,0.00122280832074993,0.00161534933485572,0.00209736874802074,0.00111050227921159,0.00110198062470792,0.00253954799610545,0.00149237390179227,0.00218253562127761,0.00336880652029673,0.00348577460234931,0.00160667639140616,0.00186279769581828,0.000781551031863066,0.000131639155186794,0,0,0,0,0,0,0,0,0,0,0,0,0,0,0,0,0,0,0,0,0,0
0,0,0,0,0,0,0,0,0,0,0,0,0,0,0,0,0,0,0,0,0,0,0,0,0,0,0,0,0,0,0,0,0,0,0,0,0,0,0,0,0,0,0,0,0.00010449342856656,0.00129615595030396,0.000379954515903728,0.000347957718705164,0.000140513706667626,0.000280437977847963,0.000652418611816787,0.000411245218894462,0.0003234958652049,0.000650580428650341,0.000259420144941479,0.000425645944462781,0.00056013136279602,0.000765848487934936,0.000714665857340208,0.000578887492655805,0.000335657381691573,0.000567316025060864,0.00074410650012967,0.000845044955189865,0.000709702053349096,0.00115204585835302,0.000751098858723368,0.000883723753583141,0.00164194444971842,0.00282551551013078,0.00162629122326839,0.00275582741683658,0.00351555983899902,0.00449357498015656,0.0018590177917157,0.00186925076175538,0.00134162383173223,5.7792277496883e-05,0,0,0,0,0,0,0,0,0,0,0,0,0,0,0,0,0,0,0,0,0,0
0,0,0,0,0,0,0,0,0,0,0,0,0,0,0,0,0,0,0,0,0,0,0,0,0,0,0,0,0,0,0,0,0,0,0,0,0,0,0,0,0,0,0,0,0.000275213641679016,0.000621270611283542,0.000602563910622757,0.000705803164745919,0.000692734130753003,0,0.000349243508548424,0.00057188312915625,3.70703487841555e-05,0.000664544015132561,0.000163366111075903,0.000379702256482744,0.000302675329762587,0.000498670861790566,0.000246863482948267,0.000313050915083157,5.09777393200984e-05,4.18085328124474e-05,0.000109050464861024,0.00143685298743596,0.000770713590634162,0.00034833776950708,8.35443974058114e-05,0.000359992920772054,0.000432059077428399,0.0010727800359386,0.00142655972087187,0.00269744028863526,0.00289411007903217,0.00250759898255776,0.00235291378774307,0.000854845611218266,0.000127714395353325,0,0,0,0,0,0,0,0,0,0,0,0,0,0,0,0,0,0,0,0,0,0,0
0,0,0,0,0,0,0,0,0,0,0,0,0,0,0,0,0,0,0,0,0,0,0,0,0,0,0,0,0,0,0,0,0,0,0,0,0,0,0,0,0,0,0,0,0,3.29467979068819e-05,0.00114428216941141,0.000287373427782764,0.000268325939486291,0.000314641120954965,0.000178265375213996,0.000178120507562788,0.000191545781882895,0.000621871346483762,0.00132469261815536,0.000838167022018847,0.000190807426937488,0.000644368127040182,0.00021206166568986,9.78252900547617e-05,0.000744334626123498,3.85223786635797e-05,8.45089306937912e-06,0.000768006457297753,0.00105964275420609,0.00095703998960365,0.000640439172434042,0.000319729746080671,0,0.000806717007381597,0.00206677018362292,0.00186362208526772,0.00161991329665698,0.00104770326287106,0.00192078799675137,0.000738585295919126,0.000103259201822326,0,0,0,0,0,0,0,0,0,0,0,0,0,0,0,0,0,0,0,0,0,0,0
0,0,0,0,0,0,0,0,0,0,0,0,0,0,0,0,0,0,0,0,0,0,0,0,0,0,0,0,0,0,0,0,0,0,0,0,0,0,0,0,0,0,0,0,0,0.000305916587520522,0.00107122285399804,0.000688232520231711,0.00110908795065797,0.000867573894096619,0.000589844053769327,0.000511915480327669,0.000455018071519443,0.000384863209936615,0.00121325026415233,0.000417239366464161,0.000814049113134984,0.000269859589564488,0.000624127314673828,0.00082409081631342,0.000669638478327805,0.000278694757961669,6.66426746053223e-05,0.00103017822107271,0.000712707067509823,0.00036953360334016,0.000247281877037316,0.000986336344735028,0.000155512101800924,0.000565065999853256,0.00206730746638195,0.00277026511939168,0.00302583859496953,0.00325580180496236,0.00223802865441743,0.0013525448306725,0.00047777333928634,0,0,0,0,0,0,0,0,0,0,0,0,0,0,0,0,0,0,0,0,0,0,0
0,0,0,0,0,0,0,0,0,0,0,0,0,0,0,0,0,0,0,0,0,0,0,0,0,0,0,0,0,0,0,0,0,0,0,0,0,0,0,0,0,0,0,0.000258722335084961,0.000199905065967269,0.000342600748152374,0.000901141380485162,0.000306443060085221,0.000547562803034913,0.000361450465255108,0.000365435563445831,0.000689687561649913,0.000384005906291135,0.00034785761435796,0.000505871261884591,0.000766858404508043,0.000239013205523945,1.25860643398085e-05,0.00019567581705949,0.00032955822093798,0.000232314459787355,0.00142906968341135,0.00101765084176443,0.00085496065546416,0.000547792413870991,0.000820968016426003,0.00109919917476711,0.00135189578046662,0.000100371149424327,0.000859085856254853,0.002361586542896,0.00277883235463024,0.00247363785031026,0.00219463727316988,0.00128770721048334,0.00142909122277112,0.000588584263374214,0.000103679133656174,0,0,0,0,0,0,0,0,0,0,0,0,0,0,0,0,0,0,0,0,0,0
0,0,0,0,0,0,0,0,0,0,0,0,0,0,0,0,0,0,0,0,0,0,0,0,0,0,0,0,0,0,0,0,0,0,0,0,0,0,0,0,0,0,0,2.3339240925733e-05,0.000224119213968002,0.000521384117704015,0.00054110853163148,0.000627685039560788,0.000926941837579021,0.000342587729418215,7.2316272426292e-05,9.41559285111282e-05,0.000856555168905211,0.00083856809953224,0.000199806462162045,1.6774232408352e-05,0,6.38469087555568e-05,0.000170782205321722,0.000103394175615757,0.000275301917895104,0.00090242534450099,0.000900037219001209,0.000767362420901832,0.00042285215540374,0.000723936260521571,0.000874411873714432,0.000803514139223202,0.000104661332454765,0.00115196986551184,0.000896488212801771,0.00171586653614256,0.00189842183668737,0.00151703351886467,0.000336986035767692,2.49285582083913e-05,0.000139417291585272,0.000200791685889035,0,0,0,0,0,0,0,0,0,0,0,0,0,0,0,0,0,0,0,0,0,0
0,0,0,0,0,0,0,0,0,0,0,0,0,0,0,0,0,0,0,0,0,0,0,0,0,0,0,0,0,0,0,0,0,0,0,0,0,0,0,0,0,0,0,0,9.74989678640445e-05,8.28961584081802e-05,1.61733637106483e-05,0.000539129009461537,0.000519432193128982,0.000488763602777982,0,3.74246962453455e-05,0.000889605842210689,0.000650957176340701,0.000318190621251195,0.000584371399360329,5.81216802646411e-06,0.000252948057355922,0.000448629643812766,2.94476311325297e-05,0.00020036551655646,0.000210471025403019,0.000119848897189205,0.000129226079718691,0.00054681455070043,0.000871068883430082,0.000330134852830032,0.00012301819443959,0.000719826364345646,0.000411486254920961,0.000746194107661499,0.00101429005397804,0.00263776001089623,0.00254414659807139,0.00102290726695046,0.000120731957117674,0,0,0,0,0,0,0,0,0,0,0,0,0,0,0,0,0,0,0,0,0,0,0,0
0,0,0,0,0,0,0,0,0,0,0,0,0,0,0,0,0,0,0,0,0,0,0,0,0,0,0,0,0,0,0,0,0,0,0,0,0,0,0,0,0,0,6.67451784843385e-05,9.2874162511607e-05,0,0,3.79544611888344e-06,0.000288548752385684,0.000528127581128962,0.000453509818779448,0.000129298668733817,5.38963356513795e-05,0.000326155672998662,0.00110548095438813,0.000481112819706776,0.000654515139945382,0.00101452866041492,2.64317484408862e-05,6.88562640242599e-05,0.00038819285168911,0,0.000273378094127419,0.000608610939174472,0.00110475222399636,0.000434494280877162,0.000393992181434694,0.00053806963620638,0.000477602598418835,0.000731730491945975,0.000434118727119576,0.00190051444579192,0.00126379734527369,0.00235375742022339,0.00178683731750312,0.00105386929431615,0.000181466273729231,0,0,0,0,0,0,0,0,0,0,0,0,0,0,0,0,0,0,0,0,0,0,0,0
0,0,0,0,0,0,0,0,0,0,0,0,0,0,0,0,0,0,0,0,0,0,0,0,0,0,0,0,0,0,0,0,0,0,0,0,0,0,0,0,0,0,0.000142330921153342,0.000198049737850712,6.36499595631094e-05,0.000341935705485737,0.000171877836433135,0.000328173508581346,0.000178502752086628,0.000214490619448975,0.000757699609256881,0.0006059936432867,0.000355041420597327,0.000350110430067216,0.000241657098228112,0.000231036738591539,0.000696517533368363,0.000256252338547181,0.000457496805355337,0.000330132304537719,0.000386839377219387,0.000349634254535716,0.000548890035905268,0.000767594390210171,0.000731612453724579,0.000742716638587291,0.00169464719081953,0.00173523966172873,0.00066329670739634,0.000492423850051542,0.00081114634027757,0.00177815547825815,0.000942616291841593,0.0013614359457066,0.00035941642018768,0,0,0,0,0,0,0,0,0,0,0,0,0,0,0,0,0,0,0,0,0,0,0,0,0
0,0,0,0,0,0,0,0,0,0,0,0,0,0,0,0,0,0,0,0,0,0,0,0,0,0,0,0,0,0,0,0,0,0,0,0,0,0,0,0,0,0,0,0,1.48167677501497e-05,7.95975672010037e-05,0,0.000283016123259501,0.000404370653676288,5.73779588901179e-05,0.000598040801579785,0.000388648714328858,0.000693147129082781,0.000169595950980648,0.000272013308697066,0.000562056317494363,0.00163688063801256,0.000645846051822068,0.000344643477182445,0.000454913288086213,0.000701703940743562,0.000457816839046624,0.000676459069480891,0.000216972407427456,0.000520843824927041,0.000969022164227248,0.00157302528670714,0.000804450843652308,0.000302063946607381,0.000203146566827086,0.00154823487954691,0.00130088238458566,0.0011617662131492,0.00100547159238898,0.00101230680253409,0,0,0,0,0,0,0,0,0,0,0,0,0,0,0,0,0,0,0,0,0,0,0,0,0
0,0,0,0,0,0,0,0,0,0,0,0,0,0,0,0,0,0,0,0,0,0,0,0,0,0,0,0,0,0,0,0,0,0,0,0,0,0,0,0,0,0,0,0,0,0,0,0.00027261351766074,1.46894387550817e-05,6.33620751203834e-05,0.000283737835744536,1.74399721527673e-05,0.000661584930292334,0.000373005887798306,0.000467340491065888,0.000574607627973399,0.0006312194596434,0.000726020456731862,0.000367352233207058,0.000585134121798129,0.000327827482699371,0.000684250443438471,0.000594427531845461,0.000408279665858954,0.000341753289513435,0.000423304350130131,0.000547076358531882,0.000486161908703024,0.000460178810538297,0.000642327219890963,0.00102686235840025,0.00205456537457732,0.000561966108483341,0.000900955965690175,0.000553020348704127,0,0,0,0,0,0,0,0,0,0,0,0,0,0,0,0,0,0,0,0,0,0,0,0,0
0,0,0,0,0,0,0,0,0,0,0,0,0,0,0,0,0,0,0,0,0,0,0,0,0,0,0,0,0,0,0,0,0,0,0,0,0,0,0,0,0,0,0,0,0,0,0.000431328560375595,0.000456860169542086,0.00016963282085545,0.000221162667013909,6.74256682896201e-05,0.000152520792183014,0.00103373115147273,0.000414853584234463,0.00024230817715492,0.000252823738088165,0.000641316262734722,0.000941929065187334,0.000355384302505869,0.00034402502874598,0.00025131353764537,6.48829894825558e-05,0.000643811593929407,0.000325088757913041,0.000414699332628987,0.000296904366047122,0.000203375740661685,0.000286492719490149,0.000679376738968634,0.00147129297591759,0.00199193601133294,0.00095648476728375,0.000178056959850314,0.000868031788889147,0.000379760058850872,2.66163921080769e-05,0,0,0,0,0,0,0,0,0,0,0,0,0,0,0,0,0,0,0,0,0,0,0,0
0,0,0,0,0,0,0,0,0,0,0,0,0,0,0,0,0,0,0,0,0,0,0,0,0,0,0,0,0,0,0,0,0,0,0,0,0,0,0,0,0,0,0,0,0,0,0.000290552326687797,0.000197814426062948,0.000174686281098023,0.00112587193181628,0.00116700424870034,0.000998552518617487,0.00167896848218748,0.00105823084407804,0.000396032592769346,0.00049991134645493,0.000270713473424383,0.000359819196862594,0.000901281784880025,0.000576459596382628,0.000489295614872706,1.3198360222356e-05,0.000180282797641991,0.00030302023018351,0.000358258788947699,0.000852589735037477,0.000447316238772153,9.28667755588599e-05,0.000207713503689683,0.00117165173963571,0.00120946309930744,0.000795243447755284,0.000557951853805494,0.000301453697538016,0.000295699068749694,9.35863714578366e-05,0,0,0,0,0,0,0,0,0,0,0,0,0,0,0,0,0,0,0,0,0,0,0,0
0,0,0,0,0,0,0,0,0,0,0,0,0,0,0,0,0,0,0,0,0,0,0,0,0,0,0,0,0,0,0,0,0,0,0,0,0,0,0,0,0,0,0,0,0,0,0,7.57231890727832e-05,0.000325110225822008,0.000275007666031699,0.000196546713759355,0.000898466704333929,0.000699770632415277,0.000360350212245188,0.000290866720980615,0.000178125003481889,6.753965375064e-05,0.000483814571004451,0.000184343465383279,0.000454295368157485,0.000560538161107848,0.000668038675035969,0.000491573391534329,0.000808142375445589,0.000387110418494508,0.000793763015086714,0.000498531469033677,0.000815044275084883,0.000922382374907303,0.00119162184387151,0.0015864194539775,0.000740198928127929,0.000213168683202884,0.000156140987310495,3.40898847968049e-05,0,0,0,0,0,0,0,0,0,0,0,0,0,0,0,0,0,0,0,0,0,0,0,0,0
0,0,0,0,0,0,0,0,0,0,0,0,0,0,0,0,0,0,0,0,0,0,0,0,0,0,0,0,0,0,0,0,0,0,0,0,0,0,0,0,0,0,0,0,0,0,0,1.87339922136855e-05,8.04325928915235e-05,0.000318520146012803,0.000162335662184465,0.000593602054159005,0.000546114631715161,0.000487292192484012,0.000140849410658107,0.000231128574105617,4.45644089625879e-05,0.00053904794563416,0.000259001858506413,0.000483002647339059,0.000390125432380071,0.000845081083760506,0.000540978678545847,0.000106339676191008,0.000547353263058246,0.000536788521166009,0.000770144328280758,0.000836947087424815,0.00113543718913089,0.000869087397661245,8.08889089154346e-05,1.32770717045065e-05,0.000185496528757754,0.000254257665602223,5.55114622904767e-05,0,0,0,0,0,0,0,0,0,0,0,0,0,0,0,0,0,0,0,0,0,0,0,0,0
0,0,0,0,0,0,0,0,0,0,0,0,0,0,0,0,0,0,0,0,0,0,0,0,0,0,0,0,0,0,0,0,0,0,0,0,0,0,0,0,0,0,0,0,0,0,0,0,0.00015040101698636,0.000312900377016822,0.000102092254311615,0.00033195522620814,0.00021216569110657,0.000286458760091676,0.000230672416289538,0.00021046869348998,0,6.64502433023344e-05,0.000126600986072368,9.09156124506611e-06,6.61343206116388e-05,0.000305081372076409,0.000516871669499527,0.000261554545761186,0.000578527984099982,0.000700586920487318,0.000143297037887274,0.000264161949804997,0.000810307589358304,0.00027122124594435,0,2.01204007808483e-05,0.000281105998756891,0,0,0,0,0,0,0,0,0,0,0,0,0,0,0,0,0,0,0,0,0,0,0,0,0,0,0
0,0,0,0,0,0,0,0,0,0,0,0,0,0,0,0,0,0,0,0,0,0,0,0,0,0,0,0,0,0,0,0,0,0,0,0,0,0,0,0,0,0,0,0,0,0,0,0,1.41013513518022e-05,0.000113983073160797,0.000381061857088832,0.000255833076754314,0.000134580844757793,0.000506313296078925,0.000153619427309611,0,0.000220678339980406,0.000173004378379918,0.000339230003946126,0.000203802752396314,4.86804874397239e-05,0.000656701956106806,0.000967452354965496,0.00111270476031912,0.0004067416819391,0.0003761570566087,0.000369070253712068,0.000142987024120355,0.000727309891034536,9.22064734618299e-05,0,0,0,0,0,0,0,0,0,0,0,0,0,0,0,0,0,0,0,0,0,0,0,0,0,0,0,0,0,0
0,0,0,0,0,0,0,0,0,0,0,0,0,0,0,0,0,0,0,0,0,0,0,0,0,0,0,0,0,0,0,0,0,0,0,0,0,0,0,0,0,0,0,0,0,0,0,0,0,3.12162863188418e-05,0.000436360606129699,3.38070727620395e-05,0.000104931819913039,0,0,8.54198189525035e-05,0.000180414374752553,4.95653855961858e-05,0.000364478513522691,0.00053123470610326,9.23926212101787e-05,5.79039282224182e-05,0.000534414224221713,0.000844297818182108,0.000309153893265307,0.000105686728158172,0,0,0.000159508412883256,2.09752226203779e-05,0.000255245331828135,3.03272635622636e-05,0,0,0,0,0,0,0,0,0,0,0,0,0,0,0,0,0,0,0,0,0,0,0,0,0,0,0,0
0,0,0,0,0,0,0,0,0,0,0,0,0,0,0,0,0,0,0,0,0,0,0,0,0,0,0,0,0,0,0,0,0,0,0,0,0,0,0,0,0,0,0,0,0,0,0,0,0,2.16462580811633e-06,3.02584817433426e-05,8.80299698659942e-05,0.000273231137458927,0,0,0.000327526232499201,6.90464328014939e-05,0,8.62484499623389e-05,8.13733853110341e-05,0.000476067333218687,0.000730549425564406,5.48849410579695e-05,0.000363539373987546,0.000268111410500443,9.8345341028994e-05,0,0,0,0,0.000191655624265352,2.277178034425e-05,0,0,0,0,0,0,0,0,0,0,0,0,0,0,0,0,0,0,0,0,0,0,0,0,0,0,0,0
0,0,0,0,0,0,0,0,0,0,0,0,0,0,0,0,0,0,0,0,0,0,0,0,0,0,0,0,0,0,0,0,0,0,0,0,0,0,0,0,0,0,0,0,0,0,0,0,0,0,0,0,0,0,0,0,0,0,0,1.94704765902355e-05,0.000204325349133072,1.68447384772124e-05,5.86760214451725e-07,0.00017662965106739,3.99997707646562e-05,0,0,0,0,0,0,0,0,0,0,0,0,0,0,0,0,0,0,0,0,0,0,0,0,0,0,0,0,0,0,0,0,0,0,0
0,0,0,0,0,0,0,0,0,0,0,0,0,0,0,0,0,0,0,0,0,0,0,0,0,0,0,0,0,0,0,0,0,0,0,0,0,0,0,0,0,0,0,0,0,0,0,0,0,0,0,0,0,0,0,0,0,0,0,0,0,0,0,0,0,0,0,0,0,0,0,0,0,0,0,0,0,0,0,0,0,0,0,0,0,0,0,0,0,0,0,0,0,0,0,0,0,0,0,0
0,0,0,0,0,0,0,0,0,0,0,0,0,0,0,0,0,0,0,0,0,0,0,0,0,0,0,0,0,0,0,0,0,0,0,0,0,0,0,0,0,0,0,0,0,0,0,0,0,0,0,0,0,0,0,0,0,0,0,0,0,0,0,0,0,0,0,0,0,0,0,0,0,0,0,0,0,0,0,0,0,0,0,0,0,0,0,0,0,0,0,0,0,0,0,0,0,0,0,0
0,0,0,0,0,0,0,0,0,0,0,0,0,0,0,0,0,0,0,0,0,0,0,0,0,0,0,0,0,0,0,0,0,0,0,0,0,0,0,0,0,0,0,0,0,0,0,0,0,0,0,0,0,0,0,0,0,0,0,0,0,0,0,0,0,0,0,0,0,0,0,0,0,0,0,0,0,0,0,0,0,0,0,0,0,0,0,0,0,0,0,0,0,0,0,0,0,0,0,0
0,0,0,0,0,0,0,0,0,0,0,0,0,0,0,0,0,0,0,0,0,0,0,0,0,0,0,0,0,0,0,0,0,0,0,0,0,0,0,0,0,0,0,0,0,0,0,0,0,0,0,0,0,0,0,0,0,0,0,0,0,0,0,0,0,0,0,0,0,0,0,0,0,0,0,0,0,0,0,0,0,0,0,0,0,0,0,0,0,0,0,0,0,0,0,0,0,0,0,0
0,0,0,0,0,0,0,0,0,0,0,0,0,0,0,0,0,0,0,0,0,0,0,0,0,0,0,0,0,0,0,0,0,0,0,0,0,0,0,0,0,0,0,0,0,0,0,0,0,0,0,0,0,0,0,0,0,0,0,0,0,0,0,0,0,0,0,0,0,0,0,0,0,0,0,0,0,0,0,0,0,0,0,0,0,0,0,0,0,0,0,0,0,0,0,0,0,0,0,0
0,0,0,0,0,0,0,0,0,0,0,0,0,0,0,0,0,0,0,0,0,0,0,0,0,0,0,0,0,0,0,0,0,0,0,0,0,0,0,0,0,0,0,0,0,0,0,0,0,0,0,0,0,0,0,0,0,0,0,0,0,0,0,0,0,0,0,0,0,0,0,0,0,0,0,0,0,0,0,0,0,0,0,0,0,0,0,0,0,0,0,0,0,0,0,0,0,0,0,0
0,0,0,0,0,0,0,0,0,0,0,0,0,0,0,0,0,0,0,0,0,0,0,0,0,0,0,0,0,0,0,0,0,0,0,0,0,0,0,0,0,0,0,0,0,0,0,0,0,0,0,0,0,0,0,0,0,0,0,0,0,0,0,0,0,0,0,0,0,0,0,0,0,0,0,0,0,0,0,0,0,0,0,0,0,0,0,0,0,0,0,0,0,0,0,0,0,0,0,0
0,0,0,0,0,0,0,0,0,0,0,0,0,0,0,0,0,0,0,0,0,0,0,0,0,0,0,0,0,0,0,0,0,0,0,0,0,0,0,0,0,0,0,0,0,0,0,0,0,0,0,0,0,0,0,0,0,0,0,0,0,0,0,0,0,0,0,0,0,0,0,0,0,0,0,0,0,0,0,0,0,0,0,0,0,0,0,0,0,0,0,0,0,0,0,0,0,0,0,0
0,0,0,0,0,0,0,0,0,0,0,0,0,0,0,0,0,0,0,0,0,0,0,0,0,0,0,0,0,0,0,0,0,0,0,0,0,0,0,0,0,0,0,0,0,0,0,0,0,0,0,0,0,0,0,0,0,0,0,0,0,0,0,0,0,0,0,0,0,0,0,0,0,0,0,0,0,0,0,0,0,0,0,0,0,0,0,0,0,0,0,0,0,0,0,0,0,0,0,0
0,0,0,0,0,0,0,0,0,0,0,0,0,0,0,0,0,0,0,0,0,0,0,0,0,0,0,0,0,0,0,0,0,0,0,0,0,0,0,0,0,0,0,0,0,0,0,0,0,0,0,0,0,0,0,0,0,0,0,0,0,0,0,0,0,0,0,0,0,0,0,0,0,0,0,0,0,0,0,0,0,0,0,0,0,0,0,0,0,0,0,0,0,0,0,0,0,0,0,0
0,0,0,0,0,0,0,0,0,0,0,0,0,0,0,0,0,0,0,0,0,0,0,0,0,0,0,0,0,0,0,0,0,0,0,0,0,0,0,0,0,0,0,0,0,0,0,0,0,0,0,0,0,0,0,0,0,0,0,0,0,0,0,0,0,0,0,0,0,0,0,0,0,0,0,0,0,0,0,0,0,0,0,0,0,0,0,0,0,0,0,0,0,0,0,0,0,0,0,0
0,0,0,0,0,0,0,0,0,0,0,0,0,0,0,0,0,0,0,0,0,0,0,0,0,0,0,0,0,0,0,0,0,0,0,0,0,0,0,0,0,0,0,0,0,0,0,0,0,0,0,0,0,0,0,0,0,0,0,0,0,0,0,0,0,0,0,0,0,0,0,0,0,0,0,0,0,0,0,0,0,0,0,0,0,0,0,0,0,0,0,0,0,0,0,0,0,0,0,0
0,0,0,0,0,0,0,0,0,0,0,0,0,0,0,0,0,0,0,0,0,0,0,0,0,0,0,0,0,0,0,0,0,0,0,0,0,0,0,0,0,0,0,0,0,0,0,0,0,0,0,0,0,0,0,0,0,0,0,0,0,0,0,0,0,0,0,0,0,0,0,0,0,0,0,0,0,0,0,0,0,0,0,0,0,0,0,0,0,0,0,0,0,0,0,0,0,0,0,0
0,0,0,0,0,0,0,0,0,0,0,0,0,0,0,0,0,0,0,0,0,0,0,0,0,0,0,0,0,0,0,0,0,0,0,0,0,0,0,0,0,0,0,0,0,0,0,0,0,0,0,0,0,0,0,0,0,0,0,0,0,0,0,0,0,0,0,0,0,0,0,0,0,0,0,0,0,0,0,0,0,0,0,0,0,0,0,0,0,0,0,0,0,0,0,0,0,0,0,0
0,0,0,0,0,0,0,0,0,0,0,0,0,0,0,0,0,0,0,0,0,0,0,0,0,0,0,0,0,0,0,0,0,0,0,0,0,0,0,0,0,0,0,0,0,0,0,0,0,0,0,0,0,0,0,0,0,0,0,0,0,0,0,0,0,0,0,0,0,0,0,0,0,0,0,0,0,0,0,0,0,0,0,0,0,0,0,0,0,0,0,0,0,0,0,0,0,0,0,0
0,0,0,0,0,0,0,0,0,0,0,0,0,0,0,0,0,0,0,0,0,0,0,0,0,0,0,0,0,0,0,0,0,0,0,0,0,0,0,0,0,0,0,0,0,0,0,0,0,0,0,0,0,0,0,0,0,0,0,0,0,0,0,0,0,0,0,0,0,0,0,0,0,0,0,0,0,0,0,0,0,0,0,0,0,0,0,0,0,0,0,0,0,0,0,0,0,0,0,0
0,0,0,0,0,0,0,0,0,0,0,0,0,0,0,0,0,0,0,0,0,0,0,0,0,0,0,0,0,0,0,0,0,0,0,0,0,0,0,0,0,0,0,0,0,0,0,0,0,0,0,0,0,0,0,0,0,0,0,0,0,0,0,0,0,0,0,0,0,0,0,0,0,0,0,0,0,0,0,0,0,0,0,0,0,0,0,0,0,0,0,0,0,0,0,0,0,0,0,0
0,0,0,0,0,0,0,0,0,0,0,0,0,0,0,0,0,0,0,0,0,0,0,0,0,0,0,0,0,0,0,0,0,0,0,0,0,0,0,0,0,0,0,0,0,0,0,0,0,0,0,0,0,0,0,0,0,0,0,0,0,0,0,0,0,0,0,0,0,0,0,0,0,0,0,0,0,0,0,0,0,0,0,0,0,0,0,0,0,0,0,0,0,0,0,0,0,0,0,0
0,0,0,0,0,0,0,0,0,0,0,0,0,0,0,0,0,0,0,0,0,0,0,0,0,0,0,0,0,0,0,0,0,0,0,0,0,0,0,0,0,0,0,0,0,0,0,0,0,0,0,0,0,0,0,0,0,0,0,0,0,0,0,0,0,0,0,0,0,0,0,0,0,0,0,0,0,0,0,0,0,0,0,0,0,0,0,0,0,0,0,0,0,0,0,0,0,0,0,0
0,0,0,0,0,0,0,0,0,0,0,0,0,0,0,0,0,0,0,0,0,0,0,0,0,0,0,0,0,0,0,0,0,0,0,0,0,0,0,0,0,0,0,0,0,0,0,0,0,0,0,0,0,0,0,0,0,0,0,0,0,0,0,0,0,0,0,0,0,0,0,0,0,0,0,0,0,0,0,0,0,0,0,0,0,0,0,0,0,0,0,0,0,0,0,0,0,0,0,0
0,0,0,0,0,0,0,0,0,0,0,0,0,0,0,0,0,0,0,0,0,0,0,0,0,0,0,0,0,0,0,0,0,0,0,0,0,0,0,0,0,0,0,0,0,0,0,0,0,0,0,0,0,0,0,0,0,0,0,0,0,0,0,0,0,0,0,0,0,0,0,0,0,0,0,0,0,0,0,0,0,0,0,0,0,0,0,0,0,0,0,0,0,0,0,0,0,0,0,0
0,0,0,0,0,0,0,0,0,0,0,0,0,0,0,0,0,0,0,0,0,0,0,0,0,0,0,0,0,0,0,0,0,0,0,0,0,0,0,0,0,0,0,0,0,0,0,0,0,0,0,0,0,0,0,0,0,0,0,0,0,0,0,0,0,0,0,0,0,0,0,0,0,0,0,0,0,0,0,0,0,0,0,0,0,0,0,0,0,0,0,0,0,0,0,0,0,0,0,0
0,0,0,0,0,0,0,0,0,0,0,0,0,0,0,0,0,0,0,0,0,0,0,0,0,0,0,0,0,0,0,0,0,0,0,0,0,0,0,0,0,0,0,0,0,0,0,0,0,0,0,0,0,0,0,0,0,0,0,0,0,0,0,0,0,0,0,0,0,0,0,0,0,0,0,0,0,0,0,0,0,0,0,0,0,0,0,0,0,0,0,0,0,0,0,0,0,0,0,0
0,0,0,0,0,0,0,0,0,0,0,0,0,0,0,0,0,0,0,0,0,0,0,0,0,0,0,0,0,0,0,0,0,0,0,0,0,0,0,0,0,0,0,0,0,0,0,0,0,0,0,0,0,0,0,0,0,0,0,0,0,0,0,0,0,0,0,0,0,0,0,0,0,0,0,0,0,0,0,0,0,0,0,0,0,0,0,0,0,0,0,0,0,0,0,0,0,0,0,0
0,0,0,0,0,0,0,0,0,0,0,0,0,0,0,0,0,0,0,0,0,0,0,0,0,0,0,0,0,0,0,0,0,0,0,0,0,0,0,0,0,0,0,0,0,0,0,0,0,0,0,0,0,0,0,0,0,0,0,0,0,0,0,0,0,0,0,0,0,0,0,0,0,0,0,0,0,0,0,0,0,0,0,0,0,0,0,0,0,0,0,0,0,0,0,0,0,0,0,0
0,0,0,0,0,0,0,0,0,0,0,0,0,0,0,0,0,0,0,0,0,0,0,0,0,0,0,0,0,0,0,0,0,0,0,0,0,0,0,0,0,0,0,0,0,0,0,0,0,0,0,0,0,0,0,0,0,0,0,0,0,0,0,0,0,0,0,0,0,0,0,0,0,0,0,0,0,0,0,0,0,0,0,0,0,0,0,0,0,0,0,0,0,0,0,0,0,0,0,0
