0,0,0,0,0,0,0,0,0,0,0,0,0,0,0,0,0,0,0,0,0,0,0,0,0,0,0,0,0,0,0,0,0,0,0,0,0,0,0,0,0,0,0,0,0,0,0,0,0,0,0,0,0,0,0,0,0,0,0,0,0,0,0,0,0,0,0,0,0,0,0,0,0,0,0,0,0,0,0,0,0,0,0,0,0,0,0,0,0,0,0,0,0,0,0,0,0,0,0,0
0,0,0,0,0,0,0,0,0,0,0,0,0,0,0,0,0,0,0,0,0,0,0,0,0,0,0,0,0,0,0,0,0,0,0,0,0,0,0,0,0,0,0,0,0,0,0,0,0,0,0,0,0,0,0,0,0,0,0,0,0,0,0,0,0,0,0,0,0,0,0,0,0,0,0,0,0,0,0,0,0,0,0,0,0,0,0,0,0,0,0,0,0,0,0,0,0,0,0,0
0,0,0,0,0,0,0,0,0,0,0,0,0,0,0,0,0,0,0,0,0,0,0,0,0,0,0,0,0,0,0,0,0,0,0,0,0,0,0,0,0,0,0,0,0,0,0,0,0,0,0,0,0,0,0,0,0,0,0,0,0,0,0,0,0,0,0,0,0,0,0,0,0,0,0,0,0,0,0,0,0,0,0,0,0,0,0,0,0,0,0,0,0,0,0,0,0,0,0,0
0,0,0,0,0,0,0,0,0,0,0,0,0,0,0,0,0,0,0,0,0,0,0,0,0,0,0,0,0,0,0,0,0,0,0,0,0,0,0,0,0,0,0,0,0,0,0,0,0,0,0,0,0,0,0,0,0,0,0,0,0,0,0,0,0,0,0,0,0,0,0,0,0,0,0,0,0,0,0,0,0,0,0,0,0,0,0,0,0,0,0,0,0,0,0,0,0,0,0,0
0,0,0,0,0,0,0,0,0,0,0,0,0,0,0,0,0,0,0,0,0,0,0,0,0,0,0,0,0,0,0,0,0,0,0,0,0,0,0,0,0,0,0,0,0,0,0,0,0,0,0,0,0,0,0,0,0,0,0,0,0,0,0,0,0,0,0,0,0,0,0,0,0,0,0,0,0,0,0,0,0,0,0,0,0,0,0,0,0,0,0,0,0,0,0,0,0,0,0,0
0,0,0,0,0,0,0,0,0,0,0,0,0,0,0,0,0,0,0,0,0,0,0,0,0,0,0,0,0,0,0,0,0,0,0,0,0,0,0,0,0,0,0,0,0,0,0,0,0,0,0,0,0,0,0,0,0,0,0,0,0,0,0,0,0,0,0,0,0,0,0,0,0,0,0,0,0,0,0,0,0,0,0,0,0,0,0,0,0,0,0,0,0,0,0,0,0,0,0,0
0,0,0,0,0,0,0,0,0,0,0,0,0,0,0,0,0,0,0,0,0,0,0,0,0,0,0,0,0,0,0,0,0,0,0,0,0,0,0,0,0,0,0,0,0,0,0,0,0,0,0,0,0,0,0,0,0,0,0,0,0,0,0,0,0,0,0,0,0,0,0,0,0,0,0,0,0,0,0,0,0,0,0,0,0,0,0,0,0,0,0,0,0,0,0,0,0,0,0,0
0,0,0,0,0,0,0,0,0,0,0,0,0,0,0,0,0,0,0,0,0,0,0,0,0,0,0,0,0,0,0,0,0,0,0,0,0,0,0,0,0,0,0,0,0,0,0,0,0,0,0,0,0,0,0,0,0,0,0,0,0,0,0,0,0,0,0,0,0,0,0,0,0,0,0,0,0,0,0,0,0,0,0,0,0,0,0,0,0,0,0,0,0,0,0,0,0,0,0,0
0,0,0,0,0,0,0,0,0,0,0,0,0,0,0,0,0,0,0,0,0,0,0,0,0,0,0,0,0,0,0,0,0,0,0,0,0,0,0,0,0,0,0,0,0,0,0,0,0,0,0,0,0,0,0,0,0,0,0,0,0,0,0,0,0,0,0,0,0,0,0,0,0,0,0,0,0,0,0,0,0,0,0,0,0,0,0,0,0,0,0,0,0,0,0,0,0,0,0,0
0,0,0,0,0,0,0,0,0,0,0,0,0,0,0,0,0,0,0,0,0,0,0,0,0,0,0,0,0,0,0,0,0,0,0,0,0,0,0,0,0,0,0,0,0,0,0,0,0,0,0,0,0,0,0,0,0,0,0,0,0,0,0,0,0,0,0,0,0,0,0,0,0,0,0,0,0,0,0,0,0,0,0,0,0,0,0,0,0,0,0,0,0,0,0,0,0,0,0,0
0,0,0,0,0,0,0,0,0,0,0,0,0,0,0,0,0,0,0,0,0,0,0,0,0,0,0,0,0,0,0,0,0,0,0,0,0,0,0,0,0,0,0,0,0,0,0,0,0,0,0,0,0,0,0,0,0,0,0,0,0,0,0,0,0,0,0,0,0,0,0,0,0,0,0,0,0,0,0,0,0,0,0,0,0,0,0,0,0,0,0,0,0,0,0,0,0,0,0,0
0,0,0,0,0,0,0,0,0,0,0,0,0,0,0,0,0,0,0,0,0,0,0,0,0,0,0,0,0,0,0,0,0,0,0,0,0,0,0,0,0,0,0,0,0,0,0,0,0,0,0,0,0,0,0,0,0,0,0,0,0,0,0,0,0,0,0,0,0,0,0,0,0,0,0,0,0,0,0,0,0,0,0,0,0,0,0,0,0,0,0,0,0,0,0,0,0,0,0,0
0,0,0,0,0,0,0,0,0,0,0,0,0,0,0,0,0,0,0,0,0,0,0,0,0,0,0,0,0,0,0,0,0,0,0,0,0,0,0,0,0,0,0,0,0,0,0,0,0,0,0,0,0,0,0,0,0,0,0,0,0,0,0,0,0,0,0,0,0,0,0,0,0,0,0,0,0,0,0,0,0,0,0,0,0,0,0,0,0,0,0,0,0,0,0,0,0,0,0,0
0,0,0,0,0,0,0,0,0,0,0,0,0,0,0,0,0,0,0,0,0,0,0,0,0,0,0,0,0,0,0,0,0,0,0,0,0,0,0,0,0,0,0,0,0,0,0,0,0,0,0,0,0,0,0,0,0,0,0,0,0,0,0,0,0,0,0,0,0,0,0,0,0,0,0,0,0,0,0,0,0,0,0,0,0,0,0,0,0,0,0,0,0,0,0,0,0,0,0,0
0,0,0,0,0,0,0,0,0,0,0,0,0,0,0,0,0,0,0,0,0,0,0,0,0,0,0,0,0,0,0,0,0,0,0,0,0,0,0,0,0,0,0,0,0,0,0,0,0,0,0,0,0,0,0,0,0,0,0,0,0,0,0,0,0,0,0,0,0,0,0,0,0,0,0,0,0,0,0,0,0,0,0,0,0,0,0,0,0,0,0,0,0,0,0,0,0,0,0,0
0,0,0,0,0,0,0,0,0,0,0,0,0,0,0,0,0,0,0,0,0,0,0,0,0,0,0,0,0,0,0,0,0,0,0,0,0,0,0,0,0,0,0,0,0,0,0,0,0,0,0,0,0,0,0,0,0,0,0,0,0,0,0,0,0,0,0,0,0,0,0,0,0,0,0,0,0,0,0,0,0,0,0,0,0,0,0,0,0,0,0,0,0,0,0,0,0,0,0,0
0,0,0,0,0,0,0,0,0,0,0,0,0,0,0,0,0,0,0,0,0,0,0,0,0,0,0,0,0,0,0,0,0,0,0,0,0,0,0,0,0,0,0,0,0,0,0,0,0,0,0,0,0,0,0,0,0,0,0,0,0,0,0,0,0.000253943090794251,9.1864418368012e-05,0,0,0,0,0,0,0,0,0,0,0,0,0,0,0,0,0,0,0,0,0,0,0,0,0,0,0,0,0,0,0,0,0,0
0,0,0,0,0,0,0,0,0,0,0,0,0,0,0,0,0,0,0,0,0,0,0,0,0,0,0,0,0,0,0,0,0,0,0,0,0,0,0,0,0,0,0,0,0,0,0,0,0,0,0,0,0,0,0,0,0,0,0,0,0,0,0,0,0.000113230964230525,4.09615266072119e-05,0,0,0,7.65435543269033e-05,0.000366162598393855,8.316333866602e-05,0.000121523207829106,9.53710191230298e-05,0,0,0,4.72111244392192e-05,3.81797777574611e-05,0,0,0,0,0,0,0,0,0,0,0,0,0,0,0,0,0,0,0,0,0
0,0,0,0,0,0,0,0,0,0,0,0,0,0,0,0,0,0,0,0,0,0,0,0,0,0,0,0,0,0,0,0,0,0,0,0,0,0,0,0,0,0,0,0,0,0,0,0,0,0,0,0,0,0,0,0,0,0,0,0,0,0,4.18922062018818e-05,0.000171332128908471,0.000191035002328069,0,1.0130267949389e-05,0.000113437728316654,0.000568077542567386,8.40509120894677e-05,0.000208456501210997,0.000434649683141097,0.000916433450010462,0.000485481506049347,0.000335686218402414,0.000258689908955521,0.000132290716814536,0.000571938209588745,0.000189436388755435,5.54888653631012e-05,0,0,0,0,0,0,0,0,0,0,0,0,0,0,0,0,0,0,0,0
0,0,0,0,0,0,0,0,0,0,0,0,0,0,0,0,0,0,0,0,0,0,0,0,0,0,0,0,0,0,0,0,0,0,0,0,0,0,0,0,0,0,0,0,0,0,0,0,0,0,0,0,0,0,0,0,0,0,0,0,0,0,0.000528667116739129,0.00158059797514251,0.000859369196358826,8.36065881774296e-05,7.07878140466964e-05,0.000533888726075966,0.00184657294262369,0.000618466231822601,0.00227349559585245,0.0025678451316204,0.00203214949973376,0.00203112600903268,0.00111189609473514,0.000805888187032421,0.00136883005606165,0.00103310772530984,0.000263778656959408,0.000410442204376922,0,0,0,0,0,0,0,0,0,0,0,0,0,0,0,0,0,0,0,0
0,0,0,0,0,0,0,0,0,0,0,0,0,0,0,0,0,0,0,0,0,0,0,0,0,0,0,0,0,0,0,0,0,0,0,0,0,0,0,0,0,0,0,0,0,0,0,0,0,0,0,0,0,0,0,0,0,0,5.05991086430759e-05,0.000158915611268544,0.000110823915873449,0.000396370618322377,0.000840072892896265,0.00066793265179359,0.000258220848823159,0.00103756971209738,0.00113908734740961,0.00111644127061263,0.00263011822297101,0.0023107464047306,0.00302050164672163,0.00146839275275998,0.00183417513130178,0.00282948984597213,0.00289969217235496,0.0019800936940942,0.00275821903247216,0.00244438784461657,0.00131277256882253,0.000526589597783182,0,0,0,0,0,0,0,0,0,0,0,0,0,0,0,0,0,0,0,0
0,0,0,0,0,0,0,0,0,0,0,0,0,0,0,0,0,0,0,0,0,0,0,0,0,0,0,0,0,0,0,0,0,0,0,0,0,0,0,0,0,0,0,0,0,0,0,0,0,0,0,0,0,0.000161914382176072,9.09402929422473e-05,0,0,0,0.000330063923365015,0.000401819215507767,0.000206476443449869,0.000572289346608841,0.00119192290271981,0.00116101777397013,0.00141703861884622,0.00194624206995302,0.00170961158607084,0.00235507103280581,0.00182452723036306,0.00180511853431235,0.00315368942351673,0.00361651873700769,0.00215799580549807,0.00202699664454448,0.00352650482236069,0.00266136519210216,0.00401354051348614,0.00346174865618108,0.00251122591790939,0.00077741844613498,0.000380281946462138,8.58155063950216e-05,0.000263326471758289,0,0,0,0,0,0,0,0,0,0,0,0,0,0,0,0,0
0,0,0,0,0,0,0,0,0,0,0,0,0,0,0,0,0,0,0,0,0,0,0,0,0,0,0,0,0,0,0,0,0,0,0,0,0,0,0,0,0,0,0,0,0,0,0,0,0,0,0,0,0,0.000375754569908111,0.000545000846420258,0.000291772745763424,0.000625910424766651,0.000711485621274815,0.000199024352614559,0.000616699041063852,0.000774787568277082,0.00145832320214325,0.00250967454137263,0.00144924379642702,0.00245504686562923,0.00255603918095363,0.00153123300224313,0.00226729413369588,0.00347543007015633,0.00176264619500285,0.00477792608970756,0.00432176257657459,0.00374646473995645,0.00362182019111804,0.00379833013319569,0.00342199629152089,0.00553785256665694,0.00428709186811217,0.00311166291129016,0.00105662657582512,0.00123273254698978,0.000470870280497472,0.000178417018971126,0,0,0,0,0,0,0,0,0,0,0,0,0,0,0,0,0
0,0,0,0,0,0,0,0,0,0,0,0,0,0,0,0,0,0,0,0,0,0,0,0,0,0,0,0,0,0,0,0,0,0,0,0,0,0,0,0,0,0,0,0,0,0,0,0,0,0,0,6.89413242272038e-05,0.000194120709776678,0.000239819285874203,0.000256201322359367,0.000649461475623177,0.000949697007451099,0.00122843383447607,0.000995122177912101,0.00123038623337171,0.00093734158685084,0.00215343444567432,0.00182717869581272,0.00162512069660048,0.00311645533076978,0.00225877660367428,0.00223203772762294,0.00166430627132718,0.00243207986255727,0.00239228975262139,0.00245961317819727,0.00335809859496133,0.00319573078410942,0.00257374518875887,0.00291266025455096,0.00402093099821045,0.00502570410559508,0.0044391722275202,0.00347460582247793,0.00208530331812069,0.00107787895143211,0.000159741883259264,0,0,0,0,0,0,0,0,0,0,0,0,0,0,0,0,0,0
0,0,0,0,0,0,0,0,0,0,0,0,0,0,0,0,0,0,0,0,0,0,0,0,0,0,0,0,0,0,0,0,0,0,0,0,0,0,0,0,0,0,0,0,0,0,0,0,0,0,0,0.000127268877298072,0.000355537019589144,0.00050705841364302,0.000127379479474348,0.00103899373846372,0.00108050756778868,0.00123892870245174,0.000988080582915119,0.00102742305305022,0.000668504952713001,0.00180012692682025,0.00122455348684949,0.000940879130626788,0.00228476948048316,0.00246771654160866,0.00226846788525386,0.00138962517768479,0.00180937174239609,0.00244578520954996,0.00165557384230836,0.00153187741795269,0.00167924499737143,0.00114255466443669,0.00365450496347127,0.00455941390269862,0.00362514139599721,0.00194318175774393,0.00309139466965415,0.00388292596418919,0.00184783872214556,0.000383982622907345,9.75324659362033e-06,0,0,0,0,0,0,0,0,0,0,0,0,0,0,0,0,0
0,0,0,0,0,0,0,0,0,0,0,0,0,0,0,0,0,0,0,0,0,0,0,0,0,0,0,0,0,0,0,0,0,0,0,0,0,0,0,0,0,0,0,0,0,0,0,0,0.000149081633133597,0.0004598595041103,0.000248957154540995,0.000320138547205185,0.000707124948083762,0.000787180077514133,0.000987673454047159,0.000873142500225211,0.00111540579516427,0.000828683812185756,0.00125160775479969,0.000442292360452115,0.000572566910067191,0.000506101792675992,0.00103143831084243,0.00152602744202172,0.00132060781032258,0.00046024243969032,0.000588366524677242,0.000903135056696875,0.00167820080044939,0.000553792925987677,0.000742271096392627,0.00093246554332186,0.00200515028526532,0.00182991834132016,0.00297614484706336,0.00303660377822073,0.00255970579108842,0.00248259280257287,0.00415993957322317,0.00401085476545707,0.0015280785245041,0.000735293388413228,7.12320885327153e-05,0,0,0,0,0,0,0,0,0,0,0,0,0,0,0,0,0
0,0,0,0,0,0,0,0,0,0,0,0,0,0,0,0,0,0,0,0,0,0,0,0,0,0,0,0,0,0,0,0,0,0,0,0,0,0,0,0,0,0,0,0,0,0,0,0,0.000114666228536391,0.000359095630458908,0.00048514153840753,0.000103401592905901,0.000844379238519917,0.000742744599234061,0.000910120423530204,0.000910357150733473,0.000443607390143101,3.46939743212511e-05,0.000271302052032586,0.00114593933046456,0.000385366091174372,0.000751211125119475,0.0006623195239432,0.000465659759031645,0.000750724453738156,0.000276314938998947,0.00130148392974336,0.000686841320170534,0.00237201616956935,0.00114570637908735,0.000793889273344,0.00141055041844259,0.00267867771980023,0.0024138916073996,0.0021668614997382,0.0024860299068767,0.00328113189899949,0.00234836147102833,0.00428176950111556,0.00261989128848406,0.00087764634543425,0.000299745818010676,7.83074806230635e-05,0,0,0,0,0,0,0,0,0,0,0,0,0,0,0,0,0
0,0,0,0,0,0,0,0,0,0,0,0,0,0,0,0,0,0,0,0,0,0,0,0,0,0,0,0,0,0,0,0,0,0,0,0,0,0,0,0,0,0,0,0,0,0,0,0.000288646580537656,0.000108312877231543,0,0,0.000124787478900048,0.00125949649143292,0.000624222480280684,4.33474782184162e-05,0.00113010888723529,0.000667225832032348,0.000131596375125464,0.000951212225548686,0.000532628862731548,0.000743490912073841,0.000580703987585478,0.000183391377723851,0.000163921777037559,0.000191053274927658,0.000363992375639944,0.000576859232184782,0.000269901592389844,0.000881596931440972,0.0012803468598211,0.00146133209863455,0.00134437254062961,0.00249289695378017,0.00174251232995969,0.00233212023598798,0.00241139535126378,0.00259270854827339,0.00296132181707766,0.00182226612415242,0.00301302923384406,0.00147638998570803,0.000358553201697463,0.00073853819267188,0,0,0,0,0,0,0,0,0,0,0,0,0,0,0,0,0
0,0,0,0,0,0,0,0,0,0,0,0,0,0,0,0,0,0,0,0,0,0,0,0,0,0,0,0,0,0,0,0,0,0,0,0,0,0,0,0,0,0,0,0,0,0,0,7.49252841557421e-05,2.81152580750586e-05,0,0.000704117469647024,0.000344612899172379,0.000262609938308215,0.000195726360163472,0.00042532422420199,0.000654225900612508,0.000281330489153985,0.000165298425925418,0.000394101737184217,0.000144266509542878,0.000961694955923383,0.000339849339358994,8.25584085917568e-05,0.000315608974448115,0.000300481455667401,0.000488748467035737,0.000448498332940872,0.000529469986872617,0.000718002804900803,0.00115125094829818,0.000725195730809814,0.00188687363970548,0.002161633988783,0.00241802945291995,0.0018820555112513,0.00146860178584961,0.00230719077136446,0.00369658781977336,0.00346468186702727,0.00171061569548471,0.000780494428480331,0.000178519810239117,0.000282035249090941,0,0,0,0,0,0,0,0,0,0,0,0,0,0,0,0,0
0,0,0,0,0,0,0,0,0,0,0,0,0,0,0,0,0,0,0,0,0,0,0,0,0,0,0,0,0,0,0,0,0,0,0,0,0,0,0,0,0,0,0,0,0,0,0,0,7.96278487179603e-05,0.000369132037336124,0.000230721155967673,0.000265848882426161,0.000208087785424415,0.000336877120373042,0.00150395621781988,0.000226958067473288,0.000197260610188986,0.000372395562273381,0.000572408742711185,0.00117256247145151,0.00147789628219897,0.000598897280577009,0.000158358720685988,0.00066654729176595,0.000869398190487804,0.00064690073021895,0.000452661174910293,2.04192122958104e-05,0.000505888014176738,0.00137646809251959,0.000370130910814224,0.000919103112380042,0.00061444688677354,0.00204279062989304,0.00164537368962217,0.00342294530021562,0.00196502485515175,0.00405567930045408,0.0044817441971602,0.00427299591973238,0.00167310799773929,0.000733501439198384,0.000420294988340752,0,0,0,0,0,0,0,0,0,0,0,0,0,0,0,0,0
0,0,0,0,0,0,0,0,0,0,0,0,0,0,0,0,0,0,0,0,0,0,0,0,0,0,0,0,0,0,0,0,0,0,0,0,0,0,0,0,0,0,0,0,0,0,0,0,8.917319082804e-05,0.000806648967964525,0.000501802182719237,0.000700825933560862,0.000314044736051106,0.000552299498429706,0.000443402794624064,0.00102702390816443,0.00106649112964785,0.000541441306288508,0.000307756598415207,0.000294595064841539,0.00076139664220115,0.000278033644429714,0.000258300898874878,0.00115731384899867,0.000360177139960706,0.000469252194203438,0.000489234616322738,0.000376373530478738,0.000605001562093766,0.000931907821476143,0.000352956898645602,0.000796401173360982,0.00155139133855613,0.00178065727282019,0.00298343327988228,0.00279285004416757,0.0021182203364291,0.00222122923408453,0.00192543763099393,0.00291262871085187,0.00105559801189893,5.51018637838901e-05,4.31489838177949e-05,0,0,0,0,0,0,0,0,0,0,0,0,0,0,0,0,0
0,0,0,0,0,0,0,0,0,0,0,0,0,0,0,0,0,0,0,0,0,0,0,0,0,0,0,0,0,0,0,0,0,0,0,0,0,0,0,0,0,0,0,0,1.26469227164244e-06,1.60345077951522e-05,0.000150724839117104,9.9136104965294e-05,9.73561157240271e-05,0.00114403171392459,0.000981621147128821,0.000395984027375777,0.000209399570756857,0.00036373044901766,0.000815379991524219,0.000619301185044987,0.000613542531948833,0.000806382848730333,0.00019753737219846,0.000214554313980343,0.000783445543704292,0.00131839569588918,0.000195627835269991,0.00023515957191855,0.00056222086094141,0.000773314999640254,0.000613235734089287,0.000838451806357715,0.000675282618890216,0.000238900617367556,0.000800692332069857,0.000717544291976602,0.000845614396729746,0.00110022523150154,0.00110032967772033,0.00284153290126375,0.00259320533730707,0.002461450347573,0.00192992073423425,0.000972396582822337,0.000135725895237585,0,0,0,0,0,0,0,0,0,0,0,0,0,0,0,0,0,0,0
0,0,0,0,0,0,0,0,0,0,0,0,0,0,0,0,0,0,0,0,0,0,0,0,0,0,0,0,0,0,0,0,0,0,0,0,0,0,0,0,0,0,0,0,3.52887976804734e-05,0.000447412002252732,0.000422131215407238,0.000380529021664295,0.000186444125126408,0.000176789469415373,0.000797174227416577,0.000568989591927938,0.00124738286136295,0.000607325671071853,0.000421671321879134,0.000196396404818413,0.000243939046188558,0.000227956185098369,4.37585400842071e-05,0.000783737919142367,0.00104534974303767,0.000885113604422572,0.000500519200946405,0.000586828039948685,8.86197470397104e-05,0.00122343916644589,0.00110837402472591,0.000796325410555373,0.00134722958750907,0.00119387690656429,0.000698862834638754,0.000684150876549751,0.000585925178419964,0.000657601119070473,0.000673936294593868,0.0026061159624185,0.00247978828081038,0.00299532991884854,0.00220953668082138,0.00105187795798958,0.000243877376641878,0.000162548194261061,0,0,0,0,0,0,0,0,0,0,0,0,0,0,0,0,0,0
0,0,0,0,0,0,0,0,0,0,0,0,0,0,0,0,0,0,0,0,0,0,0,0,0,0,0,0,0,0,0,0,0,0,0,0,0,0,0,0,0,0,0,0,0,0,0.000270683916540511,0.000485751739704773,0.000339891746315563,0.000100982071779245,0.000687772710035951,0.000578607125456566,0.000230666856543194,0.000222826225964125,0.000252122630371294,0.000430089580319428,0.000281793384880984,0.000449695374395145,0.000348513673958914,0.000377184047920563,0.000381127234556527,0.000633572880310634,0.00076229856597907,0.000223301752472775,0.000564568316178295,0.00132915031774493,0.000826766454083471,0.000852917434338047,0.000338899486897154,0.00147961108040815,0.00125263106192859,0.000242085227549893,0.00123446796256353,0.00163384673340779,0.00146401717928181,0.00116867171053368,0.00189047875843302,0.00158000469284923,0.00183774602755539,0.000938337642392318,0.00128068119729002,0.000396712797136888,0,0,0,0,0,0,0,0,0,0,0,0,0,0,0,0,0,0
0,0,0,0,0,0,0,0,0,0,0,0,0,0,0,0,0,0,0,0,0,0,0,0,0,0,0,0,0,0,0,0,0,0,0,0,0,0,0,0,0,0,0,0,0,0,0,7.36150712623911e-05,0.000351624692569893,0.000186182881773385,0.00055623730513655,0.000449440655981955,0.000689559849537692,0.000330516434788316,0.000311616773198431,0.00049520502255547,0.000302264193325643,0.000266941141661505,0.00175029030526364,0.000817151568491968,4.04967995627887e-05,5.00652185406105e-05,0.00053249305816264,0.000275520200155973,0.00076242323796731,0.000500701474665463,0.000737012191375864,0.000815266949584809,1.1755022385225e-05,0.000564094410868693,0.000583582633143006,0.000580449208854595,0.00173494285240033,0.000849822539851972,0.00118590423432485,0.00245474960820283,0.00173927688394347,0.00237467805027116,0.00204179470448202,0.000832806690800284,0.000567762434299792,0,0,0,0,0,0,0,0,0,0,0,0,0,0,0,0,0,0,0
0,0,0,0,0,0,0,0,0,0,0,0,0,0,0,0,0,0,0,0,0,0,0,0,0,0,0,0,0,0,0,0,0,0,0,0,0,0,0,0,0,0,0,0,0.000268108850223496,0.000136893141844996,0,0.00028607084969515,0.00147852384998053,0.00100257587218205,0.00084945978682121,0.000719979105567461,0.000328153429504193,0.000336763878690294,0.000281438739906361,0.000557665576699758,0.00112941710574961,6.08573103938599e-05,0.000692257874547358,0.00119714321574035,0.0001654138487085,0.000309402064537192,0.000327750518415299,0.000142420305483213,0.000261814914173859,4.41514069168767e-05,0.000181086894063025,0.000538000787857471,5.86002306042404e-05,0.000105660317026317,0.000634576023147357,0.000333702596196302,0.00109880820915964,0.000830401313051254,0.0013467614357952,0.00175160043270326,0.00208529575211874,0.00204714918967991,0.00174826215447668,0.000807333990248395,0.000172883117791359,6.84896115880433e-06,0,0,0,0,0,0,0,0,0,0,0,0,0,0,0,0,0,0
0,0,0,0,0,0,0,0,0,0,0,0,0,0,0,0,0,0,0,0,0,0,0,0,0,0,0,0,0,0,0,0,0,0,0,0,0,0,0,0,0,0,0,0,6.28881022287216e-05,3.21099057027866e-05,0,0.000415286499616458,0.000652236788328937,0,0.000343923169807001,0.000523237376997816,0.000791354651661877,0.000373989291330304,0.000349650443507959,0.000134645980441046,1.40863220064081e-05,0.000189905332462638,0.000202004599474283,0.000845453434899544,0.000574210412878752,0.000209968768685422,0.000336765674901608,9.39314842054616e-05,4.87199444424229e-05,0.000190120119806041,0.000708429385761204,0.000584544966037217,0.000209244616920267,0.000832130024996934,0.000482511499397041,0.000551786383499582,0.000818897469343325,0.000309631632208316,0.00102430847856943,0.00134888928797162,0.00208359674465457,0.00168953734485637,0.000305616917504476,0.000495148382127341,0.000460923472887673,8.67812147619683e-05,0,0,0,0,0,0,0,0,0,0,0,0,0,0,0,0,0,0
0,0,0,0,0,0,0,0,0,0,0,0,0,0,0,0,0,0,0,0,0,0,0,0,0,0,0,0,0,0,0,0,0,0,0,0,0,0,0,0,0,0,0,0,0,0.000121093107231808,1.68989453102909e-05,0,0,0,5.31995907652501e-05,0.00010915790015739,0.000679671017660608,0.000356129937601299,0.000244778341282683,0.00028716303502875,0.000670477271819478,0.000636287634084758,3.69458149772162e-05,0.00051998951686074,0.000455980391237537,0.000303995717153271,0.00107098487333806,0.000692866932639413,0.000416912166761326,0.000403687718230357,0.000224730773207865,0.000267837924307857,0.000580921882999817,0.000256434997714682,0.00120529245315492,0.000507353496234448,0.000675880669884643,0.000204487686036409,0.00073828164779241,0.00144277381892502,0.00123893057112052,0.00242785328056874,0.000820384531337227,3.91589213172643e-06,0.000255014386474699,0.000135787205208061,0,0,0,0,0,0,0,0,0,0,0,0,0,0,0,0,0,0
0,0,0,0,0,0,0,0,0,0,0,0,0,0,0,0,0,0,0,0,0,0,0,0,0,0,0,0,0,0,0,0,0,0,0,0,0,0,0,0,0,0,0,0,0,0.000317675303705715,0.000153765699517188,0.000351952046388421,0.000288752882800914,0.000288247261400572,0,0.000155026338997888,0.000220383348356132,2.48830381614964e-05,1.20196324482992e-05,0.000115959525997541,0.000769768658121489,0.000601823838743237,0.000174586915405558,0.00101209618347054,0.000812831484897472,0.00116409004203078,0.000960360626307211,0.000432214118872228,2.00995290170497e-05,0.000226615758950542,0.000166054347040153,9.47315132137334e-05,0.000472636504052399,9.60646798215956e-05,0.000161432026146518,0.000210207304653783,0.000362145486797598,0.000630919485832899,0.00092529894884096,0.00150513029992036,0.00169842931402683,0.00157868179483855,0.0012912503196645,0.000380258092025727,0,0,0,0,0,0,0,0,0,0,0,0,0,0,0,0,0,0,0,0
0,0,0,0,0,0,0,0,0,0,0,0,0,0,0,0,0,0,0,0,0,0,0,0,0,0,0,0,0,0,0,0,0,0,0,0,0,0,0,0,0,0,0,0,0,0.000377745988874879,0.000147696889030504,0.00025605817518268,0.000904355524379784,0.000698589336294834,9.87644042164225e-05,0.000243115089764279,0.0012635814052847,0.000126524156857889,0.00025444568213493,0.000609673883043346,0.000735740080703116,0.000205422581959941,4.98784774737226e-05,0.000939197374191021,0.000604261713291304,0.000697167615778794,0.000718629734800735,0.000102914535826751,0,0.000606774513606806,0.00069555391181786,0.000401898799210127,0.00073836292586365,0.000391116609621334,0.000151652578984958,0.000559652068559086,0.000674441859174704,0.000846472109286037,0.00131914533419543,0.00197281562467669,0.0015152740097551,0.00212988772854427,0.000759250226727864,0.000189835895812581,0,0,0,0,0,0,0,0,0,0,0,0,0,0,0,0,0,0,0,0
0,0,0,0,0,0,0,0,0,0,0,0,0,0,0,0,0,0,0,0,0,0,0,0,0,0,0,0,0,0,0,0,0,0,0,0,0,0,0,0,0,0,0,0,0,0.000336005801371171,0.000659871836455797,2.37720776240613e-05,0.000670828751267259,0.000633218948209299,0.000154707020738398,1.72826313986424e-05,0.000175525119861284,0.000329540515218595,0.000389666612689947,0.000243768042621232,0.000385083775903587,0.000584016302609394,0.000160859677601403,0.000352472160709793,0.000865304961366075,0.000351013809170449,0.000362407074449466,0.000612787697619452,0.000189453521138852,0.000127960856934268,0.000611795243423302,5.51558903505047e-05,0.000171858594935905,0.000642570221327794,0.000545969651154569,0.000768131090189371,0.000905450184302047,0.000931845320126162,0.00117432640226933,0.00101063638447982,0.000766087606420375,0.00101225836524955,2.41889473431366e-05,0,0,0,0,0,0,0,0,0,0,0,0,0,0,0,0,0,0,0,0,0
0,0,0,0,0,0,0,0,0,0,0,0,0,0,0,0,0,0,0,0,0,0,0,0,0,0,0,0,0,0,0,0,0,0,0,0,0,0,0,0,0,0,0,0,0,0.000295092468581766,6.16762774554245e-05,0.000213847494256751,2.00301637134962e-05,0.000267030936402687,0.00033908185482386,6.93867983445312e-05,3.35091673733784e-05,0.000244252391897632,0.00032440970682714,0.00044665083878073,0.000144375920017102,0.000241881015268755,0.000624898125545394,0.000292831972063986,0.000268779748808685,0.000340224538699532,9.31574677145482e-05,0.000410528471473535,0.00114270719712094,0.000888724324024537,0.00141845866094416,0.000324453087961467,0.000706744621710382,0.000543725835003758,0.000119078536166507,0.000633732412755666,0.00132656101392992,0.00177343020063648,0.00116624667781671,0.00107689633138847,0.00127662176364744,0.00103284253293208,2.08364724845739e-05,0,0,0,0,0,0,0,0,0,0,0,0,0,0,0,0,0,0,0,0,0
0,0,0,0,0,0,0,0,0,0,0,0,0,0,0,0,0,0,0,0,0,0,0,0,0,0,0,0,0,0,0,0,0,0,0,0,0,0,0,0,0,0,0.000142968167600891,0.000128755123336713,9.67892219150139e-05,0.000164434396816278,2.47610550470634e-05,0.00024333062209833,2.27917199314229e-05,4.0454241533286e-05,0.000209645212556975,0.000147953275563561,0.000147711500756925,0,0.000157651155938299,6.71923897201811e-05,1.41307734118677e-06,0,0.000175857197282425,9.73468941993353e-05,0.000103482268440207,7.44709240472456e-05,2.71454684765787e-05,0.000159799818443697,0.000803450270362908,0.00113711516437077,0.000920147893065253,0.000258615489096793,0.000706008248700318,0.00014169086654771,0.000313511832237861,0.00120871323337137,0.0013192067726479,0.00204336738023748,0.00108674161831943,0.00149595817333781,0.00029378473702511,0.000210234023481991,0.000224385648734339,0,0,0,0,0,0,0,0,0,0,0,0,0,0,0,0,0,0,0,0,0
0,0,0,0,0,0,0,0,0,0,0,0,0,0,0,0,0,0,0,0,0,0,0,0,0,0,0,0,0,0,0,0,0,0,0,0,0,0,0,0,0,0,0.000120108595358161,0.000108168113704235,0.000242219195676934,0.000115027384507521,4.14938171476475e-05,0.000526927755239985,0.000355011160660736,8.0724943337731e-05,0.000328142339082488,0.000397961442884039,0.000516165220925427,0.000558909930533236,0.000941765685878752,0.000444869578694793,0.000135098047961814,6.11965107309704e-05,0.000468789872174331,0.000596992990700156,0.000418358112996067,0.000225597337179221,0.000135253452542664,0.000281170042434368,0.000110503645127104,0.000792903807415155,0.00086426948778705,0.00038256866799925,0.000857059582161275,0,0.000198849211682526,0.00102321579238554,0.00120727856144716,0.00136397348678472,0.000677577104989961,0.0011206883688701,0.00039138231486997,0.000234551855585191,6.57774638555553e-05,0,0,0,0,0,0,0,0,0,0,0,0,0,0,0,0,0,0,0,0,0
0,0,0,0,0,0,0,0,0,0,0,0,0,0,0,0,0,0,0,0,0,0,0,0,0,0,0,0,0,0,0,0,0,0,0,0,0,0,0,0,0,0,0,0,0,0,7.2599702144141e-05,0.000511679657042514,0.000305932772072436,6.31635211596273e-05,0.000774210600132511,0.000356557311346235,0.000511829826726279,0.000582484763893315,0.000122575329365498,0.000556442876686176,0.000368407853453356,0.000471039195570575,0.00051510728764972,4.93988568775284e-05,0.0003485612681319,0.000409790777805574,0.000201544426167741,0.000405874980078642,0.000553465355410963,0.000851365058467132,0.000538499227967234,0.000722461753810825,0.00061467321291678,0.00023479256146877,0.000158940815637297,0.000427572666289171,0.0011802740814759,0.00138951460258839,0.001017034976591,0.000750216099586898,0.000629262943395356,0.00024542783761089,0,0,0,0,0,0,0,0,0,0,0,0,0,0,0,0,0,0,0,0,0,0
0,0,0,0,0,0,0,0,0,0,0,0,0,0,0,0,0,0,0,0,0,0,0,0,0,0,0,0,0,0,0,0,0,0,0,0,0,0,0,0,0,0,0,0,0,0,2.88926346580391e-05,0.000156860879108631,0,0,7.27540512289572e-05,0.00020190763981161,0.000726737995898122,0.000611932462411089,0.00124766859142678,0.000175574328185071,0.000393247852622318,0.000220896036284898,0.000232248323833846,0.000214006327498009,0.000344073436172723,0.000290672312469017,0.000553351677972945,0.00041967002784133,0.000607961316911411,0.000449484325507941,0.000226669659437094,0.000835304432883083,0.00053183543146646,0.000553282951704708,0.000513164180731914,0.000780736206104813,0.000554067104473847,0.00105996843500772,0.000562464746999081,0.000419234263591429,0.00011148628538654,0.00018974277152228,0,0,0,0,0,0,0,0,0,0,0,0,0,0,0,0,0,0,0,0,0,0
0,0,0,0,0,0,0,0,0,0,0,0,0,0,0,0,0,0,0,0,0,0,0,0,0,0,0,0,0,0,0,0,0,0,0,0,0,0,0,0,0,0,0,0,0,0,0,0,0,0,0.000228938718608171,0.000150484889607176,5.80637669151116e-05,0.00025022502291147,0.00121905336059793,0.000105175859638027,0.000174669710479173,0.000359766965542192,5.92770460184125e-05,0.000463738804041644,0.00103667272035335,0.000266938053536305,0.000419017222446732,0.000317426297860112,0.000250516507332308,0.000495136112733762,0.000646737594842842,0.00085632801688035,0.000338288498482187,0.00177631069142479,0.00102964669583426,0.000977393261481109,0.00068137164461501,0.00176909309763804,0.00137168930565279,3.83794637222269e-05,7.26062433267718e-05,0.000209814782242616,0,0,0,0,0,0,0,0,0,0,0,0,0,0,0,0,0,0,0,0,0,0
0,0,0,0,0,0,0,0,0,0,0,0,0,0,4.39665595757054e-05,4.09988742339126e-05,0,0.000336285750415599,6.17776205312733e-05,0,0,0,0,0,0,0,0,0,0,0,0,0,0,0,0,0,0,0,0,0,0,0,0,0,0,6.29756363735339e-05,0.000340791276354693,0,1.12763850937089e-05,6.54082508366431e-06,0.000143310637686668,0.000242800144856747,0.000153701623584992,0.000262139887284654,0.00025888752631303,0.000367618794315418,0.000321663664482965,7.78432386897818e-05,0.000718660163700248,0.000728362418911975,0.000538231797689005,1.77798912231642e-05,0.000216896124246887,0.000351294570551401,0.000456374178136841,0.000141317480579931,0.000788144538353536,0.00138907462830176,0.000223828698402778,0.000658563985414276,0.000519588314773308,0.000678292922067747,0.000758851969583497,0.000637368697424408,0.000954935746249017,6.61162949857444e-06,0.000379160825623276,9.81741781407708e-05,0,0,0,0,0,0,0,0,0,0,0,0,0,0,0,0,0,0,0,0,0,0
0,0,0,0,0,0,0,0,0,0,0,0,0,0,0.00021476547770325,0.000200269088487132,0,8.61165289195697e-05,1.58201001335584e-05,0,0,0,0,0,0,0,0,0,0,0,0,0,0,0,0,0,0,0,0,0,0,0,0,0,0,0.000284350313274284,0.00031188277399749,0,0.000305170044550738,0.000177012745271889,0.000139170158665547,0.000242684738805792,3.14577837676471e-05,7.45946718530176e-05,0.000502385992839838,0.000409724400774126,0.000156749159154379,0.000160030705069878,0.000680638289228646,0.000376471622305723,0.000710781371151941,0.000254619617855003,0.000198245436693079,0.000543128772675415,0.000788802746881775,3.66234440446883e-05,0.000178917341500212,0.00088928108839394,0.000965626532378452,0.00183587244197154,0.000986207976910971,0.00046081068335799,0.00101121278891966,0.00105704469297162,0.000324317331208883,0,0,0,0,0,0,0,0,0,0,0,0,0,0,0,0,0,0,0,0,0,0,0,0,0
0,0,0,0,0,0,0,0,0,0,0,0,0,0,0,0,0,0,0,0,0,0,0,0,0,0,0,0,0,0,0,0,0,0,0,0,0,0,0,0,0,0,0,0,0,0,0,0,0,0.000307709692638113,0.000518784167883706,0.000210491737894738,0.000350242340325163,0.000239689763978391,4.51351542723239e-05,0.000494749181590689,0.000325846231866406,0.000143300023248326,0.000111504317368569,6.36716137139509e-05,0.000526012660959825,0.000128563256824543,0.000448288332641024,0.000178246743041546,0.000369646288806673,4.41802911121709e-05,4.57407379910182e-05,0.000212680721634093,0.000675238614028435,0.00137270003850145,0.000799181177806775,8.33934305625341e-05,0.000135351443155326,5.16673566417758e-05,8.28172863314613e-05,0,0,0,0,0,0,0,0,0,0,0,0,0,0,0,0,0,0,0,0,0,0,0,0,0
0,0,0,0,0,0,0,0,0,0,0,0,4.57179698383934e-05,8.28620438498672e-05,0,0.000109602090954789,1.04148714021889e-05,0,0,0,0,0,0,0,0,0,0,0,0,0,0,0,0,0,0,0,0,0,0,0,0,0,0,0,0,0,0,0,0,0.000270991780518877,0.000357090415775611,6.69665252742015e-05,0.00026981951774695,0.000140248377949496,0,0.000172305324013492,0.000300988713961024,0.000644338233046972,8.04015225029333e-05,9.92013409271553e-05,9.9704306749385e-05,0.000268499753282597,0.000302091291801086,0.00040188630825146,0.000423140735008454,0.000484843190834218,0.000582259185408972,0.000289830840858806,0.000104324033141823,0.000203845113592834,0.000421893046507852,0.000124145739507931,1.51239661636855e-05,0,0,0,0,0,0,0,0,0,0,0,0,0,0,0,0,0,0,0,0,0,0,0,0,0,0,0
0,0,0,0,0,0,0,0,0,0,0,0,0.000132062264145854,0.000239357722165885,0,0.000347008744723542,0.000287511317755021,0.000175130350383584,1.90756645485851e-06,5.67540418254237e-06,0,0,0,0,0,0,0,0,0,0,0,0,0,0,0,0,0,0,0,0,0,0,0,0,0,0,0,0,0,0,0,0,0,0,0,1.92460388149997e-05,6.0846863363947e-05,0.000251245864496465,0.000616637718327538,0.000271051555411121,0,2.46202570703421e-05,0.000435102866610563,0.00067639636127436,0.000491458805438353,0.000406999595411951,5.9092044927221e-05,0.000387398556677605,0.000208582881121434,2.49347015407748e-05,0,0.000340948464924488,6.72422141515904e-05,0,0,0,0,0,0,0,0,0,0,0,0,0,0,0,0,0,0,0,0,0,0,0,0,0,0,0
0,0,0,0,0,0,0,0,0,0,0,0,0,0,0,0,4.16653860476802e-05,2.86672387331945e-05,0.000123872061745861,0.000368544967616738,0,0,0,0,0,0,0,0,0,0,0,0,0,0,0,0,0,0,0,0,0,0,0,0,0,0,0,0,0,0,2.89612203225722e-05,5.25073232628863e-05,0,0,0,0.000101464300229308,0.000318815772847385,0.000305295604913689,0.000454796489685964,0.000169186637204198,2.60029406685662e-05,1.35418799143448e-05,0.000118223332097401,0.000445040076010935,5.66710516119347e-05,0.000102100988693404,0.000101666358292911,0.000332875854310396,0.000416355377784436,0.000355712094689829,6.41822506960031e-06,0,0,0,0,0,0,0,0,0,0,0,0,0,0,0,0,0,0,0,0,0,0,0,0,0,0,0,0,0
0,0,0,0,0,0,0,0,0,0,0,0,0,0,0,0,7.30897942939151e-06,0.000194036681759485,1.08793616221748e-05,0,0,0,0,0,7.68113983954353e-05,0.000342776817885127,0,0,0,0,0,0,0,0,0,0,0,0,0,0,0,0,0,0,0,0,0,0,0,0,0.000148783581830375,0.000269747874584166,0,0,8.49845290840693e-05,4.09792024313845e-06,0,1.84688468212535e-05,4.17324258028517e-05,1.33488293245425e-05,0.000310777551179373,0.00030667382718817,0.00076329128042786,0.000223266628880217,3.10598624951176e-05,0.000493205401305347,0.000359489959568684,0.000406964695680117,3.56300375291044e-05,0.00059593737515203,6.1030718794493e-05,0,0,0,0,0,0,0,0,0,0,0,0,0,0,0,0,0,0,0,0,0,0,0,0,0,0,0,0,0
0,0,0,0,0,0,0,0,0,0,0,0,0,0,0,0,2.45930772956266e-05,0.000718367685541017,4.48142143523055e-05,3.10939760841456e-05,0.000259643384250443,0,0,0,1.47204838346349e-05,6.56912998848027e-05,0,0,1.47140265931929e-05,9.05810626658054e-05,0,0,0,0,0,0,0,0,0,0,0,0,0,0,0,0,0,0,0,0,0,1.88193044396383e-05,0.000429181928529808,0,0.000700205611173363,7.03147967568644e-05,0,0,0.000319250669462506,0.000136084496837437,0,0.000451562310032363,0.000117570028402006,0.000239582078726627,0.000481813976803308,0.00056930389599436,0.000163505402494413,1.02735139720434e-06,0,0,0,0,0,0,0,0,0,0,0,0,0,0,0,0,0,0,0,0,0,0,0,0,0,0,0,0,0,0,0,0
0,0,0,0,0,0,0,0,0,0,0,0,0,0,0,0,0,0,5.74887347353817e-06,0.000400722691521772,0.000242970746789999,2.24140077910252e-05,0,0,0,0,0,0,5.51564046716512e-05,0.00033954850606935,0,0,0,0,0,0,0,0,0,0,0,0,0,0,0,0,0,0,0,0,0,2.1843257455958e-06,4.98144412849582e-05,0,0.000120324727045402,2.0072415697163e-05,0,0.000200812481598073,0.000182684201633106,0,0,0,0,0,0.000295865080341595,9.11476463514343e-05,0,0,0,0,0,0,0,0,0,0,0,0,0,0,0,0,0,0,0,0,0,0,0,0,0,0,0,0,0,0,0,0,0,0
0,0,0,0,0,0,0,0,0,0,0,0,0,0.000177669270285759,3.12231965753811e-05,0,0,0,1.7348614258926e-06,0.000114173936066691,0.000301151654951894,0.000120345867644599,0,0,1.74754963818005e-05,0.000413532857604226,0,0,0,0,0,0,0,0,0,0,0,0,0,0,0,0,0,0,0,0,0,0,0,0,0,0,0,0,0,0,0,6.10052737813383e-05,5.54980429874824e-05,0,0,0,0,0,0,0,0,0,0,0,0,0,0,0,0,0,0,0,0,0,0,0,0,0,0,0,0,0,0,0,0,0,0,0,0,0,0,0,0,0
0,0,0,0,0,0,0,0,0,0,0,0.000190792311100158,0.000240365454887807,0.000247595635039581,4.35118980992786e-05,0,0,0,7.54314109773144e-07,2.94184077080753e-05,0,0,0,0,2.79730833321793e-06,6.61943376807555e-05,0,0,0,0,0,0,0,0,0,0,0,0,0,0,0,0,0,0,0,0,0,0,0,0,0,0,0,0,0,0,0,0,0,0,0,0,0,0,0,0,0,0,0,0,0,0,0,0,0,0,0,0,0,0,0,0,0,0,0,0,0,0,0,0,0,0,0,0,0,0,0,0,0,0
0,0,0,0,0,0,0,0,0,0,0,3.04634868360939e-05,3.83787471759408e-05,0,0,0,0,0,1.17456206711675e-05,0.000807889301985977,0.000113529540185329,0,0,0,0,0,0.000203297121800588,0.000196577683376162,0,0,0,0,0,0,0,0,0,0,0,0,0,0,0,0,0,0,0,0,0,0,0,0,0,0,0,0,0,0,0,0,0,0,0,0,0,0,0,0,0,0,0,0,0,0,0,0,0,0,0,0,0,0,0,0,0,0,0,0,0,0,0,0,0,0,0,0,0,0,0,0
0,0,0,0,0,0,0,0,0,0,0,0,0,0,0,0,0,0,0,2.76794815922158e-05,8.98333374746241e-06,0,0,0,8.29281082551353e-05,0.000265123695937899,5.09038420619986e-05,4.92213527612507e-05,0,0,0,0,0,0,0,0,0,0,0,0,0,0,0,0,0,0,0,0,0,0,0,0,0,0,0,0,0,0,0,0,0,0,0,0,0,0,0,0,0,0,0,0,0,0,0,0,0,0,0,0,0,0,0,0,0,0,0,0,0,0,0,0,0,0,0,0,0,0,0,0
0,0,0,0,0,0,0,0,0,0,0,0,0,0,0,0,0,0,0,0,0,0,0,0,0.000117519975283214,0.000534428220523752,0,0,0,0,0,0,0,0,0,0,0,0,0,0,0,0,0,0,0,0,0,0,0,0,0,0,0,0,0,0,0,0,0,0,0,0,0,0,0,0,0,0,0,0,0,0,0,0,0,0,0,0,0,0,0,0,0,0,0,0,0,0,0,0,0,0,0,0,0,0,0,0,0,0
0,0,0,0,0,0,0,0,0,0,0,0,0,0,0,0.000297670736497041,0.000183039595580051,6.6415840658262e-05,0,0,0,0,0,0.000345780409399322,6.92724060957157e-05,0,0.000105864450384015,1.28031629125706e-06,0.000376725778542246,3.95456142284216e-05,0,0,0,0,0,0,0,0,0,0,0,0,0,0,0,0,0,0,0,0,0,0,0,0,0,0,0,0,0,0,0,0,0,0,0,0,0,0,0,0,0,0,0,0,0,0,0,0,0,0,0,0,0,0,0,0,0,0,0,0,0,0,0,0,0,0,0,0,0,0
0,0,0,0,0,0,0,0,0,0,0,0,0,0,0,0.000120463011453515,0.000244836850985779,0.000146204073308677,0,0,0,0,0,0.000373686961730599,0.000211260222774363,0,0.000567286069896812,0.000246717445446955,0.00032407525271179,7.95418387830066e-06,0,0,0,0,0,0,0,0,0,0,0,0,0,0,0,0,0,0,0,0,0,0,0,0,0,0,0,0,0,0,0,0,0,0,0,0,0,0,0,0,0,0,0,0,0,0,0,0,0,0,0,0,0,0,0,0,0,0,0,0,0,0,0,0,0,0,0,0,0,0
0,0,0,0,0,0,0,0,0,0,0,0,0,0,0,9.74325117992922e-05,0.000337745371270976,0.000292955541527685,0,0,0,0,0,0,0,0.000117327665946959,0.000327610208580573,0.00029426400421796,0.000291913445813959,0,3.63468573549148e-05,0.000261441981556494,0,0,0,0,0,0,0,0,0,0,0,0,0,0,0,0,0,0,0,0,0,0,0,0,0,0,0,0,0,0,0,0,0,0,0,0,0,0,0,0,0,0,0,0,0,0,0,0,0,0,0,0,0,0,0,0,0,0,0,0,0,0,0,0,0,0,0,0
0,0,0,0,0,0,0,0,0,0,0,0,0,0,0,7.24505112482668e-05,0.000140785955670456,0,0.000270005229969603,0.00011853892992369,0,0.000212334540481697,0.00017310281218147,3.28893001584513e-05,0.00032501800639507,0.000175166029152848,0.000124269534907903,0,0,0.000137764290523082,0.000297053825665868,0.000177530114429736,1.09532783949791e-05,6.3167956601134e-05,0.000276328943474743,1.96205429038744e-05,1.83945542932055e-05,0.000272642519505052,0,0,0,0,0,0,0,0,0,0,0,0,0,0,0,0,0,0,0,0,0,0,0,0,0,0,0,0,0,0,0,0,0,0,0,0,0,0,0,0,0,0,0,0,0,0,0,0,0,0,0,0,0,0,0,0,0,0,0,0,0,0
0,0,0,0,0,0,0,0,0,0,0,0,0,0,0,0,0,0,7.74523538012551e-05,3.40034863054521e-05,0,6.31117013194388e-05,6.16781925307682e-05,1.59208747431606e-05,0.000129035320323572,0,0,0,0,0.000371505459294916,0.000107895941053023,0,6.29343085802884e-05,0.000479687590421891,0.000511252878799156,1.35279229778559e-05,1.32071829926022e-05,0.00019575574320914,0,0,0,0,0,0,0,0,0,0,0,0,0,0,0,0,0,0,0,0,0,0,0,0,0,0,0,0,0,0,0,0,0,0,0,0,0,0,0,0,0,0,0,0,0,0,0,0,0,0,0,0,0,0,0,0,0,0,0,0,0,0
0,0,0,0,0,0,0,0,0,0,0,0,0,0,0,0,0,0,0,0,0,0,0.000417128256082,0.000495272823040937,0.000378651047310121,8.06873327409011e-05,0,0,2.18764045337443e-05,0.000134206994935926,1.36731359278833e-05,0,0,1.6685696287559e-05,4.58408815585197e-05,0,0,0,0,0,0,0,0,0,0,0,0,0,0,0,0,0,0,0,0,0,0,0,0,0,0,0,0,0,0,0,0,0,0,0,0,0,0,0,0,0,0,0,0,0,0,0,0,0,0,0,0,0,0,0,0,0,0,0,0,0,0,0,0,0
0,0,0,0,0,0,0,0,0,0,0,0,0,0,0,0,0,0,0,0,0.000279028169848445,9.74703875956919e-05,6.43123839268363e-06,6.80769343507517e-05,3.35190039580325e-05,7.14261599094502e-06,0,0,0.000162594483292885,0.000278110511431528,0,0,6.86070770394806e-05,1.01008197371543e-05,0.000381208234735879,7.48015290818112e-05,0,0,0,0,0,0,0,0,0,0,0,0,0,0,0,0,0,0,0,0,0,0,0,0,0,0,0,0,0,0,0,0,0,0,0,0,0,0,0,0,0,0,0,0,0,0,0,0,0,0,0,0,0,0,0,0,0,0,0,0,0,0,0,0
0,0,0,0,0,0,0,0,0,0,0,0,0,0,0,0,0,0,0,0,9.15285883800987e-05,3.19728541757645e-05,0,0,0,0,0,0,0,0,0,0,0.000367226427914798,5.40656753085677e-05,7.14890445909765e-05,4.47164706657753e-05,0,0,0,0,0,0,0,0,0,0,0,0,0,0,0,0,0,0,0,0,0,0,0,0,0,0,0,0,0,0,0,0,0,0,0,0,0,0,0,0,0,0,0,0,0,0,0,0,0,0,0,0,0,0,0,0,0,0,0,0,0,0,0,0
0,0,0,0,0,0,0,0,0,0,0,0,0,0,0,0,0,0,0,0,0,0,0,2.90628459335953e-05,0.000324716696002013,0,0.000275109547321691,4.30403722282763e-05,0,0,0,0,0,0,0.000205641203915054,0.000222143517010504,0,0,0,0.000247112680866618,6.98352751753961e-05,0,0,0,0,0,0,0,0,0,0,0,0,0,0,0,0,0,0,0,0,0,0,0,0,0,0,0,0,0,0,0,0,0,0,0,0,0,0,0,0,0,0,0,0,0,0,0,0,0,0,0,0,0,0,0,0,0,0,0
0,0,0,0,0,0,0,0,0,0,0,0,0,0,0,0,0,0,0,0,0,0,0,1.20119513463517e-05,0.00013420850671804,0,0.000157248800765968,2.46012796840647e-05,0,0,0,0,1.30995151513688e-05,9.76759831005352e-05,0,0,0,0,0,0.000499193210499802,5.96987046805587e-05,0,0,0,0,0,0,0,0,0,0,0,0,0,0,0,0,0,0,0,0,0,0,0,0,0,0,0,0,0,0,0,0,0,0,0,0,0,0,0,0,0,0,0,0,0,0,0,0,0,0,0,0,0,0,0,0,0,0,0
0,0,0,0,0,0,0,0,0,0,0,0,0,0,0,0,0,0,0,0,0,0,0,0,0,0,0,0,0,0,0,0,4.60268952827348e-05,0.000343197606465361,0.000193433477433023,0.000217703777115619,0,0,0,0.000165342327273439,0.000249078057721622,0,0,0,0,0,1.60495447854497e-05,0.000148551565292255,0,0,0,0,0,0,0,0,0,0,0,0,0,0,0,0,0,0,0,0,0,0,0,0,0,0,0,0,0,0,0,0,0,0,0,0,0,0,0,0,0,0,0,0,0,0,0,0,0,0,0,0
0,0,0,0,0,0,0,0,0,0,0,0,0,0,0,0,0,0,0,0,0,0,0,0,0,0,0,0,0.000159310595375472,1.65769525126941e-05,0,0,0,0,4.18084950384085e-05,4.70542504129497e-05,0,0,0,0.000213573856224498,0.000311746521475955,0,0,0.000246675821280462,0.000235387535219573,0,3.27033001311886e-05,0.000302695589791107,0,0,0,0,0,0,0,0,0,0,0,0,0,0,0,0,0,0,0,0,0,0,0,0,0,0,0,0,0,0,0,0,0,0,0,0,0,0,0,0,0,0,0,0,0,0,0,0,0,0,0,0
0,0,0,0,0,0,0,0,0,0,0,0,0,0,0,0,0,0,0,0,0,0,0,0,0,5.47922613479663e-05,0.000316513974545298,0,0.000293565680655068,3.05467714567654e-05,0,2.72104573033793e-05,0.000207037014714405,0,0,0,0,0,0,0.000334974923386677,0.000349444442695433,4.82710814154262e-06,3.15128196897713e-05,9.17832937664577e-06,8.75831412331928e-06,0,0,0,0,0,0,0,0,0,0,0,0,0,0,0,0,0,0,0,0,0,0,0,0,0,0,0,0,0,0,0,0,0,0,0,0,0,0,0,0,0,0,0,0,0,0,0,0,0,0,0,0,0,0,0
0,0,0,0,0,0,0,0,0,0,0,0,0,0,0,0,0,0,0,0,0,0,0,0,0,2.55201279001154e-05,0.000183457304029962,6.81307209130001e-05,0,0,0,3.08701210460712e-05,0.000234882406936144,0,0,0,0,0,0,0,0.000137726208349196,7.16451398457057e-05,0.000402071141126696,0,0,0,0,0,0,0,0,0,0,0,0,0,0,0,0,0,0,0,0,0,0,0,0,0,0,0,0,0,0,0,0,0,0,0,0,0,0,0,0,0,0,0,0,0,0,0,0,0,0,0,0,0,0,0,0,0
0,0,0,0,0,0,0,0,0,0,0,0,0,0,0,0,0,0,0,0,0,0,0,0,0,0.000244372832740625,0.000423758136390672,0.000183454642132361,0,0,1.61655446208292e-05,6.88220733705017e-05,0,8.63364326166707e-05,0.000400407152037486,0,0,0,0,0,0.000520178494361451,0.000219944519816481,0,0,0,0.000169243435593901,0.000170569076493761,0,0,0,0,0,0,0,0,0,0,0,0,0,0,0,0,0,0,0,0,0,0,0,0,0,0,0,0,0,0,0,0,0,0,0,0,0,0,0,0,0,0,0,0,0,0,0,0,0,0,0,0,0
0,0,0,0,0,0,0,0,0,0,0,0,0,0,0,0,0,0,0,0,0,0,0,0,0,0,0,0,0,0,7.89397483789004e-05,0.000336072633629769,0,2.35136455071759e-06,0.000247727570638129,3.75056761311537e-05,0,0,0,0,5.54623101641445e-05,0.000178942488442286,2.63726832472919e-05,0,0,7.97812906502009e-05,8.04061972621377e-05,0,0,0,0,0,0,0,0,0,0,0,0,0,0,0,0,0,0,0,0,0,0,0,0,0,0,0,0,0,0,0,0,0,0,0,0,0,0,0,0,0,0,0,0,0,0,0,0,0,0,0,0,0
0,0,0,0,0,0,0,0,0,0,0,0,0,0,0,0,0,0,0,0,0,0,0,0,0,0,0,0,0,0,0,0,0,0,0.000194818345584685,3.08534584411579e-05,0,0,0,0,0,0.000289002096804151,6.23149900112842e-05,0,0,0,0,0,0,0.000361824328876476,4.86913015429843e-05,0,0,0,0,0,0,0,0,0,0,0,0,0,0,0,0,0,0,0,0,0,0,0,0,0,0,0,0,0,0,0,0,0,0,0,0,0,0,0,0,0,0,0,0,0,0,0,0,0
0,0,0,0,0,0,0,0,0,0,0,0,0,0,0,0,0,0,0,0,0,0,0,0,0,0,0.000122762387685909,3.99300570416785e-06,0,0,0,0,0,0,0,0,0,0,0,0,0,0,0,0,3.63122654188296e-05,0.000141914845372354,0,3.50337856409866e-07,0.000386960585318868,7.88706192144987e-05,1.06137503660405e-05,0,0,0,0,0,0,0,0,0,0,0,0,0,0,0,0,0,0,0,0,0,0,0,0,0,0,0,0,0,0,0,0,0,0,0,0,0,0,0,0,0,0,0,0,0,0,0,0,0
0,0,0,0,0,0,0,0,0,0,0,0,0,0,0,0,0,0,0,0,0,0,0,0,0,0,0.000361486780742452,1.1757825867471e-05,0,0,0,0,0,0,0,0,0.00028624072480848,0.000205837894026899,0,0,0,0,0,0,6.55585028880586e-05,0.000256214386320757,0,1.01931671051047e-07,0.000496479086879062,2.67775825427461e-05,0,0,0,0,0,0,0,0,0,0,0,0,0,0,0,0,0,0,0,0,0,0,0,0,0,0,0,0,0,0,0,0,0,0,0,0,0,0,0,0,0,0,0,0,0,0,0,0,0,0
0,0,0,0,0,0,0,0,0,0,0,0,0,0,0,0,0,0,0,0,0,0,0,0,0,0,0,0,0,0,0,0,0,0,0,4.08113219215791e-05,1.03499392712976e-05,3.31353640312395e-06,0,0,0,0,0,0,0,0,0.000475754093891593,1.75970821542701e-05,8.35057089884441e-05,5.824766743419e-06,0,0,0,0,0,0,0,0,0,0,0,0,0,0,0,0,0,0,0,0,0,0,0,0,0,0,0,0,0,0,0,0,0,0,0,0,0,0,0,0,0,0,0,0,0,0,0,0,0,0
0,0,0,0,0,0,0,0,0,0,0,0,0,0,0,0,0,0,0,0,0,0,0,0,0,0,0,0,0,0,0,0,0,0,0,0.000397516571604084,5.59300119645363e-05,0,0,0,0,0,0,0,0,3.35461716992117e-06,6.27093320131776e-05,2.37153384913292e-07,0,1.03793762492118e-06,0.000157777171908003,0,0,0,0,0,0,0,0,0,0,0,0,0,0,0,0,0,0,0,0,0,0,0,0,0,0,0,0,0,0,0,0,0,0,0,0,0,0,0,0,0,0,0,0,0,0,0,0,0
0,0,0,0,0,0,0,0,0,0,0,0,0,0,0,0,0,0,0,0,0,0,0,0,0,0,0,0,0,0,0,0,0,0,0,0,0,0,0,0,0,0,0.000129915106952982,6.46863716449848e-05,0,2.47634803099369e-05,0.000415584241076188,0,0,2.22981702378247e-06,0.000338955073443294,0,0,0,0,0,0,0,0,0,0,0,0,0,0,0,0,0,0,0,0,0,0,0,0,0,0,0,0,0,0,0,0,0,0,0,0,0,0,0,0,0,0,0,0,0,0,0,0,0
0,0,0,0,0,0,0,0,0,0,0,0,0,0,0,0,0,0,0,0,0,0,0,0,0,0,0,0,0,0,0,0,0,0,0,0,0,0,0,0,0,0,0.000203882734381455,0.000101515787020578,0,0,0,0,0,9.75537171426325e-05,0.000334150121134277,0.00018643997940059,0,0,0,0,0,0,0,0,0,0,0,0,0,0,0,0,0,0,0,0,0,0,0,0,0,0,0,0,0,0,0,0,0,0,0,0,0,0,0,0,0,0,0,0,0,0,0,0
0,0,0,0,0,0,0,0,0,0,0,0,0,0,0,0,0,0,0,0,0,0,0,0,0,0,0,0,0,0,0,0,0,0,0,0,0,0,0,0,0,0,0,0,0,0,0,5.30070667269121e-05,8.5715006331946e-05,0.000139870336243009,0.000265170274011532,5.00951544134092e-05,0,0,0,0,0,0,0,0,0,0,0,0,0,0,0,0,0,0,0,0,0,0,0,0,0,0,0,0,0,0,0,0,0,0,0,0,0,0,0,0,0,0,0,0,0,0,0,0
0,0,0,0,0,0,0,0,0,0,0,0,0,0,0,0,0,0,0,0,0,0,0,0,0,0,0,0,0,0,0,0,0,0,0,0,0,0,0,0,0,0,0,0,0,0,0,0.000138047844571962,0.00022323008236918,0,0.000364657961509828,6.20624561447222e-05,0,0,0,0,0,0,0,0,0,0,0,0,0,0,0,0,0,0,0,0,0,0,0,0,0,0,0,0,0,0,0,0,0,0,0,0,0,0,0,0,0,0,0,0,0,0,0,0
0,0,0,0,0,0,0,0,0,0,0,0,0,0,0,0,0,0,0,0,0,0,0,0,0,0,0,0,0,0,0,0,0,0,0,0,0,0,0,0,0,0,0,0,0,0,0,0,0,0,0,0,0,0,0,0,0,0,0,0,0,0,0,0,0,0,0,0,0,0,0,0,0,0,0,0,0,0,0,0,0,0,0,0,0,0,0,0,0,0,0,0,0,0,0,0,0,0,0,0
0,0,0,0,0,0,0,0,0,0,0,0,0,0,0,0,0,0,0,0,0,0,0,0,0,0,0,0,0,0,0,0,0,0,0,0,0,0,0,0,0,0,0,1.33619012450235e-05,0.000400219686622467,0,0,0,0,0,0,0,0,0,0,0,0,0,0,0,0,0,0,0,0,0,0,0,0,0,0,0,0,0,0,0,0,0,0,0,0,0,0,0,0,0,0,0,0,0,0,0,0,0,0,0,0,0,0,0
0,0,0,0,0,0,0,0,0,0,0,0,0,0,0,0,0,0,0,0,0,0,0,0,0,0,0,0,0,0,0,0,0,0,0,0,0,0,0,0,0,0,0,2.79198669026896e-06,8.36264254422406e-05,0,0,0,0,0,0,0,0,0,0,0,0,0,0,0,0,0,0,0,0,0,0,0,0,0,0,0,0,0,0,0,0,0,0,0,0,0,0,0,0,0,0,0,0,0,0,0,0,0,0,0,0,0,0,0
0,0,0,0,0,0,0,0,0,0,0,0,0,0,0,0,0,0,0,0,0,0,0,0,0,0,0,0,0,0,0,0,0,0,0,0,0,0,0,0,0,0,0,0,0,0,0,0,0,0,0,0,0,0,0,0,0,0,0,0,0,0,0,0,0,0,0,0,0,0,0,0,0,0,0,0,0,0,0,0,0,0,0,0,0,0,0,0,0,0,0,0,0,0,0,0,0,0,0,0
0,0,0,0,0,0,0,0,0,0,0,0,0,0,0,0,0,0,0,0,0,0,0,0,0,0,0,0,0,0,0,0,0,0,0,0,0,0,0,0,0,0,0,0,0,0,0,0,0,0,0,0,0,0,0,0,0,0,0,0,0,0,0,0,0,0,0,0,0,0,0,0,0,0,0,0,0,0,0,0,0,0,0,0,0,0,0,0,0,0,0,0,0,0,0,0,0,0,0,0
0,0,0,0,0,0,0,0,0,0,0,0,0,0,0,0,0,0,0,0,0,0,0,0,0,0,0,0,0,0,0,0,0,0,0,0,0,0,0,0,0,0,0,0,0,0,0,0,0,0,0,0,0,0,0,0,0,0,0,0,0,0,0,0,0,0,0,0,0,0,0,0,0,0,0,0,0,0,0,0,0,0,0,0,0,0,0,0,0,0,0,0,0,0,0,0,0,0,0,0
0,0,0,0,0,0,0,0,0,0,0,0,0,0,0,0,0,0,0,0,0,0,0,0,0,0,0,0,0,0,0,0,0,0,0,0,0,0,0,0,0,0,0,0,0,0,0,0,0,0,0,0,0,0,0,0,0,0,0,0,0,0,0,0,0,0,0,0,0,0,0,0,0,0,0,0,0,0,0,0,0,0,0,0,0,0,0,0,0,0,0,0,0,0,0,0,0,0,0,0
0,0,0,0,0,0,0,0,0,0,0,0,0,0,0,0,0,0,0,0,0,0,0,0,0,0,0,0,0,0,0,0,0,0,0,0,0,0,0,0,0,0,0,0,0,0,0,0,0,0,0,0,0,0,0,0,0,0,0,0,0,0,0,0,0,0,0,0,0,0,0,0,0,0,0,0,0,0,0,0,0,0,0,0,0,0,0,0,0,0,0,0,0,0,0,0,0,0,0,0
0,0,0,0,0,0,0,0,0,0,0,0,0,0,0,0,0,0,0,0,0,0,0,0,0,0,0,0,0,0,0,0,0,0,0,0,0,0,0,0,0,0,0,0,0,0,0,0,0,0,0,0,0,0,0,0,0,0,0,0,0,0,0,0,0,0,0,0,0,0,0,0,0,0,0,0,0,0,0,0,0,0,0,0,0,0,0,0,0,0,0,0,0,0,0,0,0,0,0,0
0,0,0,0,0,0,0,0,0,0,0,0,0,0,0,0,0,0,0,0,0,0,0,0,0,0,0,0,0,0,0,0,0,0,0,0,0,0,0,0,0,0,0,0,0,0,0,0,0,0,0,0,0,0,0,0,0,0,0,0,0,0,0,0,0,0,0,0,0,0,0,0,0,0,0,0,0,0,0,0,0,0,0,0,0,0,0,0,0,0,0,0,0,0,0,0,0,0,0,0
0,0,0,0,0,0,0,0,0,0,0,0,0,0,0,0,0,0,0,0,0,0,0,0,0,0,0,0,0,0,0,0,0,0,0,0,0,0,0,0,0,0,0,0,0,0,0,0,0,0,0,0,0,0,0,0,0,0,0,0,0,0,0,0,0,0,0,0,0,0,0,0,0,0,0,0,0,0,0,0,0,0,0,0,0,0,0,0,0,0,0,0,0,0,0,0,0,0,0,0
0,0,0,0,0,0,0,0,0,0,0,0,0,0,0,0,0,0,0,0,0,0,0,0,0,0,0,0,0,0,0,0,0,0,0,0,0,0,0,0,0,0,0,0,0,0,0,0,0,0,0,0,0,0,0,0,0,0,0,0,0,0,0,0,0,0,0,0,0,0,0,0,0,0,0,0,0,0,0,0,0,0,0,0,0,0,0,0,0,0,0,0,0,0,0,0,0,0,0,0
0,0,0,0,0,0,0,0,0,0,0,0,0,0,0,0,0,0,0,0,0,0,0,0,0,0,0,0,0,0,0,0,0,0,0,0,0,0,0,0,0,0,0,0,0,0,0,0,0,0,0,0,0,0,0,0,0,0,0,0,0,0,0,0,0,0,0,0,0,0,0,0,0,0,0,0,0,0,0,0,0,0,0,0,0,0,0,0,0,0,0,0,0,0,0,0,0,0,0,0
0,0,0,0,0,0,0,0,0,0,0,0,0,0,0,0,0,0,0,0,0,0,0,0,0,0,0,0,0,0,0,0,0,0,0,0,0,0,0,0,0,0,0,0,0,0,0,0,0,0,0,0,0,0,0,0,0,0,0,0,0,0,0,0,0,0,0,0,0,0,0,0,0,0,0,0,0,0,0,0,0,0,0,0,0,0,0,0,0,0,0,0,0,0,0,0,0,0,0,0
