0,0,0,0,0,0,0,0,0,0,0,0,0,0,0,0,0,0,0,0,0,0,0,0,0,0,0,0,0,0,0,0,0,0,0,0,0,0,0,0,0,0,0,0,0,0,0,0,0,0,0,0,0,0,0,0,0,0,0,0,0,0,0,0,0,0,0,0,0,0,0,0,0,0,0,0,0,0,0,0,0,0,0,0,0,0,0,0,0,0,0,0,0,0,0,0,0,0,0,0
0,0,0,0,0,0,0,0,0,0,0,0,0,0,0,0,0,0,0,0,0,0,0,0,0,0,0,0,0,0,0,0,0,0,0,0,0,0,0,0,0,0,0,0,0,0,0,0,0,0,0,0,0,0,0,0,0,0,0,0,0,0,0,0,0,0,0,0,0,0,0,0,0,0,0,0,0,0,0,0,0,0,0,0,0,0,0,0,0,0,0,0,0,0,0,0,0,0,0,0
0,0,0,0,0,0,0,0,0,0,0,0,0,0,0,0,0,0,0,0,0,0,0,0,0,0,0,0,0,0,0,0,0,0,0,0,0,0,0,0,0,0,0,0,0,0,0,0,0,0,0,0,0,0,0,0,0,0,0,0,0,0,0,0,0,0,0,0,0,0,0,0,0,0,0,0,0,0,0,0,0,0,0,0,0,0,0,0,0,0,0,0,0,0,0,0,0,0,0,0
0,0,0,0,0,0,0,0,0,0,0,0,0,0,0,0,0,0,0,0,0,0,0,0,0,0,0,0,0,0,0,0,0,0,0,0,0,0,0,0,0,0,0,0,0,0,0,0,0,0,0,0,0,0,0,0,0,0,0,0,0,0,0,0,0,0,0,0,0,0,0,0,0,0,0,0,0,0,0,0,0,0,0,0,0,0,0,0,0,0,0,0,0,0,0,0,0,0,0,0
0,0,0,0,0,0,0,0,0,0,0,0,0,0,0,0,0,0,0,0,0,0,0,0,0,0,0,0,0,0,0,0,0,0,0,0,0,0,0,0,0,0,0,0,0,0,0,0,0,0,0,0,0,0,0,0,0,0,0,0,0,0,0,0,0,0,0,0,0,0,0,0,0,0,0,0,0,0,0,0,0,0,0,0,0,0,0,0,0,0,0,0,0,0,0,0,0,0,0,0
0,0,0,0,0,0,0,0,0,0,0,0,0,0,0,0,0,0,0,0,0,0,0,0,0,0,0,0,0,0,0,0,0,0,0,0,0,0,0,0,0,0,0,0,0,0,0,0,0,0,0,0,0,0,0,0,0,0,0,0,0,0,0,0,0,0,0,0,0,0,0,0,0,0,0,0,0,0,0,0,0,0,0,0,0,0,0,0,0,0,0,0,0,0,0,0,0,0,0,0
0,0,0,0,0,0,0,0,0,0,0,0,0,0,0,0,0,0,0,0,0,0,0,0,0,0,0,0,0,0,0,0,0,0,0,0,0,0,0,0,0,0,0,0,0,0,0,0,0,0,0,0,0,0,0,0,0,0,0,0,0,0,0,0,0,0,0,0,0,0,0,0,0,0,0,0,0,0,0,0,0,0,0,0,0,0,0,0,0,0,0,0,0,0,0,0,0,0,0,0
0,0,0,0,0,0,0,0,0,0,0,0,0,0,0,0,0,0,0,0,0,0,0,0,0,0,0,0,0,0,0,0,0,0,0,0,0,0,0,0,0,0,0,0,0,0,0,0,0,0,0,0,0,0,0,0,0,0,0,0,0,0,0,0,0,0,0,0,0,0,0,0,0,0,0,0,0,0,0,0,0,0,0,0,0,0,0,0,0,0,0,0,0,0,0,0,0,0,0,0
0,0,0,0,0,0,0,0,0,0,0,0,0,0,0,0,0,0,0,0,0,0,0,0,0,0,0,0,0,0,0,0,0,0,0,0,0,0,0,0,0,0,0,0,0,0,0,0,0,0,0,0,0,0,0,0,0,0,0,0,0,0,0,0,0,0,0,0,0,0,0,0,0,0,0,0,0,0,0,0,0,0,0,0,0,0,0,0,0,0,0,0,0,0,0,0,0,0,0,0
0,0,0,0,0,0,0,0,0,0,0,0,0,0,0,0,0,0,0,0,0,0,0,0,0,0,0,0,0,0,0,0,0,0,0,0,0,0,0,0,0,0,0,0,0,0,0,0,0,0,0,0,0,0,0,0,0,0,0,0,0,0,0,0,0,0,0,0,0,0,0,0,0,0,0,0,0,0,0,0,0,0,0,0,0,0,0,0,0,0,0,0,0,0,0,0,0,0,0,0
0,0,0,0,0,0,0,0,0,0,0,0,0,0,0,0,0,0,0,0,0,0,0,0,0,0,0,0,0,0,0,0,0,0,0,0,0,0,0,0,0,0,0,0,0,0,0,0,0,0,0,0,0,0,0,0,0,0,0,0,0,0,0,0,0,0,0,0,0,0,0,0,0,0,0,0,0,0,0,0,0,0,0,0,0,0,0,0,0,0,0,0,0,0,0,0,0,0,0,0
0,0,0,0,0,0,0,0,0,0,0,0,0,0,0,0,0,0,0,0,0,0,0,0,0,0,0,0,0,0,0,0,0,0,0,0,0,0,0,0,0,0,0,0,0,0,0,0,0,0,0,0,0,0,0,0,0,0,0,0,0,0,0,0,0,0,0,0,0,0,0,0,0,0,0,0,0,0,0,0,0,0,0,0,0,0,0,0,0,0,0,0,0,0,0,0,0,0,0,0
0,0,0,0,0,0,0,0,0,0,0,0,0,0,0,0,0,0,0,0,0,0,0,0,0,0,0,0,0,0,0,0,0,0,0,0,0,0,0,0,0,0,0,0,0,0,0,0,0,0,0,0,0,0,0,0,0,0,0,0,0,0,0,0,0,0,0,0,0,0,0,0,0,0,0,0,0,0,0,0,0,0,0,0,0,0,0,0,0,0,0,0,0,0,0,0,0,0,0,0
0,0,0,0,0,0,0,0,0,0,0,0,0,0,0,0,0,0,0,0,0,0,0,0,0,0,0,0,0,0,0,0,0,0,0,0,0,0,0,0,0,0,0,0,0,0,0,0,0,0,0,0,0,0,0,0,0,0,0,0,0,0,0,0,0,0,0,0,0,0,0,0,0,0,0,0,0,0,0,0,0,0,0,0,0,0,0,0,0,0,0,0,0,0,0,0,0,0,0,0
0,0,0,0,0,0,0,0,0,0,0,0,0,0,0,0,0,0,0,0,0,0,0,0,0,0,0,0,0,0,0,0,0,0,0,0,0,0,0,0,0,0,0,0,0,0,0,0,0,0,0,0,0,0,0,0,0,0,0,0,0,0,0,0,0,0,0,0,0,0,0,0,0,0,0,0,0,0,0,0,0,0,0,0,0,0,0,0,0,0,0,0,0,0,0,0,0,0,0,0
0,0,0,0,0,0,0,0,0,0,0,0,0,0,0,0,0,0,0,0,0,0,0,0,0,0,0,0,0,0,0,0,0,0,0,0,0,0,0,0,0,0,0,0,0,0,0,0,0,0,0,0,0,0,0,0,0,0,0,0,0,0,0,0,0,0,0,0,0,0,0,0,0,0,0,0,0,0,0,0,0,0,0,0,0,0,0,0,0,0,0,0,0,0,0,0,0,0,0,0
0,0,0,0,0,0,0,0,0,0,0,0,0,0,0,0,0,0,0,0,0,0,0,0,0,0,0,0,0,0,0,0,0,0,0,0,0,0,0,0,0,0,0,0,0,0,0,0,0,0,0,0,0,0,0,0,0,0,0,0,0,0,0,0,0,0,0,0,0,0,0,0,0,0,0,0,0,0,0,0,0,0,0,0,0,0,0,0,0,0,0,0,0,0,0,0,0,0,0,0
0,0,0,0,0,0,0,0,0,0,0,0,0,0,0,0,0,0,0,0,0,0,0,0,0,0,0,0,0,0,0,0,0,0,0,0,0,0,0,0,0,0,0,0,0,0,0,0,0,0,0,0,0,0,0,0,0,0,0,0,0,0,0,0,0,0,0,0,0,0,0,0,0,0,0,0,0,0,0,0,0,0,0,0,0,0,0,0,0,0,0,0,0,0,0,0,0,0,0,0
0,0,0,0,0,0,0,0,0,0,0,0,0,0,0,0,0,0,0,0,0,0,0,0,0,0,0,0,0,0,0,0,0,0,0,0,0,0,0,0,0,0,0,0,0,0,0,0,0,0,0,0,0,0,0,0,0,0,0,0,0,0,0,0,0,0,0,0,0,0,0,0,0,0,0,0,0,0,0,0,0,0,0,0,0,0,0,0,0,0,0,0,0,0,0,0,0,0,0,0
0,0,0,0,0,0,0,0,0,0,0,0,0,0,0,0,0,0,0,0,0,0,0,0,0,0,0,0,0,0,0,0,0,0,0,0,0,0,0,0,0,0,0,0,0,0,0,0,0,0,0,0,0,0,0,0,0,0,0,0,0,0,0,0,0,0,0,0,0,0,0,0,0,0,0,0,0,0,0,0,0,0,0,0,0,0,0,0,0,0,0,0,0,0,0,0,0,0,0,0
0,0,0,0,0,0,0,0,0,0,0,0,0,0,0,0,0,0,0,0,0,0,0,0,0,0,0,0,0,0,0,0,0,0,0,0,0,0,0,0,0,0,0,0,0,0,0,0,0,0,0,0,0,0,0,0,0,0,0,0,0,0,0,0,0,0,0,0,0,0,0,0,0,0,0,0,0,0,0,0,0,0,0,0,0,0,0,0,0,0,0,0,0,0,0,0,0,0,0,0
0,0,0,0,0,0,0,0,0,0,0,0,0,0,0,0,0,0,0,0,0,0,0,0,0,0,0,0,0,0,0,0,0,0,0,0,0,0,0,0,0,0,0,0,0,0,0,0,0,0,0,0,0,0,0,0,0,0,0,0,0,0,0,0,0,0,0,0,0,0,0,0,0,0,0,0,0,0,0,0,0,0,0,0,0,0,0,0,0,0,0,0,0,0,0,0,0,0,0,0
0,0,0,0,0,0,0,0,0,0,0,0,0,0,0,0,0,0,0,0,0,0,0,0,0,0,0,0,0,0,0,0,0,0,0,0,0,0,0,0,0,0,0,0,0,0,0,0,0,0,0,0,0,0,0,0,0,0,0,0,0,0,0,0,0,0,0,0,0,0,0,0,0,0,0,0,0,0,0,0,0,0,0,0,0,0,0,0,0,0,0,0,0,0,0,0,0,0,0,0
0,0,0,0,0,0,0,0,0,0,0,0,0,0,0,0,0,0,0,0,0,0,0,0,0,0,0,0,0,0,0,0,0,0,0,0,0,0,0,0,0,0,0,0,0,0,0,0,0,0,0,0,0,0,0,0,0,0,0,0,0,0,0,0,0,0,0,0,0,0,0,0,0,0,0,0,0,0,0,0,0,0,0,0,0,0,0,0,0,0,0,0,0,0,0,0,0,0,0,0
0,0,0,0,0,0,0,0,0,0,0,0,0,0,0,0,0,0,0,0,0,0,0,0,0,0,0,0,0,0,0,0,0,0,0,0,0,0,0,0,0,0,0,0,0,0,0,0,0,0,0,0,0,0,0,0,0,0,0,0,0,0,0,0,0,0,0,0,0,0,0,0,0,0,0,0,0,0,0,0,0,0,0,0,0,0,0,0,0,0,0,0,0,0,0,0,0,0,0,0
0,0,0,0,0,0,0,0,0,0,0,0,0,0,0,0,0,0,0,0,0,0,0,0,0,0,0,0,0,0,0,0,0,0,0,0,0,0,0,0,0,0,0,0,0,0,0,0,0,0,0,0,0,0,0,0,0,0,0,0,0,0,0,0,0,0,0,0,0,0,0,0,0,0,0,0,0,0,0,0,0,0,0,0,0,0,0,0,0,0,0,0,0,0,0,0,0,0,0,0
0,0,0,0,0,0,0,0,0,0,0,0,0,0,0,0,0,0,0,0,0,0,0,0,0,0,0,0,0,0,0,0,0,0,0,0,0,0,0,0,0,0,0,0,0,0,0,0,0,0,0,0,0,0,0,0,0,0,0,0,0,0,0,0,0,0,0,0,0,0,0,0,0,0,0,0,0,0,0,0,0,0,0,0,0,0,0,0,0,0,0,0,0,0,0,0,0,0,0,0
0,0,0,0,0,0,0,0,0,0,0,0,0,0,0,0,0,0,0,0,0,0,0,0,0,0,0,0,0,0,0,0,0,0,0,0,0,0,0,0,0,0,0,0,0,0,0,0,0,0,0,0,0,0,0,0,0,0,0,0,0,0,0,0,0,0,0,0,0,0,0,0,0,0,0,0,0,0,0,0,0,0,0,0,0,0,0,0,0,0,0,0,0,0,0,0,0,0,0,0
0,0,0,0,0,0,0,0,0,0,0,0,0,0,0,0,0,0,0,0,0,0,0,0,0,0,0,0,0,0,0,0,0,0,0,0,0,0,0,0,0,0,0,0,0,0,0,0,0,0,0,0,0,0,0,0,0,0,0,0,0,0,0,0,0,0,0,0,0,0,0,0,0,0,0,0,0,0,0,0,0,0,0,0,0,0,0,0,0,0,0,0,0,0,0,0,0,0,0,0
0,0,0,0,0,0,0,0,0,0,0,0,0,0,0,0,0,0,0,0,0,0,0,0,0,0,0,0,0,0,0,0,0,0,0,0,0,0,0,0,0,0,0,0,0,0,0,0,0,0,0,0,0,0,0,0,0,0,0,0,0,0,0,0,0,0,0,0,0,0,0,0,0,0,0,0,0,0,0,0,0,0,0,0,0,0,0,0,0,0,0,0,0,0,0,0,0,0,0,0
0,0,0,0,0,0,0,0,0,0,0,0,0,0,0,0,0,0,0,0,0,0,0,0,0,0,0,0,0,0,0,0,0,0,0,0,0,0,0,0,0,0,0,0,0,0,0,0,0,0,0,0,0,0,0,0,0,0,0,0,0,0,0,0,0,0,0,0,0,0,0,0,0,0,0,0,0,0,0,0,0,0,0,0,0,0,0,0,0,0,0,0,0,0,0,0,0,0,0,0
0,0,0,0,0,0,0,0,0,0,0,0,0,0,0,0,0,0,0,0,0,0,0,0,0,0,0,0,0,0,0,0,0,0,0,0,0,0,0,0,0,0,0,0,0,0,0,0,0,0,0,0,0,0,0,0,0,0,0,0,0,0,0,0,0,0,0,0,0,0,0,0,0,0,0,0,0,0,0,0,0,0,0,0,0,0,0,0,0,0,0,0,0,0,0,0,0,0,0,0
0,0,0,0,0,0,0,0,0,0,0,0,0,0,0,0,0,0,0,0,0,0,0,0,0,0,0,0,0,0,0,0,0,0,0,0,0,0,0,0,0,0,0,0,0,0,0,0,0,0,0,0,0,0,0,0,0,0,0,0,0,0,0,0,0,0,0,0,0,0,0,0,0,0,0,0,0,0,0,0,0,0,0,0,0,0,0,0,0,0,0,0,0,0,0,0,0,0,0,0
0,0,0,0,0,0,0,0,0,0,0,0,0,0,0,0,0,0,0,0,0,0,0,0,0,0,0,0,0,0,0,0,0,0,0,0,0,0,0,0,0,0,0,0,0,0,0,0,0,0,0,0,0,0,0,0,0,0,0,0,0,0,0,0,0,0,0,0,0,0,0,0,0,0,0,0,0,0,0,0,0,0,0,0,0,0,0,0,0,0,0,0,0,0,0,0,0,0,0,0
0,0,0,0,0,0,0,0,0,0,0,0,0,0,0,0,0,0,0,0,0,0,0,0,0,0,0,0,0,0,0,0,0,0,0,0,0,0,0,0,0,0,0,0,0,0,0,0,0,0,0,0,0,0,0,0,0,0,0,0,0,0,0,0,0,0,0,0,0,0,0,0,0,0,0,0,0,0,0,0,0,0,0,0,0,0,0,0,0,0,0,0,0,0,0,0,0,0,0,0
0,0,0,0,0,0,0,0,0,0,0,0,0,0,0,0,0,0,0,0,0,0,0,0,0,0,0,0,0,0,0,0,0,0,0,0,0,0,0,0,0,0,0,0,0,0,0,0,0,0,0,0,0,0,0,0,0,0,0,0,0,0,0,0,0,0,0,0,0,0,0,0,0,0,0,0,0,0,0,0,0,0,0,0,0,0,0,0,0,0,0,0,0,0,0,0,0,0,0,0
0,0,0,0,0,0,0,0,0,0,0,0,0,0,0,0,0,0,0,0,0,0,0,0,0,0,0,0,0,0,0,0,0,0,0,0,0,0,0,0,0,0,0,0,0,0,0,0,0,0,0,0,0,0,0,0,0,0,0,0,0,0,0,0,0,0,0,0,0,0,0,0,0,0,0,0,0,0,0,0,0,0,0,0,0,0,0,0,0,0,0,0,0,0,0,0,0,0,0,0
0,0,0,0,0,0,0,0,0,0,0,0,0,0,0,0,0,0,0,0,0,0,0,0,0,0,0,0,0,0,0,0,0,0,0,0,0,0,0,0,0,0,0,0,0,0,0,0,0,0,0,0,0,0,0,0,0,0,0,0,0,0,0,0,0,0,0,0,0,0,0,0,0,0,0,0,0,0,0,0,0,0,0,0,0,0,0,0,0,0,0,0,0,0,0,0,0,0,0,0
0,0,0,0,0,0,0,0,0,0,0,0,0,0,0,0,0,0,0,0,0,0,0,0,0,0,0,0,0,0,0,0,0,0,0,0,0,0,0,0,0,0,0,0,0,0,0,0,0,0,0,0,0,0,0,0,0,0,0,0,0,0,0,0,0,0,0,0,0,0,0,0,0,0,0,0,0,0,0,0,0,0,0,0,0,0,0,0,0,0,0,0,0,0,0,0,0,0,0,0
0,0,0,0,0,0,0,0,0,0,0,0,0,0,0,0,0,0,0,0,0,0,0,0,0,0,0,0,0,0,0,0,0,0,0,0,0,0,0,0,0,0,0,0,0,0,0,0,0,0,0,0,0,0,0,0,0,0,0,0,0,0,0,0,0,0,0,0,0,0,0,0,0,0,0,0,0,0,0,0,0,0,0,0,0,0,0,0,0,0,0,0,0,0,0,0,0,0,0,0
0,0,0,0,0,0,0,0,0,0,0,0,0,0,0,0,0,0,0,0,0,0,0,0,0,0,0,0,0,0,0,0,0,0,0,0,0,0,0,0,0,0,0,0,0,0,0,0,0,0,0,0,0,0,0,0,0,0,0,0,0,0,0,0,0,0,0,0,0,0,0,0,0,0,0,0,0,0,0,0,0,0,0,0,0,0,0,0,0,0,0,0,0,0,0,0,0,0,0,0
0,0,0,0,0,0,0,0,0,0,0,0,0,0,0,0,0,0,0,0,0,0,0,0,0,0,0,0,0,0,0,0,0,0,0,0,0,0,0,0,0,0,0,0,0,0,0,0,0,0,0,0,0,0,0,0,0,0,0,0,0,0,0,0,0,0,0,0,0,0,0,0,0,0,0,0,0,0,0,0,0,0,0,0,0,0,0,0,0,0,0,0,0,0,0,0,0,0,0,0
0,0,0,0,0,0,0,0,0,0,0,0,0,0,0,0,0,0,0,0,0,0,0,0,0,0,0,0,0,0,0,0,0,0,0,0,0,0,0,0,0,0,0,0,0,0,0,0,0,0,0,0,0,0,0,0,0,0,0,0,0,0,0,0,0,0,0,0,0,0,0,0,0,0,0,0,0,0,0,0,0,0,0,0,0,0,0,0,0,0,0,0,0,0,0,0,0,0,0,0
0,0,0,0,0,0,0,0,0,0,0,0,0,0,0,0,0,0,0,0,0,0,0,0,0,0,0,0,0,0,0,0,0,0,0,0,0,0,0,0,0,0,0,0,0,0,0,0,0,0,0,0,0,0,0,0,0,0,0,0,0,0,0,0,0,0,0,0,0,0,0,0,0,0,0,0,0,0,0,0,0,0,0,0,0,0,0,0,0,0,0,0,0,0,0,0,0,0,0,0
0,0,0,0,0,0,0,0,0,0,0,0,0,0,0,0,0,0,0,0,0,0,0,0,0,0,0,0,0,0,0,0,0,0,0,0,0,0,0,0,0,0,0,0,0,0,0,0,0,0,0,0,0,0,0,0,0,0,0,0,0,0,0,0,0,0,0,0,0,0,0,0,0,0,0,0,0,0,0,0,0,0,0,0,0,0,0,0,0,0,0,0,0,0,0,0,0,0,0,0
0,0,0,0,0,0,0,0,0,0,0,0,0,0,0,0,0,0,0,0,0,0,0,0,0,0,0,0,0,0,0,0,0,0,0,0,0,0,0,0,0,0,0,0,0,0,0,0,0,0,0,0,0,0,0,0,0,0,0,0,0,0,0,0,0,0,0,0,0,0,0,0,0,0,0,0,0,0,0,0,0,0,0,0,0,0,0,0,0,0,0,0,0,0,0,0,0,0,0,0
0,0,0,0,0,0,0,0,0,0,0,0,0,0,0,0,0,0,0,0,0,0,0,0,0,0,0,0,0,0,0,0,0,0,0,0,0,0,0,0,0,0,0,0,0,0,0,0,0,0,0,0,0,0,0,0,0,0,0,0,0,0,0,0,0,0,0,0,0,0,0,0,0,0,0,0,0,0,0,0,0,0,0,0,0,0,0,0,0,0,0,0,0,0,0,0,0,0,0,0
0,0,0,0,0,0,0,0,0,0,0,0,0,0,0,0,0,0,0,0,0,0,0,0,0,0,0,0,0,0,0,0,0,0,0,0,0,0,0,0,0,0,0,0,0,0,0,0,0,0,0,0,0,0,0,0,0,0,0,0,0,0,0,0,0,0,0,0,0,0,0,0,0,0,0,0,0,0,0,0,0,0,0,0,0,0,0,0,0,0,0,0,0,0,0,0,0,0,0,0
0,0,0,0,0,0,0,0,0,0,0,0,0,0,0,0,0,0,0,0,0,0,0,0,0,0,0,0,0,0,0,0,0,0,0,0,0,0,0,0,0,0,0,0,0,0,0,0,0,0,0,0,0,0,0,0,0,0,0,0,0.000155716468854704,3.24767488915806e-06,0.000106879549139935,3.01615166304548e-05,5.55107651833695e-05,0.000144331558499596,0,0,0.00019194707001938,0.000125536807374347,0,0,0,0,0,0,0,0,0,0,0,0,0,0,0,0,0,0,0,0,0,0,0,0,0,0,0,0,0,0
0,0,0,0,0,0,0,0,0,0,0,0,0,0,0,0,0,0,0,0,0,0,0,0,0,0,0,0,0,0,0,0,0,0,0,0,0,0,0,0,0,0,0,0,0,0,0,0,0,0,0,0,0,0,0,0,0,0,0,0,0.00036088074124587,0.000103959581097919,0.000288089244523286,0.000397885687384638,0.000554497498001923,0.000296541871079622,0.000419979644338227,0.000234094603834069,0.000283566001034311,8.7692157631877e-05,0.000212718421847174,0,0,0,0,0,0,0,0,0,0,0,0,0,0,0,0,0,0,0,0,0,0,0,0,0,0,0,0,0
0,0,0,0,0,0,0,0,0,0,0,0,0,0,0,0,0,0,0,0,0,0,0,0,0,0,0,0,0,0,0,0,0,0,0,0,0,0,0,0,0,0,0,0,0,0,0,0,0,0,0,0,0,0,0,8.73689978805312e-07,0.000135177053448091,0.000127284115865424,1.24355013440879e-05,2.50841108011289e-05,0.000168729356580804,0.000392460467160756,0,0.000156564170956196,0.000453579059861401,0.000582404523364534,0.00055266216321455,0.000151943377366499,0.000456577983322163,0.000231771971706043,0.00025327558029252,0,0,0,0,0,1.25781254953144e-05,1.28383593260881e-05,0,0,0,0,0,0,0,0,0,0,0,0,0,0,0,0,0,0,0,0,0,0
0,0,0,0,0,0,0,0,0,0,0,0,0,0,0,0,0,0,0,0,0,0,0,0,0,0,0,0,0,0,0,0,0,0,0,0,0,0,0,0,0,0,0,0,0,0,0,0,0,0,0,0,0,0,0,2.33720750252588e-06,0.000361612049070578,0.000399248050582171,0.000213574221985018,0.000164343631389453,0.000597576555470294,0.000633683358711897,1.90374317614673e-05,0.000278598284489772,0.000386093501854809,0.000616532026471893,0.000303922051802224,0.000540972895331263,0.000715491481273831,0.000446652300467052,0.00036640911501813,0.000821221366157853,0.00042998420015674,0.000138054190821642,1.73430179082642e-05,0,0.000234862179167169,0.000239721336011429,0,0,0,0,0,0,0,0,0,0,0,0,0,0,0,0,0,0,0,0,0,0
0,0,0,0,0,0,0,0,0,0,0,0,0,0,0,0,0,0,0,0,0,0,0,0,0,0,0,0,0,0,0,0,0,0,0,0,0,0,0,0,0,0,0,0,0,0,0,0,0,0,0,0,7.22962341608841e-05,3.12601796946553e-05,0,0.000255049024822511,0.000340205631328365,0.0002342568406228,0.000489598897213651,0.000342710642448778,0.000422738895820981,0.000740155550109458,0.000327579522702743,0.000955166521996742,0.00042358546500845,0.000360735863678411,0.000728348392448626,6.3179537798319e-06,0.000337198808575988,0.000676044516281436,0.000677456194342701,0.00076083238638174,0.000478944085997237,0.000648288951553967,0.000117017933257994,4.09918961921142e-05,0.00050139784474907,6.35589301386345e-05,5.39708023841542e-05,0.000129221203003026,0,0,0,0,0,0,0,0,0,0,0,0,0,0,0,0,0,0,0,0
0,0,0,0,0,0,0,0,0,0,0,0,0,0,0,0,0,0,0,0,0,0,0,0,0,0,0,0,0,0,0,0,0,0,0,0,0,0,0,0,0,0,0,0,0,0,0,0,0,0,0,0,0.000276770672799302,0.000119672913345159,0,0.00036510311886844,0.000484604936857093,0.000671716505083874,7.51800205358609e-05,0.000345990394357664,0.000188947400788357,0.00124090851061335,0.000861095429340836,0.000719003837645139,0.000611320353688128,0.000747446983817705,0.000587079957883863,0.00028253462713534,0.00136935297648506,0.000870891738556707,0.000209254668747209,0.000235375700082584,0.000448361607323342,0.000882237665713733,0.000653882099113577,0.000444485393878622,0.000652136926885115,0.000203991914027972,9.33358507366676e-05,0.000223472143876152,0,0,0,0,0,0,0,0,0,0,0,0,0,0,0,0,0,0,0,0
0,0,0,0,0,0,0,0,0,0,0,0,0,0,0,0,0,0,0,0,0,0,0,0,0,0,0,0,0,0,0,0,0,0,0,0,0,0,0,0,0,0,0,0,0,0,0,0,0,0,0,0,0,0,0,9.0994340439483e-05,0.000413542335124269,0.000600651106087572,0.000124435270466342,0.000579016459371665,0.000566284439336958,0.000666312754593193,0.000542237210608693,0.00015955410969862,0.000634154362983235,0.000196310461587734,0.000361369634471919,0.000223438339418736,0.000590489853668916,0.000714095894132769,9.9149642775141e-05,0.000171580440683092,0.00081004116000427,0.000556545173268812,0.000616024323078006,0.000131156185370509,0.000707568304634349,0.000434921473006695,0.000266147410323776,0.000109460395174115,1.07875051828091e-05,0.000117858832857851,0,0,0,0,0,0,0,0,0,0,0,0,0,0,0,0,0,0
0,0,0,0,0,0,0,0,0,0,0,0,0,0,0,0,0,0,0,0,0,0,0,0,0,0,0,0,0,0,0,0,0,0,0,0,0,0,0,0,0,0,0,0,0,0,0,0,0,0,0,0,0,1.40188245224432e-05,0.000264496785610281,0.000100198147164734,0.000223169088091872,0.000387628820443798,6.66274229343156e-05,0.000644508441177833,0.000461329283799894,0.000275256392310932,0.000200018506137829,0.000719477784853612,0.000855356677188478,0.000712109939961022,0.000147453417786822,1.14293912124687e-05,0.000146675560731411,0.000269653253942772,0.000179002125386345,0.00027613485311245,0.000846264964687837,0.000844678479910282,0.000906947719875618,0.000225597141251707,0.000527385921718704,0.000732606608427656,0.000398436789086503,0.000581712090915179,0.000156170106847884,0.000466762987649038,0,0,0,0,0,0,0,0,0,0,0,0,0,0,0,0,0,0
0,0,0,0,0,0,0,0,0,0,0,0,0,0,0,0,0,0,0,0,0,0,0,0,0,0,0,0,0,0,0,0,0,0,0,0,0,0,0,0,0,0,0,0,0,0,0,0,0,0,0,0,0,0.000246772199361711,0.00108712711740191,0.000630292050689305,0.000295995516081969,0.000331586980829799,0.000183904108674866,0.000790608973684865,0.000468327183352364,0.000292648271190793,0.000301593877631443,0.000274340331240545,0.000605185790094971,0.00113382423971988,0.000708649961584159,0.000659143766989335,0.000461018142456377,8.62398365604937e-05,9.52489551504173e-05,0.000311086917890556,0.000345068629624464,0.000145903076794082,0.000429251825232374,0.000435489750474345,0.000171418880577424,0.00109896606222364,0.000911641935751951,0.000573240362981259,0.000454562468703912,0.000226134496315482,0,0,0,0,0,0,0,0,0,0,0,0,0,0,0,0,0,0
0,0,0,0,0,0,0,0,0,0,0,0,0,0,0,0,0,0,0,0,0,0,0,0,0,0,0,0,0,0,0,0,0,0,0,0,0,0,0,0,0,0,0,0,0,0,0,0,0,0,0,4.97042590170065e-05,7.56737944798462e-05,0.000100027587986626,9.79244727674077e-05,2.19566923531537e-05,0.000290164928316775,0.000561542965009716,0.000480880284239415,0.000182948381595346,0.000633667576764756,0.000599148884985216,0.000234163258348319,0.00050312503633501,0.000486137495348795,0.000329777660864015,0.0016052033213024,0.00166355867523449,0.000522662141897453,0.000131541052569413,0.000276261975181852,0.000219425079048668,0.000693583239686189,0.000683658829399058,0.000728025140756346,0.000993967240350364,0.0011782585740968,0.00114805286463509,0.000579947062448424,0.000638716623309974,0.00044572931928356,0.000347888342172829,0,0,0,0,0,0,0,0,0,0,0,0,0,0,0,0,0,0
0,0,0,0,0,0,0,0,0,0,0,0,0,0,0,0,0,0,0,0,0,0,0,0,0,0,0,0,0,0,0,0,0,0,0,0,0,0,0,0,0,0,0,0,0,0,0,0,0,0,0,0.000148513282373737,0.000774431437410965,0.000665857011817136,0.000493188225667004,3.54008936187223e-05,0.000824516164895431,0.000694498962710918,0.00022449917832604,0.000151075401856203,0.000223300085681963,0.000853372328268512,0.000439368614957912,5.52519500681496e-05,5.59821856991095e-05,9.02507973211987e-05,0.000655537776536939,0.00123582942164835,0.0010887323629092,0.000322821572802004,0.000150677245114158,0.000988582167102347,0.000844102172960301,0.000228983034081451,0.000667893292869189,0.000738532950371302,0.000708979892672988,0.000636430584472756,0.00209522947299163,0.000680562842080459,0.000898557134333986,0.000168581322601545,0.000284189430588286,2.20171010998862e-07,0.000119926419515747,3.39395007780099e-05,0,0,0,0,0,0,0,0,0,0,0,0,0,0
0,0,0,0,0,0,0,0,0,0,0,0,0,0,0,0,0,0,0,0,0,0,0,0,0,0,0,0,0,0,0,0,0,0,0,0,0,0,0,0,0,0,0,0,0,0,0,0,0,0,0,0,0.000397887276768578,0.000643215965133778,0.00109207915061728,0.000308562663267221,0.000721830509737044,0.000491865782968163,0.000159165856809465,0.000208312440588029,9.82619781926591e-06,0.000150632347236929,0.000227642348839668,5.05134285959948e-05,0.000139664605152704,0.00041935390002903,0.000265377671205936,0.000728340338584972,0.00115300805656971,0.000850762375894083,0.000457250403343194,0.000735033688891564,0.000905492016546663,4.35144071118187e-05,0.00074102094702472,0.000360466517272078,0.00129638827842756,0.00016956912857134,0.000831234786366515,0.000435725887281953,0.001471635785904,0.000716125062131404,0.000303084940691294,5.39196995654647e-05,0.000714329337273827,7.76648718559527e-05,0,0,0,0,0,0,0,0,0,0,0,0,0,0
0,0,0,0,0,0,0,0,0,0,0,0,0,0,0,0,0,0,0,0,0,0,0,0,0,0,0,0,0,0,0,0,0,0,0,0,0,0,0,0,0,0,0,0,0,0,0,0,0,0,0,4.91918891917312e-05,0.000624186400443326,0.000413858904987739,0.000821892782805351,0.000242073619262426,0.000383181798137267,0.000490686561270362,0.000486129070500952,0.000468179409421092,0.000405966722927281,0.00054624257380732,0,0.000159316098681103,0.000296714728409857,0.000217356599695349,0.000353194401265713,0.000449996390900923,0.000283356872870016,0.000775981270096964,0.000309198136688895,0.000254890762435851,0.000291569850384269,0.000532319089797093,0.000180452142103479,0.000447858639184686,0.000940763643992798,0.000390178347890057,0.0010075079033208,0.000442787856246616,0.000318154532883067,0.000581149611496955,0.000799960502185061,0.000118853596695169,0,0,0,0,0,0,0,0,0,0,0,0,0,0,0,0
0,0,0,0,0,0,0,0,0,0,0,0,0,0,0,0,0,0,0,0,0,0,0,0,0,0,0,0,0,0,0,0,0,0,0,0,0,0,0,0,0,0,0,0,0,0,0,0,0,0,0,0.000313592624398006,0.000764418325521206,0.000440118183552266,0.000661329581524577,6.48547000487877e-05,1.63062852097436e-05,6.92794303631747e-05,0,0.00028186328340309,0.00018676884483503,0.000558128660715022,0.000227516433149204,0.000430887195747756,5.63563457111961e-05,0.000284129137571477,0.000499110747106024,0.00100123196788681,0.000250166063817565,0.00108209117707966,0.000597050134325093,4.62048818808041e-06,0.00020307597142799,0.000373346866354557,0.000460606336595276,0.000276067769278378,0.000957057573735678,0.00152974745402199,0.00101718417756067,0.00178495350906161,0.00114960412943714,0.000668483071405687,0.00129601567052912,0.000468547045236161,0.000175978838386216,0.000373355727993882,0,0,0,0,0,0,0,0,0,0,0,0,0,0
0,0,0,0,0,0,0,0,0,0,0,0,0,0,0,0,0,0,0,0,0,0,0,0,0,0,0,0,0,0,0,0,0,0,0,0,0,0,0,0,0,0,0,0,0,0,0,0,1.16442148816605e-05,0.000251099204451981,0.000224491820308423,0.000261826403879542,7.86775587069695e-05,8.91291561913603e-05,0.000312468256855823,0.000497066968961318,0.00016927508333386,1.77984232500582e-05,3.93503795751534e-05,0.000131644684203113,0.000245223896067162,0.00103767951406739,0.000417400519429701,0.000309421937041288,8.78557828714617e-05,0,0.000551046089695557,0.00036454795100069,0.000639991645182134,0.000620966450104454,0.000695318072654178,2.08957946630834e-06,0.000293622159705299,0.000676337276203319,0.00128907239606823,0.00132845663952291,0.00104740500421489,0.00115447717621413,0.00188974864110294,0.0023897628394614,0.00217407984603902,0.00151603868473064,0.00216202649347841,0.000897983427484453,0.00105162205280649,0.000512816652770957,0,0,0,0,0,0,0,0,0,0,0,0,0,0
0,0,0,0,0,0,0,0,0,0,0,0,0,0,0,0,0,0,0,0,0,0,0,0,0,0,0,0,0,0,0,0,0,0,0,0,0,0,0,0,0,0,0,0,0,0,0,0,1.05146938194442e-05,0.000226741886846914,0.000255745591989498,0.000257936183822537,0.000260295052048819,0.000435966308346477,0.00109486526508102,0.0005197665609262,0.000104695513641748,0.000746850004887655,0.000608725226478515,0.000292339693840532,0.000320828448848972,0.000585208764334042,0.000295360850097889,0.000618767464352447,0.000782097265368265,9.28269587478366e-05,0.000847635314517314,0.000535808438838291,0.00130043970926543,0.000136171679270944,0,7.22879154697351e-05,0.000345229621689456,0.000725598038506449,0.00109455915837557,0.00090218606601067,0.000518010739253581,0.00106129184693245,0.00117732434540101,0.00246684466905888,0.00295718451183846,0.00245019241726107,0.0031320882475635,0.000668920072415075,0.000693836402696987,0.000113988195898807,0,0,0,0,0,0,0,0,0,0,0,0,0,0
0,0,0,0,0,0,0,0,0,0,0,0,0,0,0,0,0,0,0,0,0,0,0,0,0,0,0,0,0,0,0,0,0,0,0,0,0,0,0,0,0,0,0,0,0,0,0,0,0,0,3.3954540741699e-05,0.000113767526762904,0.000294784456158463,0.000546209515014771,0.000708923816567549,0.000650351961922153,1.07343421653362e-05,0.000418987418566596,0.000111719205351115,0.000150720494947025,0.000574285341559981,0.000394819548967254,0.000304600292045048,0.000495922211892518,0.000303179833092189,0.000454842768923804,0.000191651436761627,0.000490055455344656,0.000441899312209564,0.000424921046734107,4.75513564236544e-05,0.000758693089321982,0.000621760749562743,0.000673394294225933,0.000458615472265003,0.00132746712341074,0.000844868837994097,0.000990753727962892,0.000992266181378988,0.00112169529180869,0.00258054019951983,0.00346070077486307,0.00274524658585779,0.000755457434418999,0.000902868045972838,1.47926862992708e-05,0,0,0,0,0,0,0,0,0,0,0,0,0,0
0,0,0,0,0,0,0,0,0,0,0,0,0,0,0,0,0,0,0,0,0,0,0,0,0,0,0,0,0,0,0,0,0,0,0,0,0,0,0,0,0,0,0,0,0,0,0,0,0,0.000161293013894916,0.00013944869495001,0.000649247462472025,0.000250233913091745,0.000105402339470999,0.000272884451472101,0.000364891725104556,0.000261124148183519,4.41684326391824e-05,0.000364085237724414,0,5.1306789400312e-05,0.00113168531851829,0.000862305535255203,0.000235492280234172,0.000417278868845643,0.000360462497196657,0.000415086321608983,0.000191567680211201,0.000224734446356289,6.34371676170585e-05,0.000243598129727393,0.00154994998789567,0.000194380969072247,0.000652374065845621,0.000645267053310627,0.00130745289813649,0.00064905373172809,0.000594218711135395,0.000635501789086453,0.000919241761770112,0.0026816795850452,0.00308133849879256,0.00297067476087406,0.00183221568045411,0.000787435219885679,0.000140579672875079,0,0,0,0,0,0,0,0,0,0,0,0,0,0
0,0,0,0,0,0,0,0,0,0,0,0,0,0,0,0,0,0,0,0,0,0,0,0,0,0,0,0,0,0,0,0,0,0,0,0,0,0,0,0,0,0,0,0,0,0,0,0,0,0.000205667093749639,0.000296784136338983,0.000619056925737132,0.000392555481799477,0.00175241139378429,0.000480456308308837,0.000522005326610532,0.00101895829461489,0.000153042703843599,0.000290707416992276,0.000119509150985064,0.000351008529609986,0.000547789467394174,0.000200246554406001,0.000282016803021811,0.000444558692849296,0.000731987552172628,0.000112029609457557,0.0001086263954536,0.000608247736151386,0.000106017677132876,0.000113578782519968,0.000515437519981812,0.000393155167127193,0.000196362543135751,8.38030750189513e-05,0.000758660769964181,0.000435443860897132,0.000606103724196958,0.00159167049758048,0.000643370321994073,0.00356668059172923,0.00289479948146553,0.00226854632837355,0.00208329796539089,0.000935400568393977,0.000702785639736945,0,0,0,0,0,0,0,0,0,0,0,0,0,0
0,0,0,0,0,0,0,0,0,0,0,0,0,0,0,0,0,0,0,0,0,0,0,0,0,0,0,0,0,0,0,0,0,0,0,0,0,0,0,0,0,0,0,0,0,0,0,0,0,0,0.000130619809447131,0.000274580135419326,0.000366774931554239,0.00126575178126429,0.00112098898814376,0.000718486626447449,0.000715905240375769,0.000563142770079038,0.000746851428323496,0.000995398420489606,0.000477556802599733,0.000720428737344362,0.000332670514482829,0.000479080702604528,0.000543701245282242,0.00172946426544392,0.000476228595434961,0.000499195510665925,0.000857473528052506,0.000225311395453373,0,0.000296766275015716,0.00057801796896456,0.000674567094512453,0.000232924867807126,0.000532150707470701,0.0012495677565717,0.000810862922327329,0.000515962755922722,0.000903015407013013,0.00233598332611919,0.00271134755256187,0.00395163824172079,0.00213721196714187,0.00132100013238108,0.00085548902477127,1.12363798867507e-05,0,0,0,0,0,0,0,0,0,0,0,0,0
0,0,0,0,0,0,0,0,0,0,0,0,0,0,0,0,0,0,0,0,0,0,0,0,0,0,0,0,0,0,0,0,0,0,0,0,0,0,0,0,0,0,0,0,0,0,0,0,0,0,0,0,0.000280710043779254,0.000492775184679967,0.000390551389975905,0.000890352919382532,0.000464394629287746,0.000324964811765108,0.000746168860601114,0.000845497362364597,0.000998001782733734,0.00127597918501532,0.000460297576339051,0.00116400994140265,0.000831083622091298,0.00127755286142076,0.000634282119839249,0.000275299766182437,0.000465592708633377,0.000290937503692977,0.000452551315791313,0.000103057283538948,9.20886350122285e-05,0.000408933673652997,0.000226346824076225,0.000696220931953158,0.00111652965580007,0.000441632229493247,0.000426419403279015,0.00244908430524151,0.00351379676701624,0.0022556649027199,0.00513835607407175,0.00326616246238003,0.0015305487402312,0.000941429911892009,0.000122446698862884,0.000470702355008742,8.24192146289536e-05,0,0,0,0,0,0,0,0,0,0,0
0,0,0,0,0,0,0,0,0,0,0,0,0,0,0,0,0,0,0,0,0,0,0,0,0,0,0,0,0,0,0,0,0,0,0,0,0,0,0,0,0,0,0,0,0,0,0,0,0,0,0.000313729599828681,8.23395449287529e-05,0.000232128324198481,0.000136582586939024,0.000244749118346969,0.000711406361720611,0.000544169822472508,0.000885317307666287,0.000690488676590917,0.00170984253447697,0.00119699467003596,0.000788700516968702,0.000491016013404014,0.00063019168119715,0.00049846644641426,6.65394890649077e-05,6.66369567922183e-06,0.00025908260214375,8.359255784267e-05,0.000595997934620641,0.000678813994570891,0.00042145716583073,0.000485290904589045,0.000505841763599303,0.000339684616659043,0.000276086782908199,0.00057693431155265,0.00147275738119241,0.00240293353880153,0.00180497260732376,0.00382862638672897,0.00469265043574055,0.0043066838896615,0.00236481183489545,0.000551681671359901,0.000320760732845425,0.000365723258767015,0.000289599814013399,2.81076307298446e-05,0,0,0,0,0,0,0,0,0,0,0
0,0,0,0,0,0,0,0,0,0,0,0,0,0,0,0,0,0,0,0,0,0,0,0,0,0,0,0,0,0,0,0,0,0,0,0,0,0,0,0,0,0,0,0,0,0,0,0,0,0,8.23244780783722e-05,2.16063771641944e-05,8.26553141299117e-05,0.00030422155861852,0.000988350603995564,0.000909692669130924,0.000614310217443396,0.00147589611989767,0.000192705380423272,0.000422579651020384,0.000467599700986594,3.02535403618936e-06,0,0.000264348944280343,0.000313495578441198,0.000261043511634159,0.000648787759928736,0.000502460488165679,0.000862769402427046,0.00110798723967463,0.000506018621751175,0.000909247575692629,0.000989933489839366,0.00146494732326713,0.00127368432392879,0.000893644929495182,0.00157170711617679,0.00213375145597853,0.00296525691900587,0.00278835035033412,0.00387835464407469,0.00392912185589544,0.00284059687025044,0.00202215999645237,0.00141721207309647,0.00165564831067588,0.000359748826936464,0.000103453261600895,0,0,0,0,0,0,0,0,0,0,0,0
0,0,0,0,0,0,0,0,0,0,0,0,0,0,0,0,0,0,0,0,0,0,0,0,0,0,0,0,0,0,0,0,0,0,0,0,0,0,0,0,0,0,0,0,0,0,0,0,0,0,0,0,0,6.79440866533266e-05,0.000444794317210406,0.000834845546907848,0.000818801655654063,0.00191342019013009,0.00101452756969261,0.00116140567607246,0.000348673200716566,0.000171802104177593,6.70251908375135e-05,9.43214363363647e-05,0.000266222486086952,0.00043600861043489,0.000539326217541586,0.000336589683099762,0.000715926777185522,0.000550692123800041,0.000602322286389737,0.00054985511700606,0.00074764811654519,0.00172031735135418,0.00245915854697121,0.00258880131669941,0.00323703264975357,0.00308481420824197,0.00327197333453713,0.0027804959723279,0.00250504150767891,0.00402531788240271,0.00246843106146454,0.00270694806847223,0.0013756759043328,0.00030350462471776,0.000217704772491032,0.0001393323510966,0,0,0,0,0,0,0,0,0,0,0,0
0,0,0,0,0,0,0,0,0,0,0,0,0,0,0,0,0,0,0,0,0,0,0,0,0,0,0,0,0,0,0,0,0,0,0,0,0,0,0,0,0,0,0,0,0,0,0,0,0,0,0,0,0,0.000251648788201945,0.000497793299720338,8.34602776483181e-05,0.00100328340689151,0.000944093708271561,0.000761915838821081,0.000596334161996978,0.00135558128298683,0.00142491392387657,0.000371424529163889,0.00083459446935069,0.000133725166232531,0.000168939501120923,0.000526400455033297,0.00101457338333895,0.000750855924368399,0.00112792513426526,0.000613121448732357,0.000743892124988407,0.0011483019505826,0.00140518846294547,0.00214215801515371,0.00390736470928373,0.00400548687120183,0.00410674497757087,0.00291904267415907,0.00303928143114288,0.00403145746090858,0.00315615443497106,0.00201244694754383,0.00278234899655177,0.00123219025092582,0.000106893755661491,0,0,0,0,0,0,0,0,0,0,0,0,0,0
0,0,0,0,0,0,0,0,0,0,0,0,0,0,0,0,0,0,0,0,0,0,0,0,0,0,0,0,0,0,0,0,0,0,0,0,0,0,0,0,0,0,0,0,0,0,0,0,0,0,0,0,0,0.000759603871684963,0.0005077033851495,0.000338789230485819,0.000515294683594076,0.000715384767704537,0.000929103725917832,0.000948243386478331,0.000536770662144888,0.000550179066844862,0.000837073222369664,0.000939164460568464,0.000532169162659975,0.00019853087419401,0.000285987509038588,0.000706715221468966,0.000817103266786946,0.00128153422169478,0.00132738392242644,0.000964123984101089,0.00194854652463822,0.00243269118610266,0.00365812823593795,0.00439979031394222,0.00568122861703841,0.00752986444879392,0.00399872305675542,0.00399730132533265,0.00353861818947269,0.0024728959829745,0.00248243108643646,0.00120680880678187,0.000883135887449043,0.000289391040079391,0,0,0,0,0,0,0,0,0,0,0,0,0,0
0,0,0,0,0,0,0,0,0,0,0,0,0,0,0,0,0,0,0,0,0,0,0,0,0,0,0,0,0,0,0,0,0,0,0,0,0,0,0,0,0,0,0,0,0,0,0,0,0,0,0,0,0,5.42250539259742e-06,0.000103401568036728,0.000516442980665566,0.000518330642008823,0.000798175064129048,0.00114873891155387,0.00118302870101081,9.8137864807606e-06,0.000363585995938781,0.00100460663426182,0.000991535316753761,0.00120895677613578,0.000627746578056489,0.000809323642958148,0.0015114374682449,0.00139599231731928,0.00175176013029438,0.00123392793075743,0.000588945723287113,0.00169081853954308,0.00286180293763482,0.00349250560810008,0.00373655404192418,0.00480459188583312,0.00488693744356438,0.00527941931653912,0.00450267992721695,0.00346876016578821,0.00284201265919382,0.00228915778515757,0.000886776282186381,0.000954587666171216,0.000447297506544456,0,0,0,0,0,0,0,0,0,0,0,0,0,0
0,0,0,0,0,0,0,0,0,0,0,0,0,0,0,0,0,0,0,0,0,0,0,0,0,0,0,0,0,0,0,0,0,0,0,0,0,0,0,0,0,0,0,0,0,0,0,0,0,0,0,0,0,0.000117890583475883,0.000175219085446003,2.76633518615539e-05,0.00101837458097523,0.000645964497568623,0.000689664500344301,0.00192783665621676,0.00220294984208377,0.00130739940509234,0.00118422498779488,0.000637195805571578,0.000904257305767219,0.000786850990278108,0.000934242851765228,0.00197756583899669,0.00189792930390537,0.00241988187846717,0.00204311628666031,0.00279078440207422,0.00198750397405756,0.00194495703600785,0.00415582090899128,0.00458432297241394,0.00545125652522571,0.00435640986428786,0.00355930646108927,0.00423380335015405,0.00339803584444478,0.00298073578933482,0.00252412933908073,0.00109986542181166,0.00138042769168891,0.00087138902452665,0,0,0,0,0,0,0,0,0,0,0,0,0,0
0,0,0,0,0,0,0,0,0,0,0,0,0,0,0,0,0,0,0,0,0,0,0,0,0,0,0,0,0,0,0,0,0,0,0,0,0,0,0,0,0,0,0,0,0,0,0,0,0,0,0,0,0,8.32126143638665e-05,0.000123677716714247,0.000160856460517212,0.000710169299415548,0.000312469928583756,0.000374556220410183,0.00108317692303093,0.00139439842776946,0.0016394874912928,0.00233174995763124,0.00232634617042471,0.00127465215238549,0.00244428762290331,0.00199615659000251,0.00154234222726755,0.00109302463656004,0.00217687563102559,0.00131304025008739,0.00273135665219259,0.00313298362840981,0.00417394632575001,0.00496725301191304,0.00731447615988401,0.00567736688099295,0.0036386387836366,0.00538649808992469,0.00558243094658578,0.00252429774535878,0.00190786904722673,0.00120295257142919,0.000361452474018955,0.000302868548109506,0,0,0,0,0,0,0,0,0,0,0,0,0,0,0
0,0,0,0,0,0,0,0,0,0,0,0,0,0,0,0,0,0,0,0,0,0,0,0,0,0,0,0,0,0,0,0,0,0,0,0,0,0,0,0,0,0,0,0,0,0,0,0,0,0,0,0,0,0,0,2.8336938827755e-05,0.000261671025834821,0.000133173067906453,0.000602430422592301,0.000316728075249547,0.00112313580471885,0.00106001277610444,0.00135256548948963,0.00177292804245168,0.00246393705648563,0.00311963759451014,0.00280400317722701,0.00157202567934287,0.00256515250133004,0.0028800885697919,0.00250293422040764,0.00300487053429455,0.00398286911909138,0.00423433422684485,0.00388605054127148,0.00540232732193982,0.00554398429822655,0.00373368273490568,0.00326131104364894,0.004867054402447,0.00317918485878391,0.0025532940728489,0.00110549550739268,0.000111461376752601,0.00011512427901251,0,0,0,0,0,0,0,0,0,0,0,0,0,0,0
0,0,0,0,0,0,0,0,0,0,0,0,0,0,0,0,0,0,0,0,0,0,0,0,0,0,0,0,0,0,0,0,0,0,0,0,0,0,0,0,0,0,0,0,0,0,0,0,0,0,0,0,0,0,0,0,0.000209409055560435,9.42161944149531e-05,0.00032915269366727,0.000203878666060236,0.000767564312534877,0.000797305242350589,0.000673259855964715,0.00108907232561002,0.00243614751417523,0.00322456747996855,0.00257194521117738,0.0028560810080173,0.00377213329175347,0.00217446189743337,0.0034776921654979,0.00300408187705149,0.00296843557801105,0.00310019616703574,0.00320710560906142,0.00393247280392381,0.00447933667737947,0.00341345395562738,0.00406653527174879,0.00317614044437995,0.00141916091402145,0.000796202127427472,0.000336327704186615,0.000688239604997354,0.000142743416416827,0,0,0,0,0,0,0,0,0,0,0,0,0,0,0
0,0,0,0,0,0,0,0,0,0,0,0,0,0,0,0,0,0,0,0,0,0,0,0,0,0,0,0,0,0,0,0,0,0,0,0,0,0,0,0,0,0,0,0,0,0,0,0,0,0,0,0,0,0,0,0,0,0,0,0,0,0.000409887583704493,0.00104592882700915,0.000267429439671165,0.00125713719391168,0.00207307396242058,0.00151992658001783,0.00148816513175256,0.00299722779714685,0.00348459611139356,0.00309317334319123,0.00255465740368436,0.00340519142168206,0.00163017351017414,0.00214339132480013,0.00391218203966059,0.00260362882547596,0.00257081035104047,0.00280186473509795,0.00237858172889706,0.00197572232689007,0.000439183560336769,9.58051830399732e-05,0.000181500062893965,0,0,0,0,0,0,0,0,0,0,0,0,0,0,0,0
0,0,0,0,0,0,0,0,0,0,0,0,0,0,0,0,0,0,0,0,0,0,0,0,0,0,0,0,0,0,0,0,0,0,0,0,0,0,0,0,0,0,0,0,0,0,0,0,0,0,0,0,0,0,0,0,0,0,0,0,0,0,0.000104493175661841,0.000331105408121214,9.25792160215476e-06,0.000556652813197005,0.000589597641269097,0.00110406849488116,0.00132724464072357,0.00240301560210878,0.00174687871113609,0.00149048990442154,0.00231472888835537,0.00118600240565556,0.0018438304422364,0.00155343193326117,0.00211096375344221,0.00195662726351638,0.00112594388465729,0.000252825748271779,2.23166117551098e-05,0,0,0,0,0,0,0,0,0,0,0,0,0,0,0,0,0,0,0
0,0,0,0,0,0,0,0,0,0,0,0,0,0,0,0,0,0,0,0,0,0,0,0,0,0,0,0,0,0,0,0,0,0,0,0,0,0,0,0,0,0,0,0,0,0,0,0,0,0,0,0,0,0,0,0,0,0,0,0,0,0,0,0,0.000389640755297648,0.000231990875810653,0.000292131904606458,0.000654859441521702,0.000268687119616666,0.000585375296054424,0.000673222389609099,0.000724852190041185,0.000803363701514628,0.000754902843373553,0.000251342762298824,0.000251087246425423,0.000965564183800791,0.000365894551142655,2.1917879525117e-05,0,0,0,0,0,0,0,0,0,0,0,0,0,0,0,0,0,0,0,0,0
0,0,0,0,0,0,0,0,0,0,0,0,0,0,0,0,0,0,0,0,0,0,0,0,0,0,0,0,0,0,0,0,0,0,0,0,0,0,0,0,0,0,0,0,0,0,0,0,0,0,0,0,0,0,0,0,0,0,0,0,0,0,0,0,0.000250075092619405,0.000128293276272294,0,7.82424707428832e-05,3.18874608053497e-06,0,0,6.19052728700477e-05,8.39988343563844e-05,5.3212426776522e-05,0.000178909870811885,0.000267612839086072,0.000294117465860976,2.60747572538809e-05,0.000454307825786578,0,0,0,0,0,0,0,0,0,0,0,0,0,0,0,0,0,0,0,0,0
0,0,0,0,0,0,0,0,0,0,0,0,0,0,0,0,0,0,0,0,0,0,0,0,0,0,0,0,0,0,0,0,0,0,0,0,0,0,0,0,0,0,0,0,0,0,0,0,0,0,0,0,0,0,0,0,0,0,0,0,0,0,0,0,0,0,0,0,0,0,0,0,0,9.64961255109364e-06,0.000305794866150358,0,0,1.06481667576427e-06,1.85526002837766e-05,0,0,0,0,0,0,0,0,0,0,0,0,0,0,0,0,0,0,0,0,0
0,0,0,0,0,0,0,0,0,0,0,0,0,0,0,0,0,0,0,0,0,0,0,0,0,0,0,0,0,0,0,0,0,0,0,0,0,0,0,0,0,0,0,0,0,0,0,0,0,0,0,0,0,0,0,0,0,0,0,0,0,0,0,0,0,0,0,0,0,0,0,0,0,0,0,0,0,0,0,0,0,0,0,0,0,0,0,0,0,0,0,0,0,0,0,0,0,0,0,0
0,0,0,0,0,0,0,0,0,0,0,0,0,0,0,0,0,0,0,0,0,0,0,0,0,0,0,0,0,0,0,0,0,0,0,0,0,0,0,0,0,0,0,0,0,0,0,0,0,0,0,0,0,0,0,0,0,0,0,0,0,0,0,0,0,0,0,0,0,0,0,0,0,0,0,0,0,0,0,0,0,0,0,0,0,0,0,0,0,0,0,0,0,0,0,0,0,0,0,0
0,0,0,0,0,0,0,0,0,0,0,0,0,0,0,0,0,0,0,0,0,0,0,0,0,0,0,0,0,0,0,0,0,0,0,0,0,0,0,0,0,0,0,0,0,0,0,0,0,0,0,0,0,0,0,0,0,0,0,0,0,0,0,0,0,0,0,0,0,0,0,0,0,0,0,0,0,0,0,0,0,0,0,0,0,0,0,0,0,0,0,0,0,0,0,0,0,0,0,0
0,0,0,0,0,0,0,0,0,0,0,0,0,0,0,0,0,0,0,0,0,0,0,0,0,0,0,0,0,0,0,0,0,0,0,0,0,0,0,0,0,0,0,0,0,0,0,0,0,0,0,0,0,0,0,0,0,0,0,0,0,0,0,0,0,0,0,0,0,0,0,0,0,0,0,0,0,0,0,0,0,0,0,0,0,0,0,0,0,0,0,0,0,0,0,0,0,0,0,0
0,0,0,0,0,0,0,0,0,0,0,0,0,0,0,0,0,0,0,0,0,0,0,0,0,0,0,0,0,0,0,0,0,0,0,0,0,0,0,0,0,0,0,0,0,0,0,0,0,0,0,0,0,0,0,0,0,0,0,0,0,0,0,0,0,0,0,0,0,0,0,0,0,0,0,0,0,0,0,0,0,0,0,0,0,0,0,0,0,0,0,0,0,0,0,0,0,0,0,0
0,0,0,0,0,0,0,0,0,0,0,0,0,0,0,0,0,0,0,0,0,0,0,0,0,0,0,0,0,0,0,0,0,0,0,0,0,0,0,0,0,0,0,0,0,0,0,0,0,0,0,0,0,0,0,0,0,0,0,0,0,0,0,0,0,0,0,0,0,0,0,0,0,0,0,0,0,0,0,0,0,0,0,0,0,0,0,0,0,0,0,0,0,0,0,0,0,0,0,0
0,0,0,0,0,0,0,0,0,0,0,0,0,0,0,0,0,0,0,0,0,0,0,0,0,0,0,0,0,0,0,0,0,0,0,0,0,0,0,0,0,0,0,0,0,0,0,0,0,0,0,0,0,0,0,0,0,0,0,0,0,0,0,0,0,0,0,0,0,0,0,0,0,0,0,0,0,0,0,0,0,0,0,0,0,0,0,0,0,0,0,0,0,0,0,0,0,0,0,0
0,0,0,0,0,0,0,0,0,0,0,0,0,0,0,0,0,0,0,0,0,0,0,0,0,0,0,0,0,0,0,0,0,0,0,0,0,0,0,0,0,0,0,0,0,0,0,0,0,0,0,0,0,0,0,0,0,0,0,0,0,0,0,0,0,0,0,0,0,0,0,0,0,0,0,0,0,0,0,0,0,0,0,0,0,0,0,0,0,0,0,0,0,0,0,0,0,0,0,0
0,0,0,0,0,0,0,0,0,0,0,0,0,0,0,0,0,0,0,0,0,0,0,0,0,0,0,0,0,0,0,0,0,0,0,0,0,0,0,0,0,0,0,0,0,0,0,0,0,0,0,0,0,0,0,0,0,0,0,0,0,0,0,0,0,0,0,0,0,0,0,0,0,0,0,0,0,0,0,0,0,0,0,0,0,0,0,0,0,0,0,0,0,0,0,0,0,0,0,0
0,0,0,0,0,0,0,0,0,0,0,0,0,0,0,0,0,0,0,0,0,0,0,0,0,0,0,0,0,0,0,0,0,0,0,0,0,0,0,0,0,0,0,0,0,0,0,0,0,0,0,0,0,0,0,0,0,0,0,0,0,0,0,0,0,0,0,0,0,0,0,0,0,0,0,0,0,0,0,0,0,0,0,0,0,0,0,0,0,0,0,0,0,0,0,0,0,0,0,0
0,0,0,0,0,0,0,0,0,0,0,0,0,0,0,0,0,0,0,0,0,0,0,0,0,0,0,0,0,0,0,0,0,0,0,0,0,0,0,0,0,0,0,0,0,0,0,0,0,0,0,0,0,0,0,0,0,0,0,0,0,0,0,0,0,0,0,0,0,0,0,0,0,0,0,0,0,0,0,0,0,0,0,0,0,0,0,0,0,0,0,0,0,0,0,0,0,0,0,0
0,0,0,0,0,0,0,0,0,0,0,0,0,0,0,0,0,0,0,0,0,0,0,0,0,0,0,0,0,0,0,0,0,0,0,0,0,0,0,0,0,0,0,0,0,0,0,0,0,0,0,0,0,0,0,0,0,0,0,0,0,0,0,0,0,0,0,0,0,0,0,0,0,0,0,0,0,0,0,0,0,0,0,0,0,0,0,0,0,0,0,0,0,0,0,0,0,0,0,0
0,0,0,0,0,0,0,0,0,0,0,0,0,0,0,0,0,0,0,0,0,0,0,0,0,0,0,0,0,0,0,0,0,0,0,0,0,0,0,0,0,0,0,0,0,0,0,0,0,0,0,0,0,0,0,0,0,0,0,0,0,0,0,0,0,0,0,0,0,0,0,0,0,0,0,0,0,0,0,0,0,0,0,0,0,0,0,0,0,0,0,0,0,0,0,0,0,0,0,0
0,0,0,0,0,0,0,0,0,0,0,0,0,0,0,0,0,0,0,0,0,0,0,0,0,0,0,0,0,0,0,0,0,0,0,0,0,0,0,0,0,0,0,0,0,0,0,0,0,0,0,0,0,0,0,0,0,0,0,0,0,0,0,0,0,0,0,0,0,0,0,0,0,0,0,0,0,0,0,0,0,0,0,0,0,0,0,0,0,0,0,0,0,0,0,0,0,0,0,0
0,0,0,0,0,0,0,0,0,0,0,0,0,0,0,0,0,0,0,0,0,0,0,0,0,0,0,0,0,0,0,0,0,0,0,0,0,0,0,0,0,0,0,0,0,0,0,0,0,0,0,0,0,0,0,0,0,0,0,0,0,0,0,0,0,0,0,0,0,0,0,0,0,0,0,0,0,0,0,0,0,0,0,0,0,0,0,0,0,0,0,0,0,0,0,0,0,0,0,0
0,0,0,0,0,0,0,0,0,0,0,0,0,0,0,0,0,0,0,0,0,0,0,0,0,0,0,0,0,0,0,0,0,0,0,0,0,0,0,0,0,0,0,0,0,0,0,0,0,0,0,0,0,0,0,0,0,0,0,0,0,0,0,0,0,0,0,0,0,0,0,0,0,0,0,0,0,0,0,0,0,0,0,0,0,0,0,0,0,0,0,0,0,0,0,0,0,0,0,0
