0,0,0,0,0,0,0,0,0,0,0,0,0,0,0,0,0,0,0,0,0,0,0,0,0,0,0,0,0,0,0,0,0,0,0,0,0,0,0,0,0,0,0,0,0,0,0,0,0,0,0,0,0,0,0,0,0,0,0,0,0,0,0,0,0,0,0,0,0,0,0,0,0,0,0,0,0,0,0,0,0,0,0,0,0,0,0,0,0,0,0,0,0,0,0,0,0,0,0,0
0,0,0,0,0,0,0,0,0,0,0,0,0,0,0,0,0,0,0,0,0,0,0,0,0,0,0,0,0,0,0,0,0,0,0,0,0,0,0,0,0,0,0,0,0,0,0,0,0,0,0,0,0,0,0,0,0,0,0,0,0,0,0,0,0,0,0,0,0,0,0,0,0,0,0,0,0,0,0,0,0,0,0,0,0,0,0,0,0,0,0,0,0,0,0,0,0,0,0,0
0,0,0,0,0,0,0,0,0,0,0,0,0,0,0,0,0,0,0,0,0,0,0,0,0,0,0,0,0,0,0,0,0,0,0,0,0,0,0,0,0,0,0,0,0,0,0,0,0,0,0,0,0,0,0,0,0,0,0,0,0,0,0,0,0,0,0,0,0,0,0,0,0,0,0,0,0,0,0,0,0,0,0,0,0,0,0,0,0,0,0,0,0,0,0,0,0,0,0,0
0,0,0,0,0,0,0,0,0,0,0,0,0,0,0,0,0,0,0,0,0,0,0,0,0,0,0,0,0,0,0,0,0,0,0,0,0,0,0,0,0,0,0,0,0,0,0,0,0,0,0,0,0,0,0,0,0,0,0,0,0,0,0,0,0,0,0,0,0,0,0,0,0,0,0,0,0,0,0,0,0,0,0,0,0,0,0,0,0,0,0,0,0,0,0,0,0,0,0,0
0,0,0,0,0,0,0,0,0,0,0,0,0,0,0,0,0,0,0,0,0,0,0,0,0,0,0,0,0,0,0,0,0,0,0,0,0,0,0,0,0,0,0,0,0,0,0,0,0,0,0,0,0,0,0,0,0,0,0,0,0,0,0,0,0,0,0,0,0,0,0,0,0,0,0,0,0,0,0,0,0,0,0,0,0,0,0,0,0,0,0,0,0,0,0,0,0,0,0,0
0,0,0,0,0,0,0,0,0,0,0,0,0,0,0,0,0,0,0,0,0,0,0,0,0,0,0,0,0,0,0,0,0,0,0,0,0,0,0,0,0,0,0,0,0,0,0,0,0,0,0,0,0,0,0,0,0,0,0,0,0,0,0,0,0,0,0,0,0,0,0,0,0,0,0,0,0,0,0,0,0,0,0,0,0,0,0,0,0,0,0,0,0,0,0,0,0,0,0,0
0,0,0,0,0,0,0,0,0,0,0,0,0,0,0,0,0,0,0,0,0,0,0,0,0,0,0,0,0,0,0,0,0,0,0,0,0,0,0,0,0,0,0,0,0,0,0,0,0,0,0,0,0,0,0,0,0,0,0,0,0,0,0,0,0,0,0,0,0,0,0,0,0,0,0,0,0,0,0,0,0,0,0,0,0,0,0,0,0,0,0,0,0,0,0,0,0,0,0,0
0,0,0,0,0,0,0,0,0,0,0,0,0,0,0,0,0,0,0,0,0,0,0,0,0,0,0,0,0,0,0,0,0,0,0,0,0,0,0,0,0,0,0,0,0,0,0,0,0,0,0,0,0,0,0,0,0,0,0,0,0,0,0,0,0,0,0,0,0,0,0,0,0,0,0,0,0,0,0,0,0,0,0,0,0,0,0,0,0,0,0,0,0,0,0,0,0,0,0,0
0,0,0,0,0,0,0,0,0,0,0,0,0,0,0,0,0,0,0,0,0,0,0,0,0,0,0,0,0,0,0,0,0,0,0,0,0,0,0,0,0,0,0,0,0,0,0,0,0,0,0,0,0,0,0,0,0,0,0,0,0,0,0,0,0,0,0,0,0,0,0,0,0,0,0,0,0,0,0,0,0,0,0,0,0,0,0,0,0,0,0,0,0,0,0,0,0,0,0,0
0,0,0,0,0,0,0,0,0,0,0,0,0,0,0,0,0,0,0,0,0,0,0,0,0,0,0,0,0,0,0,0,0,0,0,0,0,0,0,0,0,0,0,0,0,0,0,0,0,0,0,0,0,0,0,0,0,0,0,0,0,0,0,0,0,0,0,0,0,0,0,0,0,0,0,0,0,0,0,0,0,0,0,0,0,0,0,0,0,0,0,0,0,0,0,0,0,0,0,0
0,0,0,0,0,0,0,0,0,0,0,0,0,0,0,0,0,0,0,0,0,0,0,0,0,0,0,0,0,0,0,0,0,0,0,0,0,0,0,0,0,0,0,0,0,0,0,0,0,0,0,0,0,0,0,0,0,0,0,0,0,0,0,0,0,0,0,0,0,0,0,0,0,0,0,0,0,0,0,0,0,0,0,0,0,0,0,0,0,0,0,0,0,0,0,0,0,0,0,0
0,0,0,0,0,0,0,0,0,0,0,0,0,0,0,0,0,0,0,0,0,0,0,0,0,0,0,0,0,0,0,0,0,0,0,0,0,0,0,0,0,0,0,0,0,0,0,0,0,0,0,0,0,0,0,0,0,0,0,0,0,0,0,0,0,0,0,0,0,0,0,0,0,0,0,0,0,0,0,0,0,0,0,0,0,0,0,0,0,0,0,0,0,0,0,0,0,0,0,0
0,0,0,0,0,0,0,0,0,0,0,0,0,0,0,0,0,0,0,0,0,0,0,0,0,0,0,0,0,0,0,0,0,0,0,0,0,0,0,0,0,0,0,0,0,0,0,0,0,0,0,0,0,0,0,0,0,0,0,0,0,0,0,0,0,0,0,0,0,0,0,0,0,0,0,0,0,0,0,0,0,0,0,0,0,0,0,0,0,0,0,0,0,0,0,0,0,0,0,0
0,0,0,0,0,0,0,0,0,0,0,0,0,0,0,0,0,0,0,0,0,0,0,0,0,0,0,0,0,0,0,0,0,0,0,0,0,0,0,0,0,0,0,0,0,0,0,0,0,0,0,0,0,0,0,0,0,0,0,0,0,0,0,0,0,0,0,0,0,0,0,0,0,0,0,0,0,0,0,0,0,0,0,0,0,0,0,0,0,0,0,0,0,0,0,0,0,0,0,0
0,0,0,0,0,0,0,0,0,0,0,0,0,0,0,0,0,0,0,0,0,0,0,0,0,0,0,0,0,0,0,0,0,0,0,0,0,0,0,0,0,0,0,0,0,0,0,0,0,0,0,0,0,0,0,0,0,0,0,0,0,0,0,0,0,0,0,0,0,0,0,0,0,0,0,0,0,0,0,0,0,0,0,0,0,0,0,0,0,0,0,0,0,0,0,0,0,0,0,0
0,0,0,0,0,0,0,0,0,0,0,0,0,0,0,0,0,0,0,0,0,0,0,0,0,0,0,0,0,0,0,0,0,0,0,0,0,0,0,0,0,0,0,0,0,0,0,0,0,0,0,0,0,0,0,0,0,0,0,0,0,0,0,0,0,0,0,0,0,0,0,0,0,0,0,0,0,0,0,0,0,0,0,0,0,0,0,0,0,0,0,0,0,0,0,0,0,0,0,0
0,0,0,0,0,0,0,0,0,0,0,0,0,0,0,0,0,0,0,0,0,0,0,0,0,0,0,0,0,0,0,0,0,0,0,0,0,0,0,0,0,0,0,0,0,0,0,0,0,0,0,0,0,0,0,0,0,0,0,0,0,0,0,0,0,0,0,0,0,0,0,0,0,0,0,0,0,0,0,0,0,0,0,0,0,0,0,0,0,0,0,0,0,0,0,0,0,0,0,0
0,0,0,0,0,0,0,0,0,0,0,0,0,0,0,0,0,0,0,0,0,0,0,0,0,0,0,0,0,0,0,0,0,0,0,0,0,0,0,0,0,0,0,0,0,0,0,0,0,0,0,0,0,0,0,0,0,0,0,0,0,0,0,0,0,0,0,0,0,0,0,0,0,0,0,0,0,0,0,0,0,0,0,0,0,0,0,0,0,0,0,0,0,0,0,0,0,0,0,0
0,0,0,0,0,0,0,0,0,0,0,0,0,0,0,0,0,0,0,0,0,0,0,0,0,0,0,0,0,0,0,0,0,0,0,0,0,0,0,0,0,0,0,0,0,0,0,0,0,0,0,0,0,0,0,0,0,0,0,0,0,0,0,0,0,0,0,0,0,0,0,0,0,0,0,0,0,0,0,0,0,0,0,0,0,0,0,0,0,0,0,0,0,0,0,0,0,0,0,0
0,0,0,0,0,0,0,0,0,0,0,0,0,0,0,0,0,0,0,0,0,0,0,0,0,0,0,0,0,0,0,0,0,0,0,0,0,0,0,0,0,0,0,0,0,0,0,0,0,0,0,0,0,0,0,0,0,0,0,0,0,0,0,0,0,0,0,0,0,0,0,0,0,0,0,0,0,0,0,0,0,0,0,0,0,0,0,0,0,0,0,0,0,0,0,0,0,0,0,0
0,0,0,0,0,0,0,0,0,0,0,0,0,0,0,0,0,0,0,0,0,0,0,0,0,0,0,0,0,0,0,0,0,0,0,0,0,0,0,0,0,0,0,0,0,0,0,0,0,0,0,0,0,0,0,0,0,0,0,0,0,0,0,0,0,0,0,0,0,0,0,0,0,0,0,0,0,0,0,0,0,0,0,0,0,0,0,0,0,0,0,0,0,0,0,0,0,0,0,0
0,0,0,0,0,0,0,0,0,0,0,0,0,0,0,0,0,0,0,0,0,0,0,0,0,0,0,0,0,0,0,0,0,0,0,0,0,0,0,0,0,0,0,0,0,0,0,0,0,0,0,0,0,0,0,0,0,0,0,0,0,0,0,0,0,0,0,0,0,0,0,0,0,0,0,0,0,0,0,0,0,0,0,0,0,0,0,0,0,0,0,0,0,0,0,0,0,0,0,0
0,0,0,0,0,0,0,0,0,0,0,0,0,0,0,0,0,0,0,0,0,0,0,0,0,0,0,0,0,0,0,0,0,0,0,0,0,0,0,0,0,0,0,0,0,0,0,0,0,0,0,0,0,0,0,0,0,0,0,0,0,0,0,0,0,0,0,0,0,0,0,0,0,0,0,0,0,0,0,0,0,0,0,0,0,0,0,0,0,0,0,0,0,0,0,0,0,0,0,0
0,0,0,0,0,0,0,0,0,0,0,0,0,0,0,0,0,0,0,0,0,0,0,0,0,0,0,0,0,0,0,0,0,0,0,0,0,0,0,0,0,0,0,0,0,0,0,0,0,0,0,0,0,0,0,0,0,0,0,0,0,0,0,0,0,0,0,0,0,0,0,0,0,0,0,0,0,0,0,0,0,0,0,0,0,0,0,0,0,0,0,0,0,0,0,0,0,0,0,0
0,0,0,0,0,0,0,0,0,0,0,0,0,0,0,0,0,0,0,0,0,0,0,0,0,0,0,0,0,0,0,0,0,0,0,0,0,0,0,0,0,0,0,0,0,0,0,0,0,0,0,0,0,0,0,0,0,0,0,0,0,0,0,0,0,0,0,0,0,0,0,0,0,0,0,0,0,0,0,0,0,0,0,0,0,0,0,0,0,0,0,0,0,0,0,0,0,0,0,0
0,0,0,0,0,0,0,0,0,0,0,0,0,0,0,0,0,0,0,0,0,0,0,0,0,0,0,0,0,0,0,0,0,0,0,0,0,0,0,0,0,0,0,0,0,0,0,0,0,0,0,0,0,0,0,0,0,0,0,0,0,0,0,0,0,0,0,0,0,0,0,0,0,0,0,0,0,0,0,0,0,0,0,0,0,0,0,0,0,0,0,0,0,0,0,0,0,0,0,0
0,0,0,0,0,0,0,0,0,0,0,0,0,0,0,0,0,0,0,0,0,0,0,0,0,0,0,0,0,0,0,0,0,0,0,0,0,0,0,0,0,0,0,0,0,0,0,0,0,0,0,0,0,0,0,0,0,0,0,0,0,0,0,0,0,0,0,0,0,0,0,0,0,0,0,0,0,0,0,0,0,0,0,0,0,0,0,0,0,0,0,0,0,0,0,0,0,0,0,0
0,0,0,0,0,0,0,0,0,0,0,0,0,0,0,0,0,0,0,0,0,0,0,0,0,0,0,0,0,0,0,0,0,0,0,0,0,0,0,0,0,0,0,0,0,0,0,0,0,0,0,0,0,0,0,0,0,0,0,0,0,0,0,0,0,0,0,0,0,0,0,0,0,0,0,0,0,0,0,0,0,0,0,0,0,0,0,0,0,0,0,0,0,0,0,0,0,0,0,0
0,0,0,0,0,0,0,0,0,0,0,0,0,0,0,0,0,0,0,0,0,0,0,0,0,0,0,0,0,0,0,0,0,0,0,0,0,0,0,0,0,0,0,0,0,0,0,0,0,0,0,0,0,0,0,0,0,0,0,0,0,0,0,0,0,0,0,0,0,0,0,0,0,0,0,0,0,0,0,0,0,0,0,0,0,0,0,0,0,0,0,0,0,0,0,0,0,0,0,0
0,0,0,0,0,0,0,0,0,0,0,0,0,0,0,0,0,0,0,0,0,0,0,0,0,0,0,0,0,0,0,0,0,0,0,0,0,0,0,0,0,0,0,0,0,0,0,0,0,0,0,0,0,0,0,0,0,0,0,0,0,0,0,0,0,0,0,0,0,0,0,0,0,0,0,0,0,0,0,0,0,0,0,0,0,0,0,0,0,0,0,0,0,0,0,0,0,0,0,0
0,0,0,0,0,0,0,0,0,0,0,0,0,0,0,0,0,0,0,0,0,0,0,0,0,0,0,0,0,0,0,0,0,0,0,0,0,0,0,0,0,0,0,0,0,0,0,0,0,0,0,0,0,0,0,0,0,0,0,0,0,0,0,0,0,0,0,0,0,0,0,0,0,0,0,0,0,0,0,0,0,0,0,0,0,0,0,0,0,0,0,0,0,0,0,0,0,0,0,0
0,0,0,0,0,0,0,0,0,0,0,0,0,0,0,0,0,0,0,0,0,0,0,0,0,0,0,0,0,0,0,0,0,0,0,0,0,0,0,0,0,0,0,0,0,0,0,0,0,0,0,0,0,0,0,0,0,0,0,0,0,0,0,0,0,0,0,0,0,0,0,0,0,0,0,0,0,0,0,0,0,0,0,0,0,0,0,0,0,0,0,0,0,0,0,0,0,0,0,0
0,0,0,0,0,0,0,0,0,0,0,0,0,0,0,0,0,0,0,0,0,0,0,0,0,0,0,0,0,0,0,0,0,0,0,0,0,0,0,0,0,0,0,0,0,0,0,0,0,0,0,0,0,0,0,0,0,0,2.61609373319289e-05,1.90279242645182e-05,0,0,0,0,0,0,8.83693907441152e-06,0.000155301262351804,0,0,0,0,0,0,0,0,0,0,0,0,0,0,0,0,0,0,0,0,0,0,0,0,0,0,0,0,0,0,0,0
0,0,0,0,0,0,0,0,0,0,0,0,0,0,0,0,0,0,0,0,0,0,0,0,0,0,0,0,0,0,0,0,0,0,0,0,0,0,0,0,0,0,0,0,0,0,0,0,0,0,0,0,0,0,0,0,0,0,0.000263301293046383,0.000424843158706436,0.000224571521047445,5.72852418503547e-05,7.61526771119622e-05,0.000205127307824246,0,0,1.80822637608406e-05,0.000317779534812944,0,0,0,0,0,0,0,0,0,0,0,0,0,0,0,0,0,0,0,0,0,0,0,0,0,0,0,0,0,0,0,0
0,0,0,0,0,0,0,0,0,0,0,0,0,0,0,0,0,0,0,0,0,0,0,0,0,0,0,0,0,0,0,0,0,0,0,0,0,0,0,0,0,0,0,0,0,0,0,0,0,0,0,0,0,0.000162797774842351,0.000272371640975818,0,0.000131583918380432,0.000131560340728384,6.02579603205447e-06,0.000574875504350706,0.000281724689918301,0.000153509516432842,0.000146075754896847,0.000208243331040831,0,8.01655732781157e-06,2.57192624926929e-06,0,0,0,0,0,0,0,0,0,0,0,0,0,0,0,0,0,0,0,0,0,0,0,0,0,0,0,0,0,0,0,0,0
0,0,0,0,0,0,0,0,0,0,0,0,0,0,0,0,0,0,0,0,0,0,0,0,0,0,0,0,0,0,0,0,0,0,0,0,0,0,0,0,0,0,0,0,0,0,0,0,0,0,0,0,0,2.42532550838585e-05,0.000255177425329071,0.000221774024372656,0.000527091072845001,0.00165666748131706,0.000433173080752281,0.000660175416988988,0.000209949373735279,0.000449874015930237,0.000440356719331692,0.000139425857649113,5.33527828427285e-05,0.000611722440859332,0.000283976558501867,0,0,0,0,0,0,0,0,0,0,0,0,0,0,0,0,0,0,0,0,0,0,0,0,0,0,0,0,0,0,0,0,0
0,0,0,0,0,0,0,0,0,0,0,0,0,0,0,0,0,0,0,0,0,0,0,0,0,0,0,0,0,0,0,0,0,0,0,0,0,0,0,0,0,0,0,0,0,0,0,0,0,0,0,0,0,0.000118003217856313,0.000758141475716505,0.000734487080792435,0.000878013647099214,0.00105091336537745,0.000697671889360685,0.00160924254605779,0.00117371096407808,0.00139253962868692,0.00134889687082777,0.00129497040496035,0.00157749850950761,0.000476014916192407,0.000325772400760873,0.00033337908605469,0.000531020158861732,8.48675122166344e-05,0.000241289295551084,0,0,0,0,0,0,0,0,0,0,0,0,0,0,0,0,0,0,0,0,0,0,0,0,0,0,0,0,0
0,0,0,0,0,0,0,0,0,0,0,0,0,0,0,0,0,0,0,0,0,0,0,0,0,0,0,0,0,0,0,0,0,0,0,0,0,0,0,0,0,0,0,0,0,0,0,0,0,0,0,3.05396570077177e-06,0.000215438088815392,0.000287592204279416,0.000804576226551182,0.000376621502532576,0.000493725685923368,0.00135373303888473,0.00132104011917956,0.000446305908374234,0.000859681524320721,0.00137717422140312,0.00170698270213274,0.00214522209466844,0.00198811675463834,0.00142973938669416,0.000506241854495235,0.000874485743552322,0.00190899735353178,0.000272441443488132,0.000479093069942389,0.000695418902785787,0.00011494188760074,2.30363857515534e-05,0,0,0,0,0,0,0,0,0,0,0,0,0,0,0,0,0,0,0,0,0,0,0,0,0,0
0,0,0,0,0,0,0,0,0,0,0,0,0,0,0,0,0,0,0,0,0,0,0,0,0,0,0,0,0,0,0,0,0,0,0,0,0,0,0,0,0,0,0,0,0,0,0,0,0,0,0,0.000203318641355292,0.00040136556790872,0.000149372520119685,0.00124936069718661,0.00113252353305096,0.000204652554703772,0.000447219970890421,0.000559622261269268,0.000292108645406238,0.000791706144257463,0.00114971801197803,0.00122619201617629,0.000562062036585741,0.00198983946662115,0.00186297357650442,0.000950449070111023,0.00174456740415984,0.00140394332068948,0.00101643434487749,0.000436471935980999,0.000804060599646582,0.000800622745492902,0.000309657000587847,0,0,0,0,0,0,0,0,0,0,0,0,0,0,0,0,0,0,0,0,0,0,0,0,0,0
0,0,0,0,0,0,0,0,0,0,0,0,0,0,0,0,0,0,0,0,0,0,0,0,0,0,0,0,0,0,0,0,0,0,0,0,0,0,0,0,0,0,0,0,0,0,0,0,0,0.000186358612097005,5.44368999223126e-05,0,0.000262227899449916,0.00040170820782838,0.00092744916956185,0.000542307897240313,0.000234131246530254,0.000550393622981105,0.000342810133433536,0.000576816213254642,0.00159088263556488,0.00028753755077474,0.000400899054510596,0.00114233004986073,0.00145796761231899,0.00234475892115953,0.00167696965793271,0.00210914419727788,0.00241646457602633,0.00237955249169671,0.00125890586546416,0.00117213952374649,0.000725349125021046,0.00030681574764349,0.000260237858155821,0.0002308053091745,0,0,0,0,0,0,0,0,0,0,0,0,0,0,0,0,0,0,0,0,0,0,0,0
0,0,0,0,0,0,0,0,0,0,0,0,0,0,0,0,0,0,0,0,0,0,0,0,0,0,0,0,0,0,0,0,0,0,0,0,0,0,0,0,0,0,0,0,0,0,0.00013252041507292,0.000340123563551769,0.000230885935778553,0.000270668022338436,0.000434093529246547,0.000384642406369896,0.000324133002316362,0.000520830788400941,0.00036077363548525,0.000156521631471047,4.88371482910144e-05,0.000282767042820019,0.000647826818261672,0.000553119419185787,0.000857548431037397,0.00034554219854355,0.000112234991294989,0.00101101733951395,0.0012197658087029,0.00104681852643807,0.00114488929530842,0.00146678763060194,0.00284855157796251,0.00313307937050548,0.00216520930961937,0.00265554412518005,0.00155588459501926,0.00185559930086616,0.000483053579077939,0.000155317519664327,0,0,0,0,0,0,0,0,0,0,0,0,0,0,0,0,0,0,0,0,0,0,0,0
0,0,0,0,0,0,0,0,0,0,0,0,0,0,0,0,0,0,0,0,0,0,0,0,0,0,0,0,0,0,0,0,0,0,0,0,0,0,0,0,0,0,0,0,0,0,7.670110001081e-06,1.96859113742305e-05,0.000682758755393933,8.26294132961101e-05,0.000149015943510777,0.000998506165057892,0.00114941490900803,0.000664094020504918,0.000974384001280252,0.000891036981586724,0.0005596583530139,0.000433644526626847,0.000274882663188307,0.00128658622153817,0.000388645777393803,0.00090622005486405,0.000327046452070124,0.000396933444496505,0.00142485534531353,0.00203704124675383,0.00154463316903411,0.00132072732024268,0.000836140827009791,0.00195416352752802,0.00201299337912573,0.00186725639212504,0.00255662861824638,0.0021292692260131,0.0011673163835187,0.000470399296787869,0,0,0,0,0,0,0,0,0,0,0,0,0,0,0,0,0,0,0,0,0,0,0,0
0,0,0,0,0,0,0,0,0,0,0,0,0,0,0,0,0,0,0,0,0,0,0,0,0,0,0,0,0,0,0,0,0,0,0,0,0,0,0,0,0,0,0,0,0.000369895135534218,6.81921980729034e-05,0,0.00025166449206833,0.000575038314509671,0.000102867863144476,0.000113248816930985,0.000951938480469712,0.000681875136730043,0.000116386571552735,0.00115673411265159,0.000607576378465674,0.000665952275167049,0.00024825357401162,0.000509184383474287,0.00108723374552252,0.00110391319089467,0.000661116599817922,0.00106443956278515,0.000643566394441827,0.00116197193491394,0.00146672634469741,0.000263030768681774,0.001217244529368,0.00103506507906881,0.00226774718901106,0.0027654726480344,0.00310758554803862,0.00255701782491502,0.00244198763876545,0.00108205991374304,0.000811889973831416,5.36435550340096e-05,4.39892656062829e-05,0,0,0,0,0,0,0,0,0,0,0,0,0,0,0,0,0,0,0,0,0,0
0,0,0,0,0,0,0,0,0,0,0,0,0,0,0,0,0,0,0,0,0,0,0,0,0,0,0,0,0,0,0,0,0,0,0,0,0,0,0,0,0,0,0,0,5.2275408051894e-05,9.63725834098414e-06,3.23410669900382e-06,0.000603573634154561,0.000205863517163279,7.43082702336066e-05,0.0005874876696879,0.00041367802786891,0.000272652249965568,0.000431701516389862,0.000401544383518656,0.000557198353095071,0.000639518837630531,0.000867467131237544,0.00116828157901196,0.00104169571035033,0.000375732871925091,0.000255432777528044,0.000284368455043769,0.00108837670736851,0.000941793427372994,0.000851933444508439,0.000766564111201553,0.000508703161928965,0.000808383492781219,0.00140965756173141,0.00231004909381257,0.0030543625205798,0.00287937465935205,0.00221110802852955,0.000806727188078146,0.00118614191516787,0.000441731591640881,0.00068845642893271,0.000160058454721069,0,0,0,0,0,0,0,0,0,0,0,0,0,0,0,0,0,0,0,0,0
0,0,0,0,0,0,0,0,0,0,0,0,0,0,0,0,0,0,0,0,0,0,0,0,0,0,0,0,0,0,0,0,0,0,0,0,0,0,0,0,0,0,0,0,0,0,3.84400749541354e-05,0.000722252915676904,0,0,3.69262930026554e-05,0.000367700356100256,0.000611877635298636,0.000307035853779185,0.000137059273026458,0.000442889135319152,0.000431924758446922,0.000665949368087753,0.00101763624382705,0.00106571735733876,0.000523642201680542,0.000548114700954018,0.00183799759028547,0.00191776536828519,0.000681121254677416,0.000383376056437229,0.000159226927654466,0.000489796675994159,0.0008920654473619,0.00143293551509145,0.00224275973118927,0.00215654119048682,0.00304658446952337,0.00338683381604273,0.00245864887188065,0.00201104328162797,0.000919146022703362,0.000431079967679656,0.000283997866146633,0,0,0,0,0,0,0,0,0,0,0,0,0,0,0,0,0,0,0,0,0
0,0,0,0,0,0,0,0,0,0,0,0,0,0,0,0,0,0,0,0,0,0,0,0,0,0,0,0,0,0,0,0,0,0,0,0,0,0,0,0,0,0,0,0,0,2.17019921261345e-05,0.000299064600295756,0.000337409148302694,4.80054032029e-06,0.000137801163336632,0.000536961668906789,0.00106271898034574,0.00101598539683461,0.0012164469684582,0.000553091032672048,0.000785140002608027,0.000142503322259682,0.000529231516472405,0.000940852181386774,0.000488315050352266,0.000749534843895741,0.000393070294290578,0.000603413775762165,0.000764314778181935,0.000254264910779629,0.00103566540143292,0.000785794516287869,0.0015028792552764,0.000609272961094527,0.000737692229869739,0.00121932831323078,0.00257975808670608,0.00375754048114269,0.00587572732032021,0.00308520166194646,0.00165474356890989,0.00180353700896369,0.00140533230093949,0.000962556967612206,0.000426295678240954,1.5430455145303e-05,0,0,0,0,0,0,0,0,0,0,0,0,0,0,0,0,0,0,0
0,0,0,0,0,0,0,0,0,0,0,0,0,0,0,0,0,0,0,0,0,0,0,0,0,0,0,0,0,0,0,0,0,0,0,0,0,0,0,0,0,0,0,0,0.000250018059981842,0.00016043660139877,0.00049879625273484,0.000517890099094865,0.000266743787157083,0.00127290134507095,0.00123186028133574,0.00110979137913057,0.000758032489408185,0.000870134459484904,0.000486545501594131,0.000308874240803973,5.18459907503723e-05,0.000343282576904358,0.000739722147231676,0.000483574267701761,0.000282775809983163,0.000494791723567557,9.79629277767327e-05,0.000176382217022803,0.000231326028436242,0.00100054340401311,0.000501393971126085,0.000966119832847862,0.000498029476932388,0.000575095674562907,0.00122937319216434,0.00270963704468413,0.00221836289857777,0.00401155167469188,0.00602229583540903,0.0049929213298952,0.00341008232988032,0.00187038213264464,0.000618797560841771,0.00026302780700484,6.12652652044334e-06,0,0,0,0,0,0,0,0,0,0,0,0,0,0,0,0,0,0,0
0,0,0,0,0,0,0,0,0,0,0,0,0,0,0,0,0,0,0,0,0,0,0,0,0,0,0,0,0,0,0,0,0,0,0,0,0,0,0,0,0,0,0,0,0.000241990787511151,0.00016384279182763,0.000953167944902103,0.000623291072007199,0.000466956403049895,0.000389018197242692,0.000646740309367058,0.0007587794192101,0.000322939709494839,0.000313303300213762,0.000984410432329043,0.000664741715658435,0.000249894610212198,0.000316574194364723,0.00113929526863735,0.000538914229770765,0.000821800940040408,0.000444322095490026,7.29555331899835e-05,0.00035927559455586,0.000384012227992452,0.000259246475082264,0.00043693742621288,0.000320444689534341,8.85323173250183e-05,0.00126400890929851,0.000780989429865948,0.00243347633150886,0.00208703645943592,0.00325141400474328,0.00421398112200694,0.0052558515413709,0.00450103950687629,0.00351447320997444,0.00204809948414381,0.000287533826843301,0.000109336894549707,4.88770275088289e-05,0,0,0,0,0,0,0,0,0,0,0,0,0,0,0,0,0,0
0,0,0,0,0,0,0,0,0,0,0,0,0,0,0,0,0,0,0,0,0,0,0,0,0,0,0,0,0,0,0,0,0,0,0,0,0,0,0,0,0,0,0,0,0,0,0.000964404010643227,0.000832443952499803,0.000733721665557233,0.000322012581468921,0.000724816508386765,0.000410054582826744,0.000293922532640812,0.000450970616532297,0.000903466472161787,0.000374255323695139,0.000870726434156429,7.89524819232964e-05,0.000157110554282648,0.000941715570193949,0.00137342990437267,0.00144558586809224,0.000578950189222682,0.000788705668542227,0.000643330130019297,0.000873998169881766,0.000326201659421113,0.000364519329215614,0.000679231177787592,0.00178041398928353,0.0018732702664484,0.00149355751270332,0.0018685774965035,0.00530129226087805,0.00395908283915166,0.00432868147437147,0.00444737471765601,0.00451914237304294,0.00144659946280802,0.000474981042968469,0.000236198103657513,0.00010558797428395,0,0,0,0,0,0,0,0,0,0,0,0,0,0,0,0,0,0
0,0,0,0,0,0,0,0,0,0,0,0,0,0,0,0,0,0,0,0,0,0,0,0,0,0,0,0,0,0,0,0,0,0,0,0,0,0,0,0,0,0,0,0,4.69884552401692e-05,0.000120292732580409,0.000250361596062125,0.000544850063891098,0.000370248210431002,0.000684962225867789,0.000469555351633046,0.000428664215762213,0.000710550778657733,0.000665587621269113,0.00146887534404334,0.000770977805959431,0.00104326430639677,0.00062203254037455,0.000697911953603852,0.000461211499757641,0.00116808031556149,0.000509318891285163,0.00109284918977317,0.00060894178516307,0.000943652489291311,0.000419394175249066,0.00158508555835019,0.00100400012585267,0.000261924440581194,0.00112925243493512,0.000799916389398235,0.00181950024313694,0.00420958095539659,0.00367398008950013,0.00485992383276527,0.00490175437674704,0.00515973326781152,0.00551132084464356,0.0020750067047182,0.000697659494047771,0.00057986517488617,3.04608619700383e-05,0,0,0,0,0,0,0,0,0,0,0,0,0,0,0,0,0,0
0,0,0,0,0,0,0,0,0,0,0,0,0,0,0,0,0,0,0,0,0,0,0,0,0,0,0,0,0,0,0,0,0,0,0,0,0,0,0,0,0,0,0,0,9.34590626557702e-05,0.000239259749523652,0.000247111599722426,0.000559819300568886,0.000196840006662836,0.000101325813835788,0.000285000708543774,0.000775323594137126,0.000517872094796953,0.000663078732887515,0.000555340457588795,0.00158915520745302,0.00120651648689,0.000812651436490912,0.000967485942298669,0.00162985165425824,0.000424761682608909,0.000138684243481646,0.000650378750203441,0.000477179412051313,0.000782522454241556,0.000896991605546547,0.000731184219215646,0.000573633969227538,0.000851114570746691,0.00224869168103254,0.00205217030024862,0.00295460196029367,0.00319288174112236,0.00412932623470787,0.00505735673956734,0.00799668487778825,0.00526544197712123,0.00522892372713405,0.00336717606590681,0.00108736029624543,0.00073234239890307,0.000107931409664911,0,0,0,0,0,0,0,0,0,0,0,0,0,0,0,0,0,0
0,0,0,0,0,0,0,0,0,0,0,0,0,0,0,0,0,0,0,0,0,0,0,0,0,0,0,0,0,0,0,0,0,0,0,0,0,0,0,0,0,0,0,0,0,0.000121159504386415,0.000246038250744741,0.000326529731606141,0.000494332884525003,5.71694950907781e-05,0.000379584332889695,0.00160084228864562,0.000451910215305089,0.00064834552446889,0.000711063599145532,0.00113490495250829,0.000631565225860693,0.0012721272248231,0.00217339156788219,0.00182340395990652,0.000501520626941069,0.000419691155513435,0.000582579552115688,0.000798923241238773,0.000399597899062051,0.00121921550772514,0.000489015776809322,0.000198947260164108,0.000652323568908454,0.00114690310359432,0.00158228112243192,0.00287206840083354,0.00396450185783826,0.00433834254846258,0.00341106574186768,0.00534033659338329,0.00645941267774694,0.00456903577649537,0.00153347394111754,0.00102015002811435,0.000391417316244818,0,0,0,0,0,0,0,0,0,0,0,0,0,0,0,0,0,0,0
0,0,0,0,0,0,0,0,0,0,0,0,0,0,0,0,0,0,0,0,0,0,0,0,0,0,0,0,0,0,0,0,0,0,0,0,0,0,0,0,0,0,0,0,0,0.000156858258936787,0.000390286654404489,0.00044307298228291,0.000549816825609456,0.000786941652636323,0.00150422661019931,0.00123376268591085,0.000335548586550669,8.51052198604933e-05,0.000608586439869978,0.000523961334417719,0.000864850128827972,0.00067664207317136,0.000232161760864467,0.000478448886841826,0.000353459701028625,0.000402429313605252,0.000519852499121064,0.000387400057409749,0.00023962525537842,0.000802561691531883,0.000363812468164832,0.000891072409090661,0.000510177449275397,0.00128570207933712,0.00102887802550884,0.00197318987688938,0.00288713443050244,0.00409840088006831,0.00416117310175297,0.00613666053744057,0.00650718256796222,0.00490292660879133,0.00207571593294494,0.00122117459506463,0.000495094649353371,0,0,0,0,0,0,0,0,0,0,0,0,0,0,0,0,0,0,0
0,0,0,0,0,0,0,0,0,0,0,0,0,0,0,0,0,0,0,0,0,0,0,0,0,0,0,0,0,0,0,0,0,0,0,0,0,0,0,0,0,0,0,0,0.000168711078126375,0.000101978189405364,1.88542063201467e-05,0.000969060521864996,0.000456302024069557,0.000229223839120568,0.000962550837766899,0.00126437138560516,0.000867183896245173,0.00125588212895476,0.000197463756115923,0.000953995912821386,0.00124215367932157,0.000667204522841552,0.000365630088995641,0.000352461428278122,0.000663787844269771,0.0005816168597542,0.000734084358495415,0.000419052096263554,0.000123916053089783,0.000320582109166913,0.000829109272698398,0.00152302901496751,0.00112890091355092,0.00116443855145782,0.00166977665751336,0.00331594391212235,0.00393593987861988,0.00397613758906389,0.00468077718231088,0.00436690257593811,0.00580319767914146,0.00414362975957168,0.00146752517120877,0.00140887133031744,0.000159063357343111,0,0,0,0,0,0,0,0,0,0,0,0,0,0,0,0,0,0,0
0,0,0,0,0,0,0,0,0,0,0,0,0,0,0,0,0,0,0,0,0,0,0,0,0,0,0,0,0,0,0,0,0,0,0,0,0,0,0,0,0,0,0,0,0.000142921295895607,8.63894365726529e-05,4.73157422549213e-05,0.000373515152972107,0.000691615364095901,0.000825950365696769,0.00101623514539309,0.00154540509010379,0.000836546306158561,0.00101142166837289,0.000250016101298646,0.000694112531233471,0.00122424065085881,0.00060624154569654,0.000516361764728232,0.000392126595037347,0.000749014700022986,0.000344076389875294,0.00123447366965016,0.000812864039211061,0.000608510410791477,8.07197677772069e-05,0.000256419730975166,0.000400408229511483,0.00102751369381982,0.00115281530372636,0.00148146969086036,0.00264472286092645,0.00210983289107953,0.00378685267330888,0.00556572724009753,0.00481454491025915,0.00335636997126063,0.00320130936656619,0.00111499745868103,0.000468962064754969,0,0,0,0,0,0,0,0,0,0,0,0,0,0,0,0,0,0,0,0
0,0,0,0,0,0,0,0,0,0,0,0,0,0,0,0,0,0,0,0,0,0,0,0,0,0,0,0,0,0,0,0,0,0,0,0,0,0,0,0,0,0,0,0,0,0,0.000129526562661739,0.000237670220372108,0.000543487510841145,0.000719939815087991,0.00113743115341578,0.00104228295416284,0.000685783481324002,0.000739989237603483,0.000506656892012586,0.000362862407797551,0.0012415525596747,0.000943802730376276,0.000563020961303215,0.00030381467758164,0.00013074343778745,0.000496347125593705,0.000585290131673562,0.00096794889785848,0.00105507783907108,0.000418250812418493,0.00047078514024243,0.000439273836874766,0.00112518108697838,0.000406572178961621,0.000659911831698841,0.000970494436015652,0.00279949609087524,0.00392650606447185,0.00467210261015188,0.00617342048780736,0.00323578486863661,0.00185739756149319,0.00132781796907445,0.000183083309484294,0,0,0,0,0,0,0,0,0,0,0,0,0,0,0,0,0,0,0,0
0,0,0,0,0,0,0,0,0,0,0,0,0,0,0,0,0,0,0,0,0,0,0,0,0,0,0,0,0,0,0,0,0,0,0,0,0,0,0,0,0,0,0,0,0,0,0,0,0.000105917268191921,0.000275406513873639,0.000544008365564546,0.000643559497987383,0.000511644880098343,0.000589434696969596,0.000253741487680421,0.000172485107394871,0.000421727476437315,0.00138762866075778,0.0010836494209357,0.0003576418222587,0.000126200767048896,0.00058336599478113,0.000951183146744381,0.000772272033464847,0.00115317289124736,0.000380031134772639,0.00035216601743046,0.000350896836614108,0.00115386793185072,0.000781357755187711,0.00194100962401398,0.00121765968763192,0.00213640024708389,0.00427397759496953,0.00521692024244871,0.0044633296890907,0.00311472296193408,0.00143176295799439,0.000302475780205665,8.07522148566749e-05,0,0,0,0,0,0,0,0,0,0,0,0,0,0,0,0,0,0,0,0
0,0,0,0,0,0,0,0,0,0,0,0,0,0,0,0,0,0,0,0,0,0,0,0,0,0,0,0,0,0,0,0,0,0,0,0,0,0,0,0,0,0,0,0,0,0,0,0,0.000178879201512541,0.000654829891284349,0.000362369524757767,0.000319609833707818,0.00133470185718215,0.000556838900992746,0.000385550667404597,0.000962482582595545,0.000469511573564108,0.00120172759162722,0.000839697935030674,8.54317212044865e-05,0.00059801451841068,0.000415198694138812,0.00117641514336623,0.00153184176938151,0.00121931024848633,0.000795805537301402,0.00036358825684079,0.00121883814197338,0.00185308658862873,0.000666002109718063,0.00258721947252809,0.0025349523768909,0.0033674084451198,0.00356674484388158,0.002790290825245,0.00261303734367783,0.00162314949160534,0.000813968817756732,0.000322912622662616,3.67403646210655e-05,0,0,0,0,0,0,0,0,0,0,0,0,0,0,0,0,0,0,0,0
0,0,0,0,0,0,0,0,0,0,0,0,0,0,0,0,0,0,0,0,0,0,0,0,0,0,0,0,0,0,0,0,0,0,0,0,0,0,0,0,0,0,0,0,0,0,0,0,0.000382844163460722,0.000482841481235083,0,9.91618221613878e-05,0.000744205250491576,0.00079554303354932,0.000568779765541723,0.000952897090902219,0.000770233358413432,0.000393423957212072,0.000882464814261412,0.000418804066920483,0.000339828554241444,0.000841430022182303,0.000807643652880875,0.000794853985768183,0.000867721990184945,0.00111191147923421,0.000683255889046242,0.00143562625796611,0.000791259227364522,0.00179919957478899,0.00270393851510453,0.00323796089593295,0.00501792155693258,0.00269425811811396,0.00156533509543565,0.000647319993828063,0.000935656961240899,0.00129550587794645,0.000384687485270391,0.000362292573291941,0,0,0,0,0,0,0,0,0,0,0,0,0,0,0,0,0,0,0,0
0,0,0,0,0,0,0,0,0,0,0,0,0,0,0,0,0,0,0,0,0,0,0,0,0,0,0,0,0,0,0,0,0,0,0,0,0,0,0,0,0,0,0,0,0,0,0,0,1.25737254613656e-05,7.3668759365958e-05,0,8.26323714180686e-05,0.000308756072259201,0.00024315850936756,0.000510099455794878,0.000488664083475781,0.00061678528845249,0.000669922260629344,0.000447181625418861,0.000506860950888636,0.000555150372896123,0.00128735637441322,0.00147701901323745,0.00037414612323799,0.000533965508294684,0.000692219891136574,0.00113485859279616,0.00175374140539372,0.00176351712942548,0.00250127767406261,0.00334355796877603,0.00428891348776924,0.00390680548012707,0.00255148030445677,0.00289212032094319,0.0011359165992237,0.000386716846093977,0.00030763424530737,9.39608257716008e-05,0,0,0,0,0,0,0,0,0,0,0,0,0,0,0,0,0,0,0,0,0
0,0,0,0,0,0,0,0,0,0,0,0,0,0,0,0,0,0,0,0,0,0,0,0,0,0,0,0,0,0,0,0,0,0,0,0,0,0,0,0,0,0,0,0,0,0,0,0,0,0,0,0,9.38349552761776e-05,1.9512917832425e-05,0.000541405797193266,0.000411419856967444,0.000507247883470461,0.00105960525008549,0.000525485133074449,0.000466378818466848,0.00114255725598654,0.000896224456200004,0.000738791490557858,0.000310228985064309,0.000715005577803989,0.00197649241596726,0.00315459678204853,0.00126885379522297,0.00328648968823219,0.00333425592362385,0.00288006052026101,0.00209004474164331,0.00215719899694917,0.00107262122855612,0.00155302525058251,0.00132468822372837,0.000274800770477371,5.12459630299487e-05,0,0,0,0,0,0,0,0,0,0,0,0,0,0,0,0,0,0,0,0,0,0
0,0,0,0,0,0,0,0,0,0,0,0,0,0,0,0,0,0,0,0,0,0,0,0,0,0,0,0,0,0,0,0,0,0,0,0,0,0,0,0,0,0,0,0,0,0,0,0,0,0,0,6.16818719849114e-06,0.000811036117080179,3.63361911301024e-05,0.000419353667176486,0.000306476100504292,0.000245679995066458,0.000758173622579459,0.000941232507298925,0.000868840238428724,0.00121174969853345,0.00173485319522324,0.00221625215539492,0.00114260353358972,0.000441186669016209,0.00172773031757552,0.00151276971925382,0.00115223080856943,0.00120630471786029,0.00214257206935297,0.00166327636607268,0.00156080995407851,0.00110833875577389,0.000809265852929727,0.000670850543548252,0.000631557052216153,0.000161388851432405,0,0,0,0,0,0,0,0,0,0,0,0,0,0,0,0,0,0,0,0,0,0,0
0,0,0,0,0,0,0,0,0,0,0,0,0,0,0,0,0,0,0,0,0,0,0,0,0,0,0,0,0,0,0,0,0,0,0,0,0,0,0,0,0,0,0,0,0,0,0,0,0,0,0,5.82785557308584e-07,4.25802946675314e-05,0,4.15531163913254e-05,0.000443899175217696,0.000203601338539475,0.000572649574623289,0.000888467700797672,0.000905615432392464,0.000469261082045594,0.000730325032285018,0.0020797369217548,0.00191919241887248,0.000995306495988087,0.000853132633615397,0.000701009841685205,0.000922833780746286,0.00144133074363106,0.00121770817273273,0.00126382671800248,0.000853193933838064,0.000532699061016963,0.000303234695044586,0.00013667992112964,0.000437952790670235,9.91330234551589e-05,0,0,0,0,0,0,0,0,0,0,0,0,0,0,0,0,0,0,0,0,0,0,0
0,0,0,0,0,0,0,0,0,0,0,0,0,0,0,0,0,0,0,0,0,0,0,0,0,0,0,0,0,0,0,0,0,0,0,0,0,0,0,0,0,0,0,0,0,0,0,0,0,0,0,0,0,0,0,8.29819850221968e-05,0.000605239714030731,0.000572358731326128,0.000647698305296195,0.000778839297144705,0.000311363958849652,0.00076123010110568,0.000372166896959044,0.000461813571355971,0.00060287508229883,0.00101795602763163,0.000491614031719459,0.00122856142415986,0.000869834623525493,0.000497904940937424,0,0.000344652076339794,2.38107862752427e-05,0,0,0,0,0,0,0,0,0,0,0,0,0,0,0,0,0,0,0,0,0,0,0,0,0,0,0
0,0,0,0,0,0,0,0,0,0,0,0,0,0,0,0,0,0,0,0,0,0,0,0,0,0,0,0,0,0,0,0,0,0,0,0,0,0,0,0,0,0,0,0,0,0,0,0,0,0,0,0,0,0,0,2.02415198224919e-05,8.37436659982445e-05,0.000903091436549215,0.00103435686888192,0,0.000208559359403313,0.000187188803765103,0.000471422943188853,0,0.000283459689288594,0.000523597497532482,8.9365387079348e-06,0.000479654519325559,0.000368134787506649,4.06243897855413e-06,0,0,0,0,0,0,0,0,0,0,0,0,0,0,0,0,0,0,0,0,0,0,0,0,0,0,0,0,0,0
0,0,0,0,0,0,0,0,0,0,0,0,0,0,0,0,0,0,0,0,0,0,0,0,0,0,0,0,0,0,0,0,0,0,0,0,0,0,0,0,0,0,0,0,0,0,0,0,0,0,0,0,0,0,0,0,0,5.52537296963312e-05,0.000142875684028789,0,0.000322916129536681,4.33501947644285e-05,1.64574412125437e-06,0,0.000124488595171553,0.000178088948760493,0,9.1700963663342e-06,2.49523897739423e-05,0,0,0,0,0,0,0,0,0,0,0,0,0,0,0,0,0,0,0,0,0,0,0,0,0,0,0,0,0,0,0
0,0,0,0,0,0,0,0,0,0,0,0,0,0,0,0,0,0,0,0,0,0,0,0,0,0,0,0,0,0,0,0,0,0,0,0,0,0,0,0,0,0,0,0,0,0,0,0,0,0,0,0,0,0,0,0,0,0,0,0,0,0,0,0,0,0,0,0,0,0,0,0,0,0,0,0,0,0,0,0,0,0,0,0,0,0,0,0,0,0,0,0,0,0,0,0,0,0,0,0
0,0,0,0,0,0,0,0,0,0,0,0,0,0,0,0,0,0,0,0,0,0,0,0,0,0,0,0,0,0,0,0,0,0,0,0,0,0,0,0,0,0,0,0,0,0,0,0,0,0,0,0,0,0,0,0,0,0,0,0,0,0,0,0,0,0,0,0,0,0,0,0,0,0,0,0,0,0,0,0,0,0,0,0,0,0,0,0,0,0,0,0,0,0,0,0,0,0,0,0
0,0,0,0,0,0,0,0,0,0,0,0,0,0,0,0,0,0,0,0,0,0,0,0,0,0,0,0,0,0,0,0,0,0,0,0,0,0,0,0,0,0,0,0,0,0,0,0,0,0,0,0,0,0,0,0,0,0,0,0,0,0,0,0,0,0,0,0,0,0,0,0,0,0,0,0,0,0,0,0,0,0,0,0,0,0,0,0,0,0,0,0,0,0,0,0,0,0,0,0
0,0,0,0,0,0,0,0,0,0,0,0,0,0,0,0,0,0,0,0,0,0,0,0,0,0,0,0,0,0,0,0,0,0,0,0,0,0,0,0,0,0,0,0,0,0,0,0,0,0,0,0,0,0,0,0,0,0,0,0,0,0,0,0,0,0,0,0,0,0,0,0,0,0,0,0,0,0,0,0,0,0,0,0,0,0,0,0,0,0,0,0,0,0,0,0,0,0,0,0
0,0,0,0,0,0,0,0,0,0,0,0,0,0,0,0,0,0,0,0,0,0,0,0,0,0,0,0,0,0,0,0,0,0,0,0,0,0,0,0,0,0,0,0,0,0,0,0,0,0,0,0,0,0,0,0,0,0,0,0,0,0,0,0,0,0,0,0,0,0,0,0,0,0,0,0,0,0,0,0,0,0,0,0,0,0,0,0,0,0,0,0,0,0,0,0,0,0,0,0
0,0,0,0,0,0,0,0,0,0,0,0,0,0,0,0,0,0,0,0,0,0,0,0,0,0,0,0,0,0,0,0,0,0,0,0,0,0,0,0,0,0,0,0,0,0,0,0,0,0,0,0,0,0,0,0,0,0,0,0,0,0,0,0,0,0,0,0,0,0,0,0,0,0,0,0,0,0,0,0,0,0,0,0,0,0,0,0,0,0,0,0,0,0,0,0,0,0,0,0
0,0,0,0,0,0,0,0,0,0,0,0,0,0,0,0,0,0,0,0,0,0,0,0,0,0,0,0,0,0,0,0,0,0,0,0,0,0,0,0,0,0,0,0,0,0,0,0,0,0,0,0,0,0,0,0,0,0,0,0,0,0,0,0,0,0,0,0,0,0,0,0,0,0,0,0,0,0,0,0,0,0,0,0,0,0,0,0,0,0,0,0,0,0,0,0,0,0,0,0
0,0,0,0,0,0,0,0,0,0,0,0,0,0,0,0,0,0,0,0,0,0,0,0,0,0,0,0,0,0,0,0,0,0,0,0,0,0,0,0,0,0,0,0,0,0,0,0,0,0,0,0,0,0,0,0,0,0,0,0,0,0,0,0,0,0,0,0,0,0,0,0,0,0,0,0,0,0,0,0,0,0,0,0,0,0,0,0,0,0,0,0,0,0,0,0,0,0,0,0
0,0,0,0,0,0,0,0,0,0,0,0,0,0,0,0,0,0,0,0,0,0,0,0,0,0,0,0,0,0,0,0,0,0,0,0,0,0,0,0,0,0,0,0,0,0,0,0,0,0,0,0,0,0,0,0,0,0,0,0,0,0,0,0,0,0,0,0,0,0,0,0,0,0,0,0,0,0,0,0,0,0,0,0,0,0,0,0,0,0,0,0,0,0,0,0,0,0,0,0
0,0,0,0,0,0,0,0,0,0,0,0,0,0,0,0,0,0,0,0,0,0,0,0,0,0,0,0,0,0,0,0,0,0,0,0,0,0,0,0,0,0,0,0,0,0,0,0,0,0,0,0,0,0,0,0,0,0,0,0,0,0,0,0,0,0,0,0,0,0,0,0,0,0,0,0,0,0,0,0,0,0,0,0,0,0,0,0,0,0,0,0,0,0,0,0,0,0,0,0
0,0,0,0,0,0,0,0,0,0,0,0,0,0,0,0,0,0,0,0,0,0,0,0,0,0,0,0,0,0,0,0,0,0,0,0,0,0,0,0,0,0,0,0,0,0,0,0,0,0,0,0,0,0,0,0,0,0,0,0,0,0,0,0,0,0,0,0,0,0,0,0,0,0,0,0,0,0,0,0,0,0,0,0,0,0,0,0,0,0,0,0,0,0,0,0,0,0,0,0
0,0,0,0,0,0,0,0,0,0,0,0,0,0,0,0,0,0,0,0,0,0,0,0,0,0,0,0,0,0,0,0,0,0,0,0,0,0,0,0,0,0,0,0,0,0,0,0,0,0,0,0,0,0,0,0,0,0,0,0,0,0,0,0,0,0,0,0,0,0,0,0,0,0,0,0,0,0,0,0,0,0,0,0,0,0,0,0,0,0,0,0,0,0,0,0,0,0,0,0
0,0,0,0,0,0,0,0,0,0,0,0,0,0,0,0,0,0,0,0,0,0,0,0,0,0,0,0,0,0,0,0,0,0,0,0,0,0,0,0,0,0,0,0,0,0,0,0,0,0,0,0,0,0,0,0,0,0,0,0,0,0,0,0,0,0,0,0,0,0,0,0,0,0,0,0,0,0,0,0,0,0,0,0,0,0,0,0,0,0,0,0,0,0,0,0,0,0,0,0
0,0,0,0,0,0,0,0,0,0,0,0,0,0,0,0,0,0,0,0,0,0,0,0,0,0,0,0,0,0,0,0,0,0,0,0,0,0,0,0,0,0,0,0,0,0,0,0,0,0,0,0,0,0,0,0,0,0,0,0,0,0,0,0,0,0,0,0,0,0,0,0,0,0,0,0,0,0,0,0,0,0,0,0,0,0,0,0,0,0,0,0,0,0,0,0,0,0,0,0
0,0,0,0,0,0,0,0,0,0,0,0,0,0,0,0,0,0,0,0,0,0,0,0,0,0,0,0,0,0,0,0,0,0,0,0,0,0,0,0,0,0,0,0,0,0,0,0,0,0,0,0,0,0,0,0,0,0,0,0,0,0,0,0,0,0,0,0,0,0,0,0,0,0,0,0,0,0,0,0,0,0,0,0,0,0,0,0,0,0,0,0,0,0,0,0,0,0,0,0
0,0,0,0,0,0,0,0,0,0,0,0,0,0,0,0,0,0,0,0,0,0,0,0,0,0,0,0,0,0,0,0,0,0,0,0,0,0,0,0,0,0,0,0,0,0,0,0,0,0,0,0,0,0,0,0,0,0,0,0,0,0,0,0,0,0,0,0,0,0,0,0,0,0,0,0,0,0,0,0,0,0,0,0,0,0,0,0,0,0,0,0,0,0,0,0,0,0,0,0
0,0,0,0,0,0,0,0,0,0,0,0,0,0,0,0,0,0,0,0,0,0,0,0,0,0,0,0,0,0,0,0,0,0,0,0,0,0,0,0,0,0,0,0,0,0,0,0,0,0,0,0,0,0,0,0,0,0,0,0,0,0,0,0,0,0,0,0,0,0,0,0,0,0,0,0,0,0,0,0,0,0,0,0,0,0,0,0,0,0,0,0,0,0,0,0,0,0,0,0
0,0,0,0,0,0,0,0,0,0,0,0,0,0,0,0,0,0,0,0,0,0,0,0,0,0,0,0,0,0,0,0,0,0,0,0,0,0,0,0,0,0,0,0,0,0,0,0,0,0,0,0,0,0,0,0,0,0,0,0,0,0,0,0,0,0,0,0,0,0,0,0,0,0,0,0,0,0,0,0,0,0,0,0,0,0,0,0,0,0,0,0,0,0,0,0,0,0,0,0
0,0,0,0,0,0,0,0,0,0,0,0,0,0,0,0,0,0,0,0,0,0,0,0,0,0,0,0,0,0,0,0,0,0,0,0,0,0,0,0,0,0,0,0,0,0,0,0,0,0,0,0,0,0,0,0,0,0,0,0,0,0,0,0,0,0,0,0,0,0,0,0,0,0,0,0,0,0,0,0,0,0,0,0,0,0,0,0,0,0,0,0,0,0,0,0,0,0,0,0
0,0,0,0,0,0,0,0,0,0,0,0,0,0,0,0,0,0,0,0,0,0,0,0,0,0,0,0,0,0,0,0,0,0,0,0,0,0,0,0,0,0,0,0,0,0,0,0,0,0,0,0,0,0,0,0,0,0,0,0,0,0,0,0,0,0,0,0,0,0,0,0,0,0,0,0,0,0,0,0,0,0,0,0,0,0,0,0,0,0,0,0,0,0,0,0,0,0,0,0
0,0,0,0,0,0,0,0,0,0,0,0,0,0,0,0,0,0,0,0,0,0,0,0,0,0,0,0,0,0,0,0,0,0,0,0,0,0,0,0,0,0,0,0,0,0,0,0,0,0,0,0,0,0,0,0,0,0,0,0,0,0,0,0,0,0,0,0,0,0,0,0,0,0,0,0,0,0,0,0,0,0,0,0,0,0,0,0,0,0,0,0,0,0,0,0,0,0,0,0
0,0,0,0,0,0,0,0,0,0,0,0,0,0,0,0,0,0,0,0,0,0,0,0,0,0,0,0,0,0,0,0,0,0,0,0,0,0,0,0,0,0,0,0,0,0,0,0,0,0,0,0,0,0,0,0,0,0,0,0,0,0,0,0,0,0,0,0,0,0,0,0,0,0,0,0,0,0,0,0,0,0,0,0,0,0,0,0,0,0,0,0,0,0,0,0,0,0,0,0
0,0,0,0,0,0,0,0,0,0,0,0,0,0,0,0,0,0,0,0,0,0,0,0,0,0,0,0,0,0,0,0,0,0,0,0,0,0,0,0,0,0,0,0,0,0,0,0,0,0,0,0,0,0,0,0,0,0,0,0,0,0,0,0,0,0,0,0,0,0,0,0,0,0,0,0,0,0,0,0,0,0,0,0,0,0,0,0,0,0,0,0,0,0,0,0,0,0,0,0
0,0,0,0,0,0,0,0,0,0,0,0,0,0,0,0,0,0,0,0,0,0,0,0,0,0,0,0,0,0,0,0,0,0,0,0,0,0,0,0,0,0,0,0,0,0,0,0,0,0,0,0,0,0,0,0,0,0,0,0,0,0,0,0,0,0,0,0,0,0,0,0,0,0,0,0,0,0,0,0,0,0,0,0,0,0,0,0,0,0,0,0,0,0,0,0,0,0,0,0
0,0,0,0,0,0,0,0,0,0,0,0,0,0,0,0,0,0,0,0,0,0,0,0,0,0,0,0,0,0,0,0,0,0,0,0,0,0,0,0,0,0,0,0,0,0,0,0,0,0,0,0,0,0,0,0,0,0,0,0,0,0,0,0,0,0,0,0,0,0,0,0,0,0,0,0,0,0,0,0,0,0,0,0,0,0,0,0,0,0,0,0,0,0,0,0,0,0,0,0
0,0,0,0,0,0,0,0,0,0,0,0,0,0,0,0,0,0,0,0,0,0,0,0,0,0,0,0,0,0,0,0,0,0,0,0,0,0,0,0,0,0,0,0,0,0,0,0,0,0,0,0,0,0,0,0,0,0,0,0,0,0,0,0,0,0,0,0,0,0,0,0,0,0,0,0,0,0,0,0,0,0,0,0,0,0,0,0,0,0,0,0,0,0,0,0,0,0,0,0
0,0,0,0,0,0,0,0,0,0,0,0,0,0,0,0,0,0,0,0,0,0,0,0,0,0,0,0,0,0,0,0,0,0,0,0,0,0,0,0,0,0,0,0,0,0,0,0,0,0,0,0,0,0,0,0,0,0,0,0,0,0,0,0,0,0,0,0,0,0,0,0,0,0,0,0,0,0,0,0,0,0,0,0,0,0,0,0,0,0,0,0,0,0,0,0,0,0,0,0
0,0,0,0,0,0,0,0,0,0,0,0,0,0,0,0,0,0,0,0,0,0,0,0,0,0,0,0,0,0,0,0,0,0,0,0,0,0,0,0,0,0,0,0,0,0,0,0,0,0,0,0,0,0,0,0,0,0,0,0,0,0,0,0,0,0,0,0,0,0,0,0,0,0,0,0,0,0,0,0,0,0,0,0,0,0,0,0,0,0,0,0,0,0,0,0,0,0,0,0
0,0,0,0,0,0,0,0,0,0,0,0,0,0,0,0,0,0,0,0,0,0,0,0,0,0,0,0,0,0,0,0,0,0,0,0,0,0,0,0,0,0,0,0,0,0,0,0,0,0,0,0,0,0,0,0,0,0,0,0,0,0,0,0,0,0,0,0,0,0,0,0,0,0,0,0,0,0,0,0,0,0,0,0,0,0,0,0,0,0,0,0,0,0,0,0,0,0,0,0
0,0,0,0,0,0,0,0,0,0,0,0,0,0,0,0,0,0,0,0,0,0,0,0,0,0,0,0,0,0,0,0,0,0,0,0,0,0,0,0,0,0,0,0,0,0,0,0,0,0,0,0,0,0,0,0,0,0,0,0,0,0,0,0,0,0,0,0,0,0,0,0,0,0,0,0,0,0,0,0,0,0,0,0,0,0,0,0,0,0,0,0,0,0,0,0,0,0,0,0
0,0,0,0,0,0,0,0,0,0,0,0,0,0,0,0,0,0,0,0,0,0,0,0,0,0,0,0,0,0,0,0,0,0,0,0,0,0,0,0,0,0,0,0,0,0,0,0,0,0,0,0,0,0,0,0,0,0,0,0,0,0,0,0,0,0,0,0,0,0,0,0,0,0,0,0,0,0,0,0,0,0,0,0,0,0,0,0,0,0,0,0,0,0,0,0,0,0,0,0
0,0,0,0,0,0,0,0,0,0,0,0,0,0,0,0,0,0,0,0,0,0,0,0,0,0,0,0,0,0,0,0,0,0,0,0,0,0,0,0,0,0,0,0,0,0,0,0,0,0,0,0,0,0,0,0,0,0,0,0,0,0,0,0,0,0,0,0,0,0,0,0,0,0,0,0,0,0,0,0,0,0,0,0,0,0,0,0,0,0,0,0,0,0,0,0,0,0,0,0
0,0,0,0,0,0,0,0,0,0,0,0,0,0,0,0,0,0,0,0,0,0,0,0,0,0,0,0,0,0,0,0,0,0,0,0,0,0,0,0,0,0,0,0,0,0,0,0,0,0,0,0,0,0,0,0,0,0,0,0,0,0,0,0,0,0,0,0,0,0,0,0,0,0,0,0,0,0,0,0,0,0,0,0,0,0,0,0,0,0,0,0,0,0,0,0,0,0,0,0
0,0,0,0,0,0,0,0,0,0,0,0,0,0,0,0,0,0,0,0,0,0,0,0,0,0,0,0,0,0,0,0,0,0,0,0,0,0,0,0,0,0,0,0,0,0,0,0,0,0,0,0,0,0,0,0,0,0,0,0,0,0,0,0,0,0,0,0,0,0,0,0,0,0,0,0,0,0,0,0,0,0,0,0,0,0,0,0,0,0,0,0,0,0,0,0,0,0,0,0
