0,0,0,0,0,0,0,0,0,0,0,0,0,0,0,0,0,0,0,0,0,0,0,0,0,0,0,0,0,0,0,0,0,0,0,0,0,0,0,0,0,0,0,0,0,0,0,0,0,0,0,0,0,0,0,0,0,0,0,0,0,0,0,0,0,0,0,0,0,0,0,0,0,0,0,0,0,0,0,0,0,0,0,0,0,0,0,0,0,0,0,0,0,0,0,0,0,0,0,0
0,0,0,0,0,0,0,0,0,0,0,0,0,0,0,0,0,0,0,0,0,0,0,0,0,0,0,0,0,0,0,0,0,0,0,0,0,0,0,0,0,0,0,0,0,0,0,0,0,0,0,0,0,0,0,0,0,0,0,0,0,0,0,0,0,0,0,0,0,0,0,0,0,0,0,0,0,0,0,0,0,0,0,0,0,0,0,0,0,0,0,0,0,0,0,0,0,0,0,0
0,0,0,0,0,0,0,0,0,0,0,0,0,0,0,0,0,0,0,0,0,0,0,0,0,0,0,0,0,0,0,0,0,0,0,0,0,0,0,0,0,0,0,0,0,0,0,0,0,0,0,0,0,0,0,0,0,0,0,0,0,0,0,0,0,0,0,0,0,0,0,0,0,0,0,0,0,0,0,0,0,0,0,0,0,0,0,0,0,0,0,0,0,0,0,0,0,0,0,0
0,0,0,0,0,0,0,0,0,0,0,0,0,0,0,0,0,0,0,0,0,0,0,0,0,0,0,0,0,0,0,0,0,0,0,0,0,0,0,0,0,0,0,0,0,0,0,0,0,0,0,0,0,0,0,0,0,0,0,0,0,0,0,0,0,0,0,0,0,0,0,0,0,0,0,0,0,0,0,0,0,0,0,0,0,0,0,0,0,0,0,0,0,0,0,0,0,0,0,0
0,0,0,0,0,0,0,0,0,0,0,0,0,0,0,0,0,0,0,0,0,0,0,0,0,0,0,0,0,0,0,0,0,0,0,0,0,0,0,0,0,0,0,0,0,0,0,0,0,0,0,0,0,0,0,0,0,0,0,0,0,0,0,0,0,0,0,0,0,0,0,0,0,0,0,0,0,0,0,0,0,0,0,0,0,0,0,0,0,0,0,0,0,0,0,0,0,0,0,0
0,0,0,0,0,0,0,0,0,0,0,0,0,0,0,0,0,0,0,0,0,0,0,0,0,0,0,0,0,0,0,0,0,0,0,0,0,0,0,0,0,0,0,0,0,0,0,0,0,0,0,0,0,0,0,0,0,0,0,0,0,0,0,0,0,0,0,0,0,0,0,0,0,0,0,0,0,0,0,0,0,0,0,0,0,0,0,0,0,0,0,0,0,0,0,0,0,0,0,0
0,0,0,0,0,0,0,0,0,0,0,0,0,0,0,0,0,0,0,0,0,0,0,0,0,0,0,0,0,0,0,0,0,0,0,0,0,0,0,0,0,0,0,0,0,0,0,0,0,0,0,0,0,0,0,0,0,0,0,0,0,0,0,0,0,0,0,0,0,0,0,0,0,0,0,0,0,0,0,0,0,0,0,0,0,0,0,0,0,0,0,0,0,0,0,0,0,0,0,0
0,0,0,0,0,0,0,0,0,0,0,0,0,0,0,0,0,0,0,0,0,0,0,0,0,0,0,0,0,0,0,0,0,0,0,0,0,0,0,0,0,0,0,0,0,0,0,0,0,0,0,0,0,0,0,0,0,0,0,0,0,0,0,0,0,0,0,0,0,0,0,0,0,0,0,0,0,0,0,0,0,0,0,0,0,0,0,0,0,0,0,0,0,0,0,0,0,0,0,0
0,0,0,0,0,0,0,0,0,0,0,0,0,0,0,0,0,0,0,0,0,0,0,0,0,0,0,0,0,0,0,0,0,0,0,0,0,0,0,0,0,0,0,0,0,0,0,0,0,0,0,0,0,0,0,0,0,0,0,0,0,0,0,0,0,0,0,0,0,0,0,0,0,0,0,0,0,0,0,0,0,0,0,0,0,0,0,0,0,0,0,0,0,0,0,0,0,0,0,0
0,0,0,0,0,0,0,0,0,0,0,0,0,0,0,0,0,0,0,0,0,0,0,0,0,0,0,0,0,0,0,0,0,0,0,0,0,0,0,0,0,0,0,0,0,0,0,0,0,0,0,0,0,0,0,0,0,0,0,0,0,0,0,0,0,0,0,0,0,0,0,0,0,0,0,0,0,0,0,0,0,0,0,0,0,0,0,0,0,0,0,0,0,0,0,0,0,0,0,0
0,0,0,0,0,0,0,0,0,0,0,0,0,0,0,0,0,0,0,0,0,0,0,0,0,0,0,0,0,0,0,0,0,0,0,0,0,0,0,0,0,0,0,0,0,0,0,0,0,0,0,0,0,0,0,0,0,0,0,0,0,0,0,0,0,0,0,0,0,0,0,0,0,0,0,0,0,0,0,0,0,0,0,0,0,0,0,0,0,0,0,0,0,0,0,0,0,0,0,0
0,0,0,0,0,0,0,0,0,0,0,0,0,0,0,0,0,0,0,0,0,0,0,0,0,0,0,0,0,0,0,0,0,0,0,0,0,0,0,0,0,0,0,0,0,0,0,0,0,0,0,0,0,0,0,0,0,0,0,0,0,0,0,0,0,0,0,0,0,0,0,0,0,0,0,0,0,0,0,0,0,0,0,0,0,0,0,0,0,0,0,0,0,0,0,0,0,0,0,0
0,0,0,0,0,0,0,0,0,0,0,0,0,0,0,0,0,0,0,0,0,0,0,0,0,0,0,0,0,0,0,0,0,0,0,0,0,0,0,0,0,0,0,0,0,0,0,0,0,0,0,0,0,0,0,0,0,0,0,0,0,0,0,0,0,0,0,0,0,0,0,0,0,0,0,0,0,0,0,0,0,0,0,0,0,0,0,0,0,0,0,0,0,0,0,0,0,0,0,0
0,0,0,0,0,0,0,0,0,0,0,0,0,0,0,0,0,0,0,0,0,0,0,0,0,0,0,0,0,0,0,0,0,0,0,0,0,0,0,0,0,0,0,0,0,0,0,0,0,0,0,0,0,0,0,0,0,0,0,0,0,0,0,0,0,0,0,0,0,0,0,0,0,0,0,0,0,0,0,0,0,0,0,0,0,0,0,0,0,0,0,0,0,0,0,0,0,0,0,0
0,0,0,0,0,0,0,0,0,0,0,0,0,0,0,0,0,0,0,0,0,0,0,0,0,0,0,0,0,0,0,0,0,0,0,0,0,0,0,0,0,0,0,0,0,0,0,0,0,0,0,0,0,0,0,0,0,0,0,0,0,0,0,0,0,0,0,0,0,0,0,0,0,0,0,0,0,0,0,0,0,0,0,0,0,0,0,0,0,0,0,0,0,0,0,0,0,0,0,0
0,0,0,0,0,0,0,0,0,0,0,0,0,0,0,0,0,0,0,0,0,0,0,0,0,0,0,0,0,0,0,0,0,0,0,0,0,0,0,0,0,0,0,0,0,0,0,0,0,0,0,0,0,0,0,0,0,0,0,0,0,0,0,0,0,0,0,0,0,0,0,0,0,0,0,0,0,0,0,0,0,0,0,0,0,0,0,0,0,0,0,0,0,0,0,0,0,0,0,0
0,0,0,0,0,0,0,0,0,0,0,0,0,0,0,0,0,0,0,0,0,0,0,0,0,0,0,0,0,0,0,0,0,0,0,0,0,0,0,0,0,0,0,0,0,0,0,0,0,0,0,0,0,0,0,0,0,0,0,0,0,0,0,0,0,0,0,0,0,0,0,0,0,0,0,0,0,0,0,0,0,0,0,0,0,0,0,0,0,0,0,0,0,0,0,0,0,0,0,0
0,0,0,0,0,0,0,0,0,0,0,0,0,0,0,0,0,0,0,0,0,0,0,0,0,0,0,0,0,0,0,0,0,0,0,0,0,0,0,0,0,0,0,0,0,0,0,0,0,0,0,0,0,0,0,0,0,0,0,0,0,0,0,0,0,0,0,0,0,0,0,0,0,0,0,0,0,0,0,0,0,0,0,0,0,0,0,0,0,0,0,0,0,0,0,0,0,0,0,0
0,0,0,0,0,0,0,0,0,0,0,0,0,0,0,0,0,0,0,0,0,0,0,0,0,0,0,0,0,0,0,0,0,0,0,0,0,0,0,0,0,0,0,0,0,0,0,0,0,0,0,0,0,0,0,0,0,0,0,0,0,0,0,0,0,0,0,0,0,0,0,0,0,0,0,0,0,0,0,0,0,0,0,0,0,0,0,0,0,0,0,0,0,0,0,0,0,0,0,0
0,0,0,0,0,0,0,0,0,0,0,0,0,0,0,0,0,0,0,0,0,0,0,0,0,0,0,0,0,0,0,0,0,0,0,0,0,0,0,0,0,0,0,0,0,0,0,0,0,0,0,0,0,0,0,0,0,0,0,0,0,0,0,0,0,0,0,0,0,0,0,0,0,0,0,0,0,0,0,0,0,0,0,0,0,0,0,0,0,0,0,0,0,0,0,0,0,0,0,0
0,0,0,0,0,0,0,0,0,0,0,0,0,0,0,0,0,0,0,0,0,0,0,0,0,0,0,0,0,0,0,0,0,0,0,0,0,0,0,0,0,0,0,0,0,0,0,0,0,0,0,0,0,0,0,0,0,0,0,0,0,0,0,0,0,0,0,0,0,0,0,0,0,0,0,0,0,0,0,0,0,0,0,0,0,0,0,0,0,0,0,0,0,0,0,0,0,0,0,0
0,0,0,0,0,0,0,0,0,0,0,0,0,0,0,0,0,0,0,0,0,0,0,0,0,0,0,0,0,0,0,0,0,0,0,0,0,0,0,0,0,0,0,0,0,0,0,0,0,0,0,0,0,0,0,0,0,0,0,0,0,0,0,0,0,0,0,0,0,0,0,0,0,0,0,0,0,0,0,0,0,0,0,0,0,0,0,0,0,0,0,0,0,0,0,0,0,0,0,0
0,0,0,0,0,0,0,0,0,0,0,0,0,0,0,0,0,0,0,0,0,0,0,0,0,0,0,0,0,0,0,0,0,0,0,0,0,0,0,0,0,0,0,0,0,0,0,0,0,0,0,0,0,0,0,0,0,0,0,0,0,0,0,0,0,0,0,0,0,0,0,0,0,0,0,0,0,0,0,0,0,0,0,0,0,0,0,0,0,0,0,0,0,0,0,0,0,0,0,0
0,0,0,0,0,0,0,0,0,0,0,0,0,0,0,0,0,0,0,0,0,0,0,0,0,0,0,0,0,0,0,0,0,0,0,0,0,0,0,0,0,0,0,0,0,0,0,0,0,0,0,0,0,0,0,0,0,0,0,0,0,0,0,0,0,0,0,0,0,0,0,0,0,0,0,0,0,0,0,0,0,0,0,0,0,0,0,0,0,0,0,0,0,0,0,0,0,0,0,0
0,0,0,0,0,0,0,0,0,0,0,0,0,0,0,0,0,0,0,0,0,0,0,0,0,0,0,0,0,0,0,0,0,0,0,0,0,0,0,0,0,0,0,0,0,0,0,0,0,0,0,0,0,0,0,0,0,0,0,0,0,0,0,0,0,0,0,0,0,0,0,0,0,0,0,0,0,0,0,0,0,0,0,0,0,0,0,0,0,0,0,0,0,0,0,0,0,0,0,0
0,0,0,0,0,0,0,0,0,0,0,0,0,0,0,0,0,0,0,0,0,0,0,0,0,0,0,0,0,0,0,0,0,0,0,0,0,0,0,0,0,0,0,0,0,0,0,0,0,0,0,0,0,0,0,0,0,0,0,0,0,0,0,0,0,0,0,0,0,0,0,0,0,0,0,0,0,0,0,0,0,0,0,0,0,0,0,0,0,0,0,0,0,0,0,0,0,0,0,0
0,0,0,0,0,0,0,0,0,0,0,0,0,0,0,0,0,0,0,0,0,0,0,0,0,0,0,0,0,0,0,0,0,0,0,0,0,0,0,0,0,0,0,0,0,0,0,0,0,0,0,0,0,0,0,0,0,0,0,0,0,0,0,0,0,0,0,0,0,0,0,0,0,0,0,0,0,0,0,0,0,0,0,0,0,0,0,0,0,0,0,0,0,0,0,0,0,0,0,0
0,0,0,0,0,0,0,0,0,0,0,0,0,0,0,0,0,0,0,0,0,0,0,0,0,0,0,0,0,0,0,0,0,0,0,0,0,0,0,0,0,0,0,0,0,0,0,0,0,0,0,0,0,0,0,0,0,0,0,0,0,0,0,0,0,0,0,0,0,0,0,0,0,0,0,0,0,0,0,0,0,0,0,0,0,0,0,0,0,0,0,0,0,0,0,0,0,0,0,0
0,0,0,0,0,0,0,0,0,0,0,0,0,0,0,0,0,0,0,0,0,0,0,0,0,0,0,0,0,0,0,0,0,0,0,0,0,0,0,0,0,0,0,0,0,0,0,0,0,0,0,0,0,0,0,0,0,0,0,0,0,0,0,0,0,0,0,0,0,0,0,0,0,0,0,0,0,0,0,0,0,0,0,0,0,0,0,0,0,0,0,0,0,0,0,0,0,0,0,0
0,0,0,0,0,0,0,0,0,0,0,0,0,0,0,0,0,0,0,0,0,0,0,0,0,0,0,0,0,0,0,0,0,0,0,0,0,0,0,0,0,0,0,0,0,0,0,0,0,0,0,0,0,0,0,0,0,0,0,0,0,0,0,0,0,0,0,0,0,0,0,0,0,0,0,0,0,0,0,0,0,0,0,0,0,0,0,0,0,0,0,0,0,0,0,0,0,0,0,0
0,0,0,0,0,0,0,0,0,0,0,0,0,0,0,0,0,0,0,0,0,0,0,0,0,0,0,0,0,0,0,0,0,0,0,0,0,0,0,0,0,0,0,0,0,0,0,0,0,0,0,0,0,0,0,0,0,0,0,0,0,0,0,0,0,0,0,0,0,0,0,0,0,0,0,0,0,0,0,0,0,0,0,0,0,0,0,0,0,0,0,0,0,0,0,0,0,0,0,0
0,0,0,0,0,0,0,0,0,0,0,0,0,0,0,0,0,0,0,0,0,0,0,0,0,0,0,0,0,0,0,0,0,0,0,0,0,0,0,0,0,0,0,0,0,0,0,0,0,0,0,0,0,0,0,0,0,0,0,0,0,0,0,0,0,0,0,0,0,0,0,0,0,0,0,0,0,0,0,0,0,0,0,0,0,0,0,0,0,0,0,0,0,0,0,0,0,0,0,0
0,0,0,0,0,0,0,0,0,0,0,0,0,0,0,0,0,0,0,0,0,0,0,0,0,0,0,0,0,0,0,0,0,0,0,0,0,0,0,0,0,0,0,0,0,0,0,0,0,0,0,0,0,0,0,0,0,0,0,0,0,0,0,0,0,0,0,0,0,0,0,0,0,0,0,0,0,0,0,0,0,0,0,0,0,0,0,0,0,0,0,0,0,0,0,0,0,0,0,0
0,0,0,0,0,0,0,0,0,0,0,0,0,0,0,0,0,0,0,0,0,0,0,0,0,0,0,0,0,0,0,0,0,0,0,0,0,0,0,0,0,0,0,0,0,0,0,0,0,0,0,0,0,0,0,0,0,0,0,0,0,0,0,0,0,0,0,0,0,0,0,0,0,0,0,0,0,0,0,0,0,0,0,0,0,0,0,0,0,0,0,0,0,0,0,0,0,0,0,0
0,0,0,0,0,0,0,0,0,0,0,0,0,0,0,0,0,0,0,0,0,0,0,0,0,0,0,0,0,0,0,0,0,0,0,0,0,0,0,0,0,0,0,0,0,0,0,0,0,0,0,0,0,0,0,0,0,0,0,0,0,0,0,0,0,0,0,0,0,0,0,0,0,0,0,0,0,0,0,0,0,0,0,0,0,0,0,0,0,0,0,0,0,0,0,0,0,0,0,0
0,0,0,0,0,0,0,0,0,0,0,0,0,0,0,0,0,0,0,0,0,0,0,0,0,0,0,0,0,0,0,0,0,0,0,0,0,0,0,0,0,0,0,0,0,0,0,0,0,0,0,0,0,0,0,0,0,0,0,0,0,0,0,0,0,0,0,0,0,0,0,0,0,0,0,0,0,0,0,0,0,0,0,0,0,0,0,0,0,0,0,0,0,0,0,0,0,0,0,0
0,0,0,0,0,0,0,0,0,0,0,0,0,0,0,0,0,0,0,0,0,0,0,0,0,0,0,0,0,0,0,0,0,0,0,0,0,0,0,0,0,0,0,0,0,0,0,0,0,0,0,0,0,0,0,0,0,0,0,0,0,0,0,0,0,0,0,0,0,0,0,0,0,0,0,0,0,0,0,0,0,0,0,0,0,0,0,0,0,0,0,0,0,0,0,0,0,0,0,0
0,0,0,0,0,0,0,0,0,0,0,0,0,0,0,0,0,0,0,0,0,0,0,0,0,0,0,0,0,0,0,0,0,0,0,0,0,0,0,0,0,0,0,0,0,0,0,0,0,0,0,0,0,0,0,0,0,0,0,0,0,0,0,0,0,0,0,0,0,0,0,0,0,0,0,0,0,0,0,0,0,0,0,0,0,0,0,0,0,0,0,0,0,0,0,0,0,0,0,0
0,0,0,0,0,0,0,0,0,0,0,0,0,0,0,0,0,0,0,0,0,0,0,0,0,0,0,0,0,0,0,0,0,0,0,0,0,0,0,0,0,0,0,0,0,0,0,0,0,0,0,0,0,0,0,0,0,0,0,0,0,0,0,0,0,0,0,0,0,0,0,0,0,0,0,0,0,0,0,0,0,0,0,0,0,0,0,0,0,0,0,0,0,0,0,0,0,0,0,0
0,0,0,0,0,0,0,0,0,0,0,0,0,0,0,0,0,0,0,0,0,0,0,0,0,0,0,0,0,0,0,0,0,0,0,0,0,0,0,0,0,0,0,0,0,0,0,0,0,0,0,0,0,0,0,0,0,0,0,0,0,0,0,0,0,0,0,0,0,0,0,0,0,0,0,0,0,0,0,0,0,0,0,0,0,0,0,0,0,0,0,0,0,0,0,0,0,0,0,0
0,0,0,0,0,0,0,0,0,0,0,0,0,0,0,0,0,0,0,0,0,0,0,0,0,0,0,0,0,0,0,0,0,0,0,0,0,0,0,0,0,0,0,0,0,0,0,0,0,0,0,0,0,0,0,0,0,0,0,0,0,0,0,0,0,0,0,0,0,0,0,0,0,0,0,0,0,0,0,0,0,0,0,0,0,0,0,0,0,0,0,0,0,0,0,0,0,0,0,0
0,0,0,0,0,0,0,0,0,0,0,0,0,0,0,0,0,0,0,0,0,0,0,0,0,0,0,0,0,0,0,0,0,0,0,0,0,0,0,0,0,0,0,0,0,0,0,0,0,0,0,0,0,0,0,0,0,0,0,0,0,0,0,0,0,0,0,0,0,0,0,0,0,0,0,0,0,0,0,0,0,0,0,0,0,0,0,0,0,0,0,0,0,0,0,0,0,0,0,0
0,0,0,0,0,0,0,0,0,0,0,0,0,0,0,0,0,0,0,0,0,0,0,0,0,0,0,0,0,0,0,0,0,0,0,0,0,0,0,0,0,0,0,0,0,0,0,0,0,0,0,0,0,0,0,0,0,0,0,0,0,0,0,0,0,0,0,0,0,0,0,0,0,0,0,0,0,0,0,0,0,0,0,0,0,0,0,0,0,0,0,0,0,0,0,0,0,0,0,0
0,0,0,0,0,0,0,0,0,0,0,0,0,0,0,0,0,0,0,0,0,0,0,0,0,0,0,0,0,0,0,0,0,0,0,0,0,0,0,0,0,0,0,0,0,0,0,0,0,0,0,0,0,0,0,0,0,0,0,0,0,0,0,0,0,0,0,0,0,0,0,0,0,0,0,0,0,0,0,0,0,0,0,0,0,0,0,0,0,0,0,0,0,0,0,0,0,0,0,0
0,0,0,0,0,0,0,0,0,0,0,0,0,0,0,0,0,0,0,0,0,0,0,0,0,0,0,0,0,0,0,0,0,0,0,0,0,0,0,0,0,0,0,0,0,0,0,0,0,0,0,0,0,0,0,0,0,0,0,0,0,0,0,0,0,0,0,0,0,0,0,0,0,0,0,0,0,0,0,0,0,0,0,0,0,0,0,0,0,0,0,0,0,0,0,0,0,0,0,0
0,0,0,0,0,0,0,0,0,0,0,0,0,0,0,0,0,0,0,0,0,0,0,0,0,0,0,0,0,0,0,0,0,0,0,0,0,0,0,0,0,0,0,0,0,0,0,0,0,0,0,0,0,0,0,0,0,0,0,0,0,0,0,0,0,0,0,0,0,0,0,0,0,0,0,0,0,0,0,0,0,0,0,0,0,0,0,0,0,0,0,0,0,0,0,0,0,0,0,0
0,0,0,0,0,0,0,0,0,0,0,0,0,0,0,0,0,0,0,0,0,0,0,0,0,0,0,0,0,0,0,0,0,0,0,0,0,0,0,0,0,0,0,0,0,0,0,0,0,0,0,0,0,0,0,0,0,0,0,0,0,0,0,0,0,0,0,0,0,0,0,0,0,0,0,0,0,0,0,0,0,0,0,0,0,0,0,0,0,0,0,0,0,0,0,0,0,0,0,0
0,0,0,0,0,0,0,0,0,0,0,0,0,0,0,0,0,0,0,0,0,0,0,0,0,0,0,0,0,0,0,0,0,0,0,0,0,0,0,0,0,0,0,0,0,0,0,0,0,0,0,0,0,0,0,0,0,0,0,0,0,0,0,0,0,0,0,0,0,0,0,0,0,0,0,0,0,0,0,0,0,0,0,0,0,0,0,0,0,0,0,0,0,0,0,0,0,0,0,0
0,0,0,0,0,0,0,0,0,0,0,0,0,0,0,0,0,0,0,0,0,0,0,0,0,0,0,0,0,0,0,0,0,0,0,0,0,0,0,0,0,0,0,0,0,0,0,0,0,0,0,0,0,0,0,0,0,0,0,0,0,0,0,0,0,0,0,0,0,0,0,0,0,0,0,0,0,0,0,0,0,0,0,0,0,0,0,0,0,0,0,0,0,0,0,0,0,0,0,0
0,0,0,0,0,0,0,0,0,0,0,0,0,0,0,0,0,0,0,0,0,0,0,0,0,0,0,0,0,0,0,0,0,0,0,0,0,0,0,0,0,0,0,0,0,0,0,0,0,0,0,0,0,0,0,0,0,0,0,0,0,0,0,0,0,0,0,0,0,0,0,0,0,0,0,0,0,0,0,0,0,0,0,0,0,0,0,0,0,0,0,0,0,0,0,0,0,0,0,0
0,0,0,0,0,0,0,0,0,0,0,0,0,0,0,0,0,0,0,0,0,0,0,0,0,0,0,0,0,0,0,0,0,0,0,0,0,0,0,0,0,0,0,0,0,0,0,0,0,0,0,0,0,0,0,0,0,0,0,0,0,0,0,0,0,0,0,0,0,0,0,0,0,0,0,0,0,0,0,0,0,0,0,0,0,0,0,0,0,0,0,0,0,0,0,0,0,0,0,0
0,0,0,0,0,0,0,0,0,0,0,0,0,0,0,0,0,0,0,0,0,0,0,0,0,0,0,0,0,0,0,0,0,0,0,0,0,0,0,0,0,0,0,0,0,0,0,0,0,0,0,0,0,0,0,0,0,0,0,0,0,0,0,0,0,0,0,0,0,0,0,0,0,0,0,0,0,0,0,0,0,0,0,0,0,0,0,0,0,0,0,0,0,0,0,0,0,0,0,0
0,0,0,0,0,0,0,0,0,0,0,0,0,0,0,0,0,0,0,0,0,0,0,0,0,0,0,0,0,0,0,0,0,0,0,0,0,0,0,0,0,0,0,0,0,0,0,0,0,0,0,0,0,0,0,0,0,0,0,0,0,0,0,0,0,0,0,0,0,0,0,0,0,0,0,0,0,0,0,0,0,0,0,0,0,0,0,0,0,0,0,0,0,0,0,0,0,0,0,0
0,0,0,0,0,0,0,0,0,0,0,0,0,0,0,0,0,0,0,0,0,0,0,0,0,0,0,0,0,0,0,0,0,0,0,0,0,0,0,0,0,0,0,0,0,0,0,0,0,0,0,0,0,0,0,0,0,0,0,0,0,0,0,0,0,0,0,0,0,0,0,0,0,0,0,0,0,0,0,0,0,0,0,0,0,0,0,0,0,0,0,0,0,0,0,0,0,0,0,0
0,0,0,0,0,0,0,0,0,0,0,0,0,0,0,0,0,0,0,0,0,0,0,0,0,0,0,0,0,0,0,0,0,0,0,0,0,0,0,0,0,0,0,0,0,0,0,0,0,0,0,0,0,0,0,0,0,0,0,0,0,0,0,0,0,0,0,0,0,0,0,0,0,0,0,0,0,0,0,0,0,0,0,0,0,0,0,0,0,0,0,0,0,0,0,0,0,0,0,0
0,0,0,0,0,0,0,0,0,0,0,0,0,0,0,0,0,0,0,0,0,0,0,0,0,0,0,0,0,0,0,0,0,0,0,0,0,0,0,0,0,0,0,0,0,0,0,0,0,0,0,0,0,0,0,0,0,0,0,0,0,0,0,0,0,0,0,0,0,0,0,0,0,0,0,0,0,0,0,0,0,0,0,0,0,0,0,0,0,0,0,0,0,0,0,0,0,0,0,0
0,0,0,0,0,0,0,0,0,0,0,0,0,0,0,0,0,0,0,0,0,0,0,0,0,0,0,0,0,0,0,0,0,0,0,0,0,0,0,0,0,0,0,0,0,0,0,0,0,0,0,0,0,0,0,0,0,0,0,0,0,0,0,0,0,0,0,0,0,0,0,0,0,0,0,0,0,0,0,0,0,0,0,0,0,0,0,0,0,0,0,0,0,0,0,0,0,0,0,0
0,0,0,0,0,0,0,0,0,0,0,0,0,0,0,0,0,0,0,0,0,0,0,0,0,0,0,0,0,0,0,0,0,0,0,0,0,0,0,0,0,0,0,0,0,0,0,0,0,0,0,0,0,0,0,0,0,0,0,0,0,0,0,0,0,0,0,0,0,0,0,0,0,0,0,0,0,0,0,0,0,0,0,0,0,0,0,0,0,0,0,0,0,0,0,0,0,0,0,0
0,0,0,0,0,0,0,0,0,0,0,0,0,0,0,0,0,0,0,0,0,0,0,0,0,0,0,0,0,0,0,0,0,0,0,0,0,0,0,0,0,0,0,0,0,0,0,0,0,0,0,0,0,0,0,0,0,0,0,0,0,0,0,0,0,0,0,0,0,0,0,0,0,0,0,0,0,0,0,0,0,0,0,0,0,0,0,0,0,0,0,0,0,0,0,0,0,0,0,0
0,0,0,0,0,0,0,0,0,0,0,0,0,0,0,0,0,0,0,0,0,0,0,0,0,0,0,0,0,0,0,0,0,0,0,0,0,0,0,0,0,0,0,0,0,0,0,0,0,0,0,0,0,0,0,0,0,0,0,0,0,0,0,0,0,0,0,0,0,0,0,0,0,0,0,0,0,0,0,0,0,0,0,0,0,0,0,0,0,0,0,0,0,0,0,0,0,0,0,0
0,0,0,0,0,0,0,0,0,0,0,0,0,0,0,0,0,0,0,0,0,0,0,0,0,0,0,0,0,0,0,0,0,0,0,0,0,0,0,0,0,0,0,0,0,0,0,0,0,0,0,0,0,0,0,0,0,0,0,0,0,0,0,0,0,0,0,0,0,0,0,0,0,0,0,0,0,0,0,0,0,0,0,0,0,0,0,0,0,0,0,0,0,0,0,0,0,0,0,0
0,0,0,0,0,0,0,0,0,0,0,0,0,0,0,0,0,0,0,0,0,0,0,0,0,0,0,0,0,0,0,0,0,0,0,0,0,0,0,0,0,0,0,0,0,0,0,0,0,0,0,0,0,0,0,0,0,0,0,0,0,0,0,0,0,0,0,0,0,0,0,0,0,0,0,0,0,0,0,0,0,0,0,0,0,0,0,0,0,0,0,0,0,0,0,0,0,0,0,0
0,0,0,0,0,0,0,0,0,0,0,0,0,0,0,0,0,0,0,0,0,0,0,0,0,0,0,0,0,0,0,0,0,0,0,0,0,0,0,0,0,0,0,0,0,0,0,0.000342087971527612,3.49924691969786e-05,0.00013195838570444,2.59482567292688e-05,0,0,0,0,0,0,0,0,0,0,0,0,0,0,0,0,0,0,0,0,0,0,0,0,0,0,0,0,0,0,0,0,0,0,0,0,0,0,0,0,0,0,0,0,0,0,0,0,0
0,0,0,0,0,0,0,0,0,0,0,0,0,0,0,0,0,0,0,0,0,0,0,0,0,0,0,0,0,0,0,0,0,0,0,0,0,0,0,0,0,0,0,0,5.32992774573143e-05,0.0002606278266114,0,0.000111512818359902,1.1406740915508e-05,0.000285878329935429,5.62150276308626e-05,0.000463531440401982,3.23334077557341e-05,0,0,0,0,0,0,0,0,0,0,0,0,0,0,0,0,0,0,0,0,0,0,0,0,0,0,0,0,0,0,0,0,0,0,0,0,0,0,0,0,0,0,0,0,0,0,0
0,0,0,0,0,0,0,0,0,0,0,0,0,0,0,0,0,0,0,0,0,0,0,0,0,0,0,0,0,0,0,0,0,4.6692012202317e-05,5.29754198398718e-05,0,0,0,0,0,0.000366046311371919,0.000261326721828708,0.000230663624129589,0.00010856403201909,3.15918911715147e-05,0.000432375356692095,0.000220450193757586,2.29633581281731e-05,0.00021588746393103,3.8416642588419e-05,0.000177457472480533,3.86551476043589e-06,2.69637081848414e-07,0,0,0,0,0,0,0,0,0,0,0,0,0,0,0,0,0,0,0,0,0,0,0,0,0,0,0,0,0,0,0,0,0,0,0,0,0,0,0,0,0,0,0,0,0,0,0
0,0,0,0,0,0,0,0,0,0,0,0,0,0,0,0,0,0,0,0,0,0,0,0,0,0,0,0,0,0,0,0,0,0.000187547052884423,0.000212785515073388,0,0,0,0,0.000391448417282185,0.000309835152153559,0.000500161146680811,0.000572139665485894,0.000239966221367288,0.000284262749009948,0.000284426634638252,0.000217228819671838,0.000297098879842633,0.000957196849063983,0.000528158690302957,0.000369547491436094,0.000259093932096497,0.000433542894666222,7.1908655361641e-05,0,0,0,0,0,0,0,0,0,0,0,0,0,0,0,0,0,0,0,0,0,0,0,0,0,0,0,0,0,0,0,0,0,0,0,0,0,0,0,0,0,0,0,0,0,0
0,0,0,0,0,0,0,0,0,0,0,0,0,0,0,0,0,0,0,0,0,0,0,0,0,0,0,0,0,0,0,0,0,0,1.79302465693466e-05,0.000433800818563046,0,0,9.38211334031532e-06,7.86575425986234e-05,1.90508354351616e-06,0.000200046798622787,0.000297032334749642,0.000677895003908697,0.000672908512427744,0.000347283991283368,0.000783869593750733,0.000177444843066971,0.000175520207396845,0.000637409273384094,0.00062249101233621,0.000480343515545397,0.000225593625228185,4.91706192433395e-05,0,0,0,0,0,0,0,0,0,0,0,0,0,0,0,0,0,0,0,0,0,0,0,0,0,0,0,0,0,0,0,0,0,0,0,0,0,0,0,0,0,0,0,0,0,0
0,0,0,0,0,0,0,0,0,0,0,0,0,0,0,0,0,0,0,0,0,0,0,0,0,0,0,0,0,0,0,0,6.85434609388821e-05,2.95710893893076e-06,1.91590521577763e-06,0.000289053746064569,4.49685951168232e-05,0,4.888011104212e-05,0.000370603624433453,0.000303684611569245,0.000575840837235812,0.000476987180062653,0.000220306839085732,0.000504128958893752,0.000772350682903435,0.000419756953133884,9.35015537268109e-05,0.000257040412188857,0.00130188705576054,0.00120918915292479,0.000198113971289124,0.000374736914276986,0.00051007727371348,0.000646796684096696,2.21853299757965e-05,0,0,0,0,0,0,0,0,0,0,0,0,0,0,0,0,0,0,0,0,0,0,0,0,0,0,0,0,0,0,0,0,0,0,0,0,0,0,0,0,0,0,0,0
0,0,0,0,0,0,0,0,0,0,0,0,0,0,0,0,0,0,0,0,0,0,0,0,0,0,0,0,0,0,0,0,0.000410777620389671,1.77218097325159e-05,0,0.000198190533674155,0.00016632026070874,2.04846440905761e-06,0.000204081954208005,0.000272410030219136,0.00021285427097997,0.000650586193584852,0.000208997631595462,0.000327974181831694,0.000138401921454963,0.000281388798750643,0.000649952002718452,3.40425611511544e-05,0.000233006346589514,0.00064473805598435,0.00110548451596477,0.000500562825237698,0.00114692898932453,0.000962444317200506,0.00131586522565162,0.000508593375615732,0.000114526297161695,5.39395334658617e-05,0.00014383655159519,0,0,0,0,0,0,0,0,0,0,0,0,0,0,0,0,0,0,0,0,0,0,0,0,0,0,0,0,0,0,0,0,0,0,0,0,0,0,0,0,0
0,0,0,0,0,0,0,0,0,0,0,0,0,0,0,0,0,0,0,0,0,0,0,0,0,0,0,0,0,0,0,4.9464680385104e-05,0.000477551152030945,1.36857947428116e-05,0,8.87854183508177e-05,0.000443324585669916,0.000316078320163195,0.0005856018646408,0.00011119526874648,5.61486039434679e-05,0.000191297782755686,0.000279331764928176,0.000486448822666359,0.000479878252279486,0.000782950540061886,0.000479645774311316,0.000117018270537791,0.000124260953786138,0.000586721221351353,0.000353185680810032,0.000603772948407487,0.000752122112779407,0.000589814988598861,0.00142186394194725,0.000667608801461854,0.000660889972312207,0.000296969822706252,0.000300989364250767,0,0,0,0,0,0,0,0,0,0,0,0,0,0,0,0,0,0,0,0,0,0,0,0,0,0,0,0,0,0,0,0,0,0,0,0,0,0,0,0,0
0,0,0,0,0,0,0,0,0,0,0,0,0,0,0,0,0,0,0,0,0,0,0,0,0,0,0,0,0,0.000153817373423841,0.000162945389360147,2.02569420344579e-06,0.000357613372393018,0.000247357375268988,3.31239175394087e-05,0.000107412561491175,0.000536942786018192,0.000827688702761952,0.000737713266619734,0.000489902055914213,0,4.07828134781624e-05,0.000124753750192245,6.75548133965361e-05,0.00012058749215886,0.000427923873737741,0.000581913004323986,0.000531870101502767,0.000699800377930436,0.000550323226330221,0.000471676208411034,0.000643928112961138,0.000346740579112379,0.000605906753955021,0.00112432909825393,0.000829555182654741,0.000704605022964567,0.000844688273585958,0.000218783432777226,0,0,0,0,0,0,0,0,0,0,0,0,0,0,0,0,0,0,0,0,0,0,0,0,0,0,0,0,0,0,0,0,0,0,0,0,0,0,0,0,0
0,0,0,0,0,0,0,0,0,0,0,0,0,0,0,0,0,0,0,0,0,0,0,0,0,0,0,0,0,8.89784843846331e-05,9.42587528313791e-05,0.0005258635469011,0.000370292577742332,0.000477601363986622,0.000441594509468313,0.000707351411176771,9.57759634072791e-05,0.000340840297570298,0.000489582101316813,0.000605065128860889,0.000354398728851806,0.000175443053560935,0.000362847636241757,0.0010709735763633,0.000356557329174041,0.000667934357033656,0.000907129789480132,0.00102926971443649,0.000495670098944883,0.000999338954447284,0.000853879920925761,0.000353753850150502,0.00131912009333629,0.000566085946765268,0.000646210188625871,0.000503985462122361,0.000590674885571072,0.000542128425550646,0.000435393372952199,0.00010117254600882,5.028851885801e-05,0,0,0,0,0,0,0,0,0,0,0,0,0,0,0,0,0,0,0,0,0,0,0,0,0,0,0,0,0,0,0,0,0,0,0,0,0,0,0
0,0,0,0,0,0,0,0,0,0,0,0,0,0,0,0,0,0,0,0,0,0,0,0,0,0,0,0,0,0,0,5.36634424699055e-05,0.000178995442589331,0.000509367913240091,0.000111158513190628,0.000209160072960429,3.96634661981737e-05,0.000352372527764282,0.000397638527240198,0.00089901780536856,0.000533888783619609,0.000263991778780843,7.16195068634021e-05,0.000493173384539869,0.000622156259124925,0.000675837351792932,0.000313679597780591,0.000512805978055398,0.000437053057157061,0.000678140603836114,0.00053873778224218,7.55843580241648e-05,0.000202715983456348,0.000336721994876732,0.000513078766665462,0.000911427472248356,0.00158444633962853,0.000415444100923636,3.21460172219853e-05,0.000801815069158215,0.000304978136895331,0,0,0,0,0,0,0,0,0,0,0,0,0,0,0,0,0,0,0,0,0,0,0,0,0,0,0,0,0,0,0,0,0,0,0,0,0,0,0
0,0,0,0,0,0,0,0,0,0,0,0,0,0,0,0,0,0,0,0,0,0,0,0,0,0,0,0,0.000330709399288302,7.22657083610168e-05,7.44262895646676e-05,3.4899923551175e-05,0.000260503354890355,0.00021135111201616,0.000405671605735253,1.39261041838696e-05,0.000146082511653685,0.000201335279637962,0.000145276328596401,0.000673485560294747,1.69621612695206e-05,0.000496197755484227,4.44147077027298e-05,0.000103061089573399,0.000204814804304168,0.000474366359059981,0.000964258735030827,0.000504636662050293,0.000902244734187798,0.000255692123227777,0.000528370856929399,0.000281568559378411,0.000489559339256002,0.000981496014997349,0.000449158968503342,0.00104650245448037,0.000947171842394127,0.000685369682311613,0.000577961379192634,0.00148451925677514,0.000227282928230316,0,0,0,0,0,0,0,0,0,0,0,0,0,0,0,0,0,0,0,0,0,0,0,0,0,0,0,0,0,0,0,0,0,0,0,0,0,0,0
0,0,0,0,0,0,0,0,0,0,0,0,0,0,0,0,0,0,0,0,0,0,0,0,0,0,0,0,7.96253745112941e-05,1.73995178393875e-05,0.000311434869214369,0.000352580825740649,0.000628091464598899,0.000592565168072045,0.000409413082262204,5.10951730885922e-05,0.000316818724515326,0.000122986568564533,0.000572752772253527,0.00137090372098558,0.000170662303345751,0.000259023586376915,0.00060359955732885,0.000757271132304911,0.000279846824478316,0.000306745759051336,0.000864163550133658,0.000912050988234552,0.000537184574599918,0.000784402284448355,0.000478201994025021,0.000203492192386669,0.000472815239100477,0.000788645931655658,9.51825574397829e-05,0.000113541457225205,0.000702318716861926,0.00124604466825027,0.00132116544811029,0.00066482405961362,1.27316382988633e-05,0,0,0,0,0,0,0,0,0,0,0,0,0,0,0,0,0,0,0,0,0,0,0,0,0,0,0,0,0,0,0,0,0,0,0,0,0,0,0
0,0,0,0,0,0,0,0,0,0,0,0,0,0,0,0,0,0,0,0,0,0,0,0,0,0,0,0,0,7.23616438194867e-06,0.00020448289207163,0.000476303420864063,0.000517204971870393,0.000242999204840569,5.57728758439073e-05,9.58901072927605e-05,0.00098647948751463,0.000621272875761909,0.00101549386894707,0.000783343755514183,0.000103447012398103,0.000277568199304822,0.000565690414328214,0.000284322651581228,0.000525409129947622,0.000539828516474797,0.000451996857789254,0.000671583309095479,0.000389289020431789,0.000375408647083849,0.000142737062967354,0.000372985412605143,0.000622286984651779,0.000932486002138247,0.000139204110030487,7.26563955847516e-05,0.00108031271157284,0.00167133997272233,0.0025106046342719,0.00151877225142887,0.000386757285439852,4.68028720662873e-05,1.03390330771659e-05,0,0,0,0,0,0,0,0,0,0,0,0,0,0,0,0,0,0,0,0,0,0,0,0,0,0,0,0,0,0,0,0,0,0,0,0,0
0,0,0,0,0,0,0,0,0,0,0,0,0,0,0,0,0,0,0,0,0,0,0,0,0,0,0,0,0,2.41663584013293e-05,0.000494694921525657,0.000319380886721305,0.000140187760367938,0,0.000374274388433318,0.000115719944677425,0.000411726950053972,0.000255696037919925,0.000491359833582611,0.000508749727153087,0.000227757259983277,0.000344669048732421,0.000547043609479252,0.000388952208142895,0.000470127429811637,0.00077973457745366,0.000693184608269792,0.000866076551975175,0.000374123365101931,0.000201633138729629,0.000463069369328076,0.00072619924164287,0.00097726190134704,0.000647543578671652,0.000210191658186144,0.000144895918544659,0.000872799411999139,0.000877802781995397,0.00152879962122557,0.00064873253458738,0.000159032868993914,0.000512455094749794,8.01290135447489e-05,0,0,0,0,0,0,0,0,0,0,0,0,0,0,0,0,0,0,0,0,0,0,0,0,0,0,0,0,0,0,0,0,0,0,0,0,0
0,0,0,0,0,0,0,0,0,0,0,0,0,0,0,0,0,0,0,0,0,0,0,0,0,0,1.9992488615284e-06,5.9069150098681e-05,0.000374244278284621,0.000106398332643003,3.63072457544398e-05,0.000160099374641218,0.000240777385732355,0.000465381529618982,6.96466738088966e-05,0.000189101658325413,0.000467669228415026,0,0,0.000423751086302814,0.00039778943893201,4.08752910721712e-05,0.000407996388815773,0.000822146437699193,0.000652605803554131,0.000372587066603293,4.39699597496201e-05,2.85056371278554e-05,5.44744027734109e-05,0.000531761695576962,0.000439850586579595,0.000123190646072534,0.00067340483999007,0.000659650862729627,0.000251490894673235,0.000468694394561431,0.000928956660055997,0.000644147148949085,0.000379306857544038,0.00108740359877301,0.000717021832303506,0.000385737776215,4.85168314040349e-07,0,0,0,0,0,0,0,0,0,0,0,0,0,0,0,0,0,0,0,0,0,0,0,0,0,0,0,0,0,0,0,0,0,0,0,0,0
0,0,0,0,0,0,0,0,0,0,0,0,0,0,0,0,0,0,0,0,0,0,0,0,0,0,4.77497081509247e-05,0.000761152455369464,0.000111408595668662,4.28508391640037e-06,0.000219286288799316,0.000184233912679738,5.6869828702876e-05,0.000661846411264938,8.03195403377585e-05,0.000122538827981463,0.00119567694685812,0.000378774993409813,0.000267525377772363,0.000229663771748553,0.000274722715569955,0.000141239552678961,0.000395625918373803,0.000152037305513071,3.52288664554681e-05,0.000857240115490882,0.000737651452387312,0.000674140935202422,0.000436669032414096,0.000562887917123091,0.000548887049091428,0.000268315840298696,0.000535575787927221,0.000729262960478583,0.000692829569792897,0.00057162614253582,0.000945922746806627,0.000673571161476575,0.00122233747362464,0.00167244986991563,0.000919896905392579,0.00130378145594195,0.000292154745019583,0.000125289297480414,0,0,0,0,0,0,0,0,0,0,0,0,0,0,0,0,0,0,0,0,0,0,0,0,0,0,0,0,0,0,0,0,0,0,0,0
0,0,0,0,0,0,0,0,0,0,0,0,0,0,0,0,0,0,0,0,0,0,0,0,0,0,0.000208895238004206,0.000299931538476303,0.000301959570247671,9.6394138895321e-05,0.000269530436386837,4.40494694216426e-05,2.83979767299246e-05,0.000122255261916915,5.15390309928332e-05,0.000515600328452714,0.00117629927234247,0.00092828741822569,0.000738276881264922,0.000786003247650799,0.000197613304477326,0.000838803696438753,0.00046389071912413,0.000200792975189431,0.000453684932687707,0.00100484922303778,0.000642681660235694,2.38036692614261e-05,0.000389941354551367,0.00132481991942915,0.000329967591443449,0.000175250087692082,0.000259951282347078,0.000358634858842792,0.000685849829875379,0.000326858283493439,0.000547368878471917,0.000915202097737064,0.00195800907946956,0.00105835496708069,0.00135477272031731,0.000548363335715451,0.000424228641974281,0.000275515085924102,0,0,0,0,0,0,0,0,0,0,0,0,0,0,0,0,0,0,0,0,0,0,0,0,0,0,0,0,0,0,0,0,0,0,0,0
0,0,0,0,0,0,0,0,0,0,0,0,0,0,0,0,0,0,0,0,0,0,0,0,0,0,0,0,0.000136123062336703,6.52018229010053e-05,0.000230276311199489,0.00020769367990855,0.000470167682481607,0.000155670150397795,0.000847997299809625,0.000717748846492264,0.000641847930297268,0.000362463313453347,0,1.18155405848583e-05,0.00038274120521785,0.000706976840619842,0.000547956346951262,0.000648357857732835,0.000755491400406928,0.000206476904009915,0.000277143057853983,0.000332117535553986,0.000152889144275865,0.000462686350209929,0.000217473399643184,0.00076915569756825,0.000429950214424087,0.000883434882507068,0.00011343451403986,0.000582496835230761,0.000858194574982293,0.00233988460903217,0.00282729816788879,0.00274180297707484,0.00302918885485953,0.000891234660765869,0.000254592461488494,5.93333252423104e-05,0,0,0,0,0,0,0,0,0,0,0,0,0,0,0,0,0,0,0,0,0,0,0,0,0,0,0,0,0,0,0,0,0,0,0,0
0,0,0,0,0,0,0,0,0,0,0,0,0,0,0,0,0,0,0,0,0,0,0,0,0,0,0,0.000162786637671531,0.000740991656045693,0.000366499776875655,0.000128022226668946,0.000640590543519802,0.000531100507441708,0.000641899199207525,0.00128758306763668,0.000117840683816398,0.0001735594682781,0.000218759921514385,0.000546105856084317,0.000855689010955269,0.000294865622619751,0.0002148029363085,0.000386566031297174,0.000734426352007609,0.000794008916714031,0.000413048438849114,0.000172528987031128,0.00113724685179525,0.000815174630289476,0.000637872013037237,0.000607278650138193,0.000542064393725644,0.000546948554518412,0.00141076544870625,0.000769902319677815,0.00113891599004785,0.00159316302982202,0.0026887375812383,0.00246095924093293,0.00232952920680378,0.00100714803153317,0.000726238398837521,0.000471899395567627,0.000266614426535092,0,0,0,0,0,0,0,0,0,0,0,0,0,0,0,0,0,0,0,0,0,0,0,0,0,0,0,0,0,0,0,0,0,0,0,0
0,0,0,0,0,0,0,0,0,0,0,0,0,0,0,0,0,0,0,0,0,0,0,0,0,0,0,0.000165668344850729,0.000472018007134935,0.000587732537821603,0.000257346135974031,0.000701820641207773,0.000182444334356499,0.000776668549782658,0.000565689956771037,0.000564852350865715,0.000416400077733669,0.000442998676722239,0.000478459823911578,0.00015354498698686,0.000576958393089684,0.000250780856929983,0.000394393088183481,0.000481108133586676,0.000571306496764194,0.000458287982848938,0.000239917082975027,0.000534836955046778,0.000943773642176666,0.00110623818612097,0.000683688145502699,0.000113130344937608,7.20017118403153e-05,0.000956144296422365,0.00102131597887063,0.00114409121693412,0.00131830271030899,0.00260489112055308,0.0031431352507364,0.00244004342042116,0.00217356494332942,0.00187452215160726,0.00136972085653921,0.000365451305543557,0,0,0,0,0,0,0,0,0,0,0,0,0,0,0,0,0,0,0,0,0,0,0,0,0,0,0,0,0,0,0,0,0,0,0,0
0,0,0,0,0,0,0,0,0,0,0,0,0,0,0,0,0,0,0,0,0,0,0,0,0,4.1286404669362e-06,3.39977775573546e-05,0,0,0,0.000624649757711198,0.0003170106314489,0.000226217373085319,0.00042810504624705,0.000439047179433283,0.00020238563632684,0.000323280463641315,0.000229654864870219,0.000132037646411217,0.000244288216868973,0.000586360882198773,0.000574438747755418,0.000238283696358492,6.14943341026023e-05,0.000286372407740585,0.001102886363734,0.000357764844392485,8.54660093198255e-05,0.000688166411704922,0.000651475854273671,0.000685471887558019,0.000544073041228272,0.000122974534100031,0.00137752456096494,0.00129658672190116,0.00171146291154888,0.00147418729399106,0.00225806970822315,0.0023922366271922,0.0013207207692684,0.00251623943845016,0.00230261330492084,0.000734054426024303,0.000225977623219747,0,0,0,0,0,0,0,0,0,0,0,0,0,0,0,0,0,0,0,0,0,0,0,0,0,0,0,0,0,0,0,0,0,0,0,0
0,0,0,0,0,0,0,0,0,0,0,0,0,0,0,0,0,0,0,0,0,0,0,0,0,5.0015450177847e-05,0.000411858131797862,0,5.4650960802143e-05,0.00030251798982244,0.000358483104649746,0.000671043502376155,4.47655207492345e-05,0.000426583580874375,0.000701823727548351,0.000458225887462156,0.00035447220227763,0.000312791629159454,0.000159813046935117,0.000439187272665965,0.000369488346442813,0.000123528977215046,0.000170570224514118,0.000314369159787259,0.000518582053216458,0.000683587257067801,0.000207863513480517,0.000364156242200839,0.000563808962203051,0.000502394398464874,0.000665888766732445,0.00044688584601441,0.000418680591800174,0.00103212383893315,0.00182597207007515,0.00168657732207929,0.0029460133556535,0.00276099438635247,0.00242766454279593,0.00205918703477959,0.00396814434785092,0.00294718102372773,0.000349967633945672,0.000426479372762771,0,0,0,0,0,0,0,0,0,0,0,0,0,0,0,0,0,0,0,0,0,0,0,0,0,0,0,0,0,0,0,0,0,0,0,0
0,0,0,0,0,0,0,0,0,0,0,0,0,0,0,0,0,0,0,0,0,0,0,0,0,0,8.85910454355583e-05,0.000739076186271945,0.00076747632940478,0.000943035955462418,0.000501000306876968,0.000447394323579679,0.000387684224452072,0.000174916639012836,0.000938901186406939,0.000497055696866766,0.000488595517987899,0.000792225386866007,0.000537981651383301,0.00018691531215174,0.000404770093905921,4.17967325526545e-05,0.00051832006932469,0.000202415542675652,0.000402087055005364,0.000715506837566329,0.000372805919771357,0.000106719715820834,0.000317171521906676,0.000945246273779059,0.000982388528363558,0.000680402387912907,0.000642817115143876,0.00110984272338648,0.00247715104874107,0.00216011172884066,0.0016530710650322,0.00249408036597499,0.00325661321878271,0.0022756616598465,0.00333421975046101,0.00217649743485493,0.000592539371115318,0.000732152666287449,5.04973241733324e-05,0,0,0,0,0,0,0,0,0,0,0,0,0,0,0,0,0,0,0,0,0,0,0,0,0,0,0,0,0,0,0,0,0,0,0
0,0,0,0,0,0,0,0,0,0,0,0,0,0,0,0,0,0,0,0,0,0,0,0,0,0,0.000301669252085612,0.000792072263137884,0.00102374488652536,0.000866175338315836,0.000214654187035767,0.000359792902421089,0.000733256006989708,0.00034737656343384,0.000645794429376821,0.000129053848843124,0.000576497039370825,0.000771627243148717,0.000392952412384912,0.000225211669355545,0.000614227664622248,9.06681535252431e-08,6.61935033358028e-05,0.0013937253655413,0.000851396603034588,0.000807824563845561,0.000245174002479907,0.00031024061603183,0.00125765091798785,0.001947424214006,0.00174648982230674,0.00165090856357976,0.002098843405371,0.000964515143212399,0.00381362953643657,0.00328129736558233,0.00382740331588911,0.00202907492424718,0.0026650643588784,0.00199074502798452,0.00291657696660179,0.00141040323851544,0.000169624926877886,2.47689171902905e-05,2.96552452179393e-06,0,0,0,0,0,0,0,0,0,0,0,0,0,0,0,0,0,0,0,0,0,0,0,0,0,0,0,0,0,0,0,0,0,0,0
0,0,0,0,0,0,0,0,0,0,0,0,0,0,0,0,0,0,0,0,0,0,0,0,0,0,0.000176473328235104,0.000794664174291872,0.000293264588679764,0.000311058565501736,0.000626641372292817,0.000440450920738482,0.000542488980090675,0.000224528567426608,2.3823426578177e-06,4.84671835736336e-06,0,0.000517031353715209,0.00107676071535401,0.000730662992731621,0.00116515092978915,9.89655222171753e-05,0.000227644647457664,0.000644278674008601,0.00071491693153869,0.000436079536588968,0.00013411566989412,0.000177109450825057,0.00136728200653027,0.00228859826147879,0.00169975165125246,0.00120894758277401,0.00487263796497547,0.00280557660544477,0.00400210905414057,0.00344546949868148,0.00385208059245914,0.00232729249117474,0.00368020852767457,0.00266688197359963,0.00226149404439113,0.00157323657051076,0.000287807012572154,0,0,0,0,0,0,0,0,0,0,0,0,0,0,0,0,0,0,0,0,0,0,0,0,0,0,0,0,0,0,0,0,0,0,0,0,0
0,0,0,0,0,0,0,0,0,0,0,0,0,0,0,0,0,0,0,0,0,0,0,0,0,0,1.19225504926136e-05,0.000406634125509224,0.000492923333296912,0.000152991949407656,0.000324816417285817,0.000128602605763186,6.92549712729879e-05,1.43307598861027e-05,0.000478110257983703,0.000617800978755846,0.000467646424876081,0.000903955362940273,0.00087333359456441,0.00157199650399363,0.00111888617800269,0.000525032824562997,0.000452284414354809,0.000277424293637175,0.000277279499188228,0.000690528232819679,0.000622776971740471,0.000764820409576518,0.000609899020290444,0.00202261598719701,0.00106022782320758,0.0011888231246427,0.00370059469408012,0.00262650130803668,0.00313751456794144,0.00294735984737691,0.00459142800540083,0.00325864917027288,0.00392748575815767,0.00300148456781089,0.00207201451020773,0.00250680903674965,0.000344769283790962,0,0,0,0,0,0,0,0,0,0,0,0,0,0,0,0,0,0,0,0,0,0,0,0,0,0,0,0,0,0,0,0,0,0,0,0,0
0,0,0,0,0,0,0,0,0,0,0,0,0,0,0,0,0,0,0,0,0,0,0,0,0,0,0,0,0.000156561369634426,0.000392123175203476,0.000549708035184535,5.74163295363062e-05,0.000883252164593375,0.000838445709604497,0.00194017852440912,0.00123571093450527,0.00119371388097047,0.00113121194901555,0.000805183479592528,0.00114268153445754,0.000487951595778103,0.000752585364853523,0.00050281905744606,0.000311835930906072,0.000269277153479923,0.000982900018896558,0.00103577061606361,0.0004635350728544,0.000680109846859509,0.00200240526728534,0.00137271257684988,0.0016461081764419,0.001583877735913,0.00127491896475783,0.00174188419282584,0.00291099182739765,0.00513742787030087,0.00339126956162491,0.00496411468578632,0.0033180399505924,0.00160333790175853,0.00137297053009964,0.000310688202088748,0,0,0,0,0,0,0,0,0,0,0,0,0,0,0,0,0,0,0,0,0,0,0,0,0,0,0,0,0,0,0,0,0,0,0,0,0
0,0,0,0,0,0,0,0,0,0,0,0,0,0,0,0,0,0,0,0,0,0,0,0,0,0,0,6.77590152544512e-05,0.000703515552633811,0.000211305776995517,0.000655608910400163,0.000749693301800273,0.00115833652736046,0.00113514699209343,0.00127373060919831,0.000517016121468074,0.000561949927412722,9.5626621917049e-05,0.000215314142457089,0.000835652293006423,0.000274372595702127,0.000866984680677285,0.000912353860796919,0.00072557866725907,0.000187356434450041,0.000902320762993413,0.000938854829962293,0.000435632221138177,0.000312892878964316,0.00221901599808876,0.0027905649630955,0.00269031643735693,0.00252060844104938,0.00280340319926982,0.00287201896530583,0.00394379172800951,0.00358399360092978,0.00325610571653822,0.00370472191162145,0.00288683043292638,0.000692475306033743,0.000137150202089615,0.000282087759623661,7.31646571474186e-05,0,0,0,0,0,0,0,0,0,0,0,0,0,0,0,0,0,0,0,0,0,0,0,0,0,0,0,0,0,0,0,0,0,0,0,0
0,0,0,0,0,0,0,0,0,0,0,0,0,0,0,0,0,0,0,0,0,0,0,0,0,0,0,6.04954980512296e-05,0.000198070508303397,0.000327579949689091,0.000355437138219527,0.000214448332432848,0.000524247724377159,0.000695939122258642,0.000338847737541787,0.000569879291950123,0.000535524574283768,0.000169972740138698,0.000359647133333068,0.000247650399947613,7.67070044378633e-07,0.000414648518397151,0.000488604212669297,0.000233362497677949,0.000481949290478025,0.000766914270628362,0.000631379054307806,0.00104471702179541,0.000818825792687333,0.00185971923560873,0.00350012332682138,0.00202224225608813,0.00206677075313212,0.00309055241811058,0.00324486090901748,0.00535162756322844,0.00437016802389541,0.00353357890398285,0.00329242271657494,0.00161239939857254,0.000369360774731986,1.71836902404831e-05,0.000189179877409209,0.000135523516439172,0,0,0,0,0,0,0,0,0,0,0,0,0,0,0,0,0,0,0,0,0,0,0,0,0,0,0,0,0,0,0,0,0,0,0,0
0,0,0,0,0,0,0,0,0,0,0,0,0,0,0,0,0,0,0,0,0,0,0,0,0,0,0,0,0.000585917108493619,0.00112690553496706,0.000317255755568724,0.000755321378817795,0.000339531057055615,0.000279241679880773,0.000385038261926708,0.000460290974394856,0.000373037281902919,0.000132492193525268,1.10802384327925e-05,0.000840913474055599,0.000408675921789282,0.000212556173264787,5.8924176791996e-06,0.000634123562169867,0.000935618906949009,0.000821264419325217,0.00136784449143184,0.00175243466972771,0.00102899174528728,0.00206380830778045,0.00224637033901293,0.00155462984056024,0.00299421798818869,0.00372088998144428,0.00368492322196814,0.00348531119668718,0.00252071251028039,0.00246501656660039,0.00298679850352765,0.00195303430079987,0.00063591569631126,0.000121739155539419,0,0,0,0,0,0,0,0,0,0,0,0,0,0,0,0,0,0,0,0,0,0,0,0,0,0,0,0,0,0,0,0,0,0,0,0,0,0
0,0,0,0,0,0,0,0,0,0,0,0,0,0,0,0,0,0,0,0,0,0,0,0,0,0,0,0,0.000683433626867055,0.000231973447688902,8.25279223020499e-05,0.000181961223254138,0.000328670319798166,0.000363274319724011,0.00109191369113615,0.000844179220523733,0.000756224034108445,0.00146951538550343,0.000585072281202719,0.00051064185170372,0.000613301113283487,0.000396085414045486,0.000511156294655483,0.00086754181428418,0.000604399309320662,0.00156589468276163,0.00113555294931203,0.00150287424101627,0.00145884914962657,0.00183583853354562,0.00157341699102985,0.00350252622290644,0.00331295283551608,0.00384106185628115,0.00448232754538822,0.00399142914838527,0.00374919013016908,0.00241598171908785,0.00301651077056387,0.00152093277922823,0.000249289276771225,0.000123379228413358,2.79793402901705e-05,0,0,0,0,0,0,0,0,0,0,0,0,0,0,0,0,0,0,0,0,0,0,0,0,0,0,0,0,0,0,0,0,0,0,0,0,0
0,0,0,0,0,0,0,0,0,0,0,0,0,0,0,0,0,0,0,0,0,0,0,0,0,0,0,0,5.02731662463656e-05,0.000378041640268194,3.49367841524596e-05,0.000581294309794517,0.000369294832248329,0.00102548100708134,0.00124991357664464,0.0015804885459447,0.000836893733259141,0.000916869224457998,0.00169454099131706,0.000933150023219844,0.000132032432296296,0.000557046495826926,0.000438448780911856,0.000767293178490608,0.000998485470978758,0.00168423739962298,0.00262870928960947,0.0019589528826459,0.00179449975154478,0.00246554569952298,0.00373360416135802,0.00331647484971952,0.00361885137505924,0.00385363494899037,0.00250933024170778,0.0035327883813174,0.00365594594331626,0.00185682480610238,0.00129858554759368,0.000449121917174879,0.00010105160267237,0.000284193429911078,6.44480013853927e-05,0,0,0,0,0,0,0,0,0,0,0,0,0,0,0,0,0,0,0,0,0,0,0,0,0,0,0,0,0,0,0,0,0,0,0,0,0
0,0,0,0,0,0,0,0,0,0,0,0,0,0,0,0,0,0,0,0,0,0,0,0,0,0,0,0,0,0.000173998793351432,9.36139814258223e-05,0.000284848230139802,0.000393109164675808,0.000493065182647084,0.000872075689145802,0.00128411871662993,0.00160435640619468,0.000854455188772473,0.00163911461826823,0.00113476811986007,0.000742654199483366,0.000909746165496594,0.00147915706349068,0.00124777759582113,0.00144589150997481,0.00240227440990873,0.0024399632986272,0.00150889848743511,0.00265563993907318,0.00155767506886162,0.00303648738081833,0.00213774271689098,0.00288728013159062,0.00288303666544829,0.00269023266022642,0.00197263573556885,0.00141140254850777,0.000593827379444762,0.000695750474999106,0.000272734467289258,0,0,0,0,0,0,0,0,0,0,0,0,0,0,0,0,0,0,0,0,0,0,0,0,0,0,0,0,0,0,0,0,0,0,0,0,0,0,0,0
0,0,0,0,0,0,0,0,0,0,0,0,0,0,0,0,0,0,0,0,0,0,0,0,0,0,0,0,0,0,0,0,0.000328721914256312,0.00114764934455465,0.000711799292641117,0.000329582255189756,0.00145326529026088,0.0010719953181906,0.0019244408025075,0.0014955968013475,0.00194649036965855,0.00184747603351731,0.00146815872365869,0.00286887247051987,0.00210626761458328,0.00218158825049721,0.00270658448293524,0.00291510545252144,0.00408199593385734,0.00316583634557034,0.00456936405285779,0.00393024875615159,0.00389324923201372,0.00205382746324281,0.00126628902636182,0.00143997779370925,0.000779862604260143,0.000862949207038134,2.69066838101176e-05,0.000224436785262937,0.000263659877939249,0,0,0,0,0,0,0,0,0,0,0,0,0,0,0,0,0,0,0,0,0,0,0,0,0,0,0,0,0,0,0,0,0,0,0,0,0,0,0
0,0,0,0,0,0,0,0,0,0,0,0,0,0,0,0,0,0,0,0,0,0,0,0,0,0,0,0,0,0,0,0,0,0.000589012147569091,0.000851289438045935,0.000714187769108798,0.000701253284547252,0.00090429663031304,0.00166546595815297,0.00176600562873286,0.00202174582491424,0.00160886379387031,0.00108893809987908,0.00239595242958344,0.00132166405109574,0.00122792106137704,0.00172558766237037,0.00112887445957305,0.00309740013636292,0.00328137157903612,0.000846535672048362,0.00304584817600167,0.00221608828587862,0.00166461963910394,0.00124703361663656,0.000569156833303198,0.000270220681142449,0.000536131417261931,0,1.77571717524627e-05,2.40695718395132e-05,0,0,0,0,0,0,0,0,0,0,0,0,0,0,0,0,0,0,0,0,0,0,0,0,0,0,0,0,0,0,0,0,0,0,0,0,0,0,0
0,0,0,0,0,0,0,0,0,0,0,0,0,0,0,0,0,0,0,0,0,0,0,0,0,0,0,0,0,0,0,0,0.000313423083316594,4.83074142563841e-05,9.77984728720982e-05,0.000659628345529729,0.000543304336511269,0.000373518578416134,0.00247198208662666,0.00204382141989597,0.00158165501407502,0.000244234812156268,0.000747375681129612,0.00333117448693063,0.00166216597025978,0.000893540222472794,0.00131611639776892,0.00119775133563757,0.00235878258469909,0.00169033458422939,0.00050549544216629,0.00119548639188472,0.00106908412364762,0.00224796293030586,0.000668376236919742,0.000293997106795619,0,0,0,0,0,0,0,0,0,0,0,0,0,0,0,0,0,0,0,0,0,0,0,0,0,0,0,0,0,0,0,0,0,0,0,0,0,0,0,0,0,0,0,0
0,0,0,0,0,0,0,0,0,0,0,0,0,0,0,0,0,0,0,0,0,0,0,0,0,0,0,0,0,0,0,0,0.000119804257783339,1.84652446436831e-05,0,0.00035973877430807,0.000216674784100149,0.000138344994033172,0.000131313962415586,0.000674341149962088,0.000788774360577008,0.000513510463144832,0.00105805921533197,0.000943244490579209,0.000474558730042587,0.000340079090920485,0.00106396530534927,0.000748094212040422,0.000553534152882093,0.000355810450005797,0.00075100878666396,0.000260663812638535,1.67522821144885e-05,0.00016670127570783,8.80793215155902e-05,0.000485841913420359,1.41580865796414e-05,0,0,0,0,0,0,0,0,0,0,0,0,0,0,0,0,0,0,0,0,0,0,0,0,0,0,0,0,0,0,0,0,0,0,0,0,0,0,0,0,0,0,0
