0,0,0,0,0,0,0,0,0,0,0,0,0,0,0,0,0,0,0,0,0,0,0,0,0,0,0,0,0,0,0,0,0,0,0,0,0,0,0,0,0,0,0,0,0,0,0,0,0,0,0,0,0,0,0,0,0,0,0,0,0,0,0,0,0,0,0,0,0,0,0,0,0,0,0,0,0,0,0,0,0,0,0,0,0,0,0,0,0,0,0,0,0,0,0,0,0,0,0,0
0,0,0,0,0,0,0,0,0,0,0,0,0,0,0,0,0,0,0,0,0,0,0,0,0,0,0,0,0,0,0,0,0,0,0,0,0,0,0,0,0,0,0,0,0,0,0,0,0,0,0,0,0,0,0,0,0,0,0,0,0,0,0,0,0,0,0,0,0,0,0,0,0,0,0,0,0,0,0,0,0,0,0,0,0,0,0,0,0,0,0,0,0,0,0,0,0,0,0,0
0,0,0,0,0,0,0,0,0,0,0,0,0,0,0,0,0,0,0,0,0,0,0,0,0,0,0,0,0,0,0,0,0,0,0,0,0,0,0,0,0,0,0,0,0,0,0,0,0,0,0,0,0,0,0,0,0,0,0,0,0,0,0,0,0,0,0,0,0,0,0,0,0,0,0,0,0,0,0,0,0,0,0,0,0,0,0,0,0,0,0,0,0,0,0,0,0,0,0,0
0,0,0,0,0,0,0,0,0,0,0,0,0,0,0,0,0,0,0,0,0,0,0,0,0,0,0,0,0,0,0,0,0,0,0,0,0,0,0,0,0,0,0,0,0,0,0,0,0,0,0,0,0,0,0,0,0,0,0,0,0,0,0,0,0,0,0,0,0,0,0,0,0,0,0,0,0,0,0,0,0,0,0,0,0,0,0,0,0,0,0,0,0,0,0,0,0,0,0,0
0,0,0,0,0,0,0,0,0,0,0,0,0,0,0,0,0,0,0,0,0,0,0,0,0,0,0,0,0,0,0,0,0,0,0,0,0,0,0,0,0,0,0,0,0,0,0,0,0,0,0,0,0,0,0,0,0,0,0,0,0,0,0,0,0,0,0,0,0,0,0,0,0,0,0,0,0,0,0,0,0,0,0,0,0,0,0,0,0,0,0,0,0,0,0,0,0,0,0,0
0,0,0,0,0,0,0,0,0,0,0,0,0,0,0,0,0,0,0,0,0,0,0,0,0,0,0,0,0,0,0,0,0,0,0,0,0,0,0,0,0,0,0,0,0,0,0,0,0,0,0,0,0,0,0,0,0,0,0,0,0,0,0,0,0,0,0,0,0,0,0,0,0,0,0,0,0,0,0,0,0,0,0,0,0,0,0,0,0,0,0,0,0,0,0,0,0,0,0,0
0,0,0,0,0,0,0,0,0,0,0,0,0,0,0,0,0,0,0,0,0,0,0,0,0,0,0,0,0,0,0,0,0,0,0,0,0,0,0,0,0,0,0,0,0,0,0,0,0,0,0,0,0,0,0,0,0,0,0,0,0,0,0,0,0,0,0,0,0,0,0,0,0,0,0,0,0,0,0,0,0,0,0,0,0,0,0,0,0,0,0,0,0,0,0,0,0,0,0,0
0,0,0,0,0,0,0,0,0,0,0,0,0,0,0,0,0,0,0,0,0,0,0,0,0,0,0,0,0,0,0,0,0,0,0,0,0,0,0,0,0,0,0,0,0,0,0,0,0,0,0,0,0,0,0,0,0,0,0,0,0,0,0,0,0,0,0,0,0,0,0,0,0,0,0,0,0,0,0,0,0,0,0,0,0,0,0,0,0,0,0,0,0,0,0,0,0,0,0,0
0,0,0,0,0,0,0,0,0,0,0,0,0,0,0,0,0,0,0,0,0,0,0,0,0,0,0,0,0,0,0,0,0,0,0,0,0,0,0,0,0,0,0,0,0,0,0,0,0,0,0,0,0,0,0,0,0,0,0,0,0,0,0,0,0,0,0,0,0,0,0,0,0,0,0,0,0,0,0,0,0,0,0,0,0,0,0,0,0,0,0,0,0,0,0,0,0,0,0,0
0,0,0,0,0,0,0,0,0,0,0,0,0,0,0,0,0,0,0,0,0,0,0,0,0,0,0,0,0,0,0,0,0,0,0,0,0,0,0,0,0,0,0,0,0,0,0,0,0,0,0,0,0,0,0,0,0,0,0,0,0,0,0,0,0,0,0,0,0,0,0,0,0,0,0,0,0,0,0,0,0,0,0,0,0,0,0,0,0,0,0,0,0,0,0,0,0,0,0,0
0,0,0,0,0,0,0,0,0,0,0,0,0,0,0,0,0,0,0,0,0,0,0,0,0,0,0,0,0,0,0,0,0,0,0,0,0,0,0,0,0,0,0,0,0,0,0,0,0,0,0,0,0,0,0,0,0,0,0,0,0,0,0,0,0,0,0,0,0,0,0,0,0,0,0,0,0,0,0,0,0,0,0,0,0,0,0,0,0,0,0,0,0,0,0,0,0,0,0,0
0,0,0,0,0,0,0,0,0,0,0,0,0,0,0,0,0,0,0,0,0,0,0,0,0,0,0,0,0,0,0,0,0,0,0,0,0,0,0,0,0,0,0,0,0,0,0,0,0,0,0,0,0,0,0,0,0,0,0,0,0,0,0,0,0,0,0,0,0,0,0,0,0,0,0,0,0,0,0,0,0,0,0,0,0,0,0,0,0,0,0,0,0,0,0,0,0,0,0,0
0,0,0,0,0,0,0,0,0,0,0,0,0,0,0,0,0,0,0,0,0,0,0,0,0,0,0,0,0,0,0,0,0,0,0,0,0,0,0,0,0,0,0,0,0,0,0,0,0,0,0,0,0,0,0,0,0,0,0,0,0,0,0,0,0,0,0,0,0,0,0,0,0,0,0,0,0,0,0,0,0,0,0,0,0,0,0,0,0,0,0,0,0,0,0,0,0,0,0,0
0,0,0,0,0,0,0,0,0,0,0,0,0,0,0,0,0,0,0,0,0,0,0,0,0,0,0,0,0,0,0,0,0,0,0,0,0,0,0,0,0,0,0,0,0,0,0,0,0,0,0,0,0,0,0,0,0,0,0,0,0,0,0,0,0,0,0,0,0,0,0,0,0,0,0,0,0,0,0,0,0,0,0,0,0,0,0,0,0,0,0,0,0,0,0,0,0,0,0,0
0,0,0,0,0,0,0,0,0,0,0,0,0,0,0,0,0,0,0,0,0,0,0,0,0,0,0,0,0,0,0,0,0,0,0,0,0,0,0,0,0,0,0,0,0,0,0,0,0,0,0,0,0,0,0,0,0,0,0,0,0,0,0,0,0,0,0,0,0,0,0,0,0,0,0,0,0,0,0,0,0,0,0,0,0,0,0,0,0,0,0,0,0,0,0,0,0,0,0,0
0,0,0,0,0,0,0,0,0,0,0,0,0,0,0,0,0,0,0,0,0,0,0,0,0,0,0,0,0,0,0,0,0,0,0,0,0,0,0,0,0,0,0,0,0,0,0,0,0,0,0,0,0,0,0,0,0,0,0,0,0,0,0,0,0,0,0,0,0,0,0,0,0,0,0,0,0,0,0,0,0,0,0,0,0,0,0,0,0,0,0,0,0,0,0,0,0,0,0,0
0,0,0,0,0,0,0,0,0,0,0,0,0,0,0,0,0,0,0,0,0,0,0,0,0,0,0,0,0,0,0,0,0,0,0,0,0,0,0,0,0,0,0,0,0,0,0,0,0,0,0,0,0,0,0,0,0,0,0,0,0,0,0,0,0,0,0,0,0,0,0,0,0,0,0,0,0,0,0,0,0,0,0,0,0,0,0,0,0,0,0,0,0,0,0,0,0,0,0,0
0,0,0,0,0,0,0,0,0,0,0,0,0,0,0,0,0,0,0,0,0,0,0,0,0,0,0,0,0,0,0,0,0,0,0,0,0,0,0,0,0,0,0,0,0,0,0,0,0,0,0,0,0,0,0,0,0,0,0,0,0,0,0,0,0,0,0,0,0,0,0,0,0,0,0,0,0,0,0,0,0,0,0,0,0,0,0,0,0,0,0,0,0,0,0,0,0,0,0,0
0,0,0,0,0,0,0,0,0,0,0,0,0,0,0,0,0,0,0,0,0,0,0,0,0,0,0,0,0,0,0,0,0,0,0,0,0,0,0,0,0,0,0,0,0,0,0,0,0,0,0,0,0,0,0,0,0,0,0,0,0,0,0,0,0,0,0,0,0,0,0,0,0,0,0,0,0,0,0,0,0,0,0,0,0,0,0,0,0,0,0,0,0,0,0,0,0,0,0,0
0,0,0,0,0,0,0,0,0,0,0,0,0,0,0,0,0,0,0,0,0,0,0,0,0,0,0,0,0,0,0,0,0,0,0,0,0,0,0,0,0,0,0,0,0,0,0,0,0,0,0,0,0,0,0,0,0,0,0,0,0,0,0,0,0,0,0,0,0,0,0,0,0,0,0,0,0,0,0,0,0,0,0,0,0,0,0,0,0,0,0,0,0,0,0,0,0,0,0,0
0,0,0,0,0,0,0,0,0,0,0,0,0,0,0,0,0,0,0,0,0,0,0,0,0,0,0,0,0,0,0,0,0,0,0,0,0,0,0,0,0,0,0,0,0,0,0,0,0,0,0,0,0,0,0,0,0,0,0,0,0,0,0,0,0,0,0,0,0,0,0,0,0,0,0,0,0,0,0,0,0,0,0,0,0,0,0,0,0,0,0,0,0,0,0,0,0,0,0,0
0,0,0,0,0,0,0,0,0,0,0,0,0,0,0,0,0,0,0,0,0,0,0,0,0,0,0,0,0,0,0,0,0,0,0,0,0,0,0,0,0,0,0,0,0,0,0,0,0,0,0,0,0,0,0,0,0,0,0,0,0,0,0,0,0,0,0,0,0,0,0,0,0,0,0,0,0,0,0,0,0,0,0,0,0,0,0,0,0,0,0,0,0,0,0,0,0,0,0,0
0,0,0,0,0,0,0,0,0,0,0,0,0,0,0,0,0,0,0,0,0,0,0,0,0,0,0,0,0,0,0,0,0,0,0,0,0,0,0,0,0,0,0,0,0,0,0,0,0,0,0,0,0,0,0,0,0,0,0,0,0,0,0,0,0,0,0,0,0,0,0,0,0,0,0,0,0,0,0,0,0,0,0,0,0,0,0,0,0,0,0,0,0,0,0,0,0,0,0,0
0,0,0,0,0,0,0,0,0,0,0,0,0,0,0,0,0,0,0,0,0,0,0,0,0,0,0,0,0,0,0,0,0,0,0,0,0,0,0,0,0,0,0,0,0,0,0,0,0,0,0,0,0,0,0,0,0,0,0,0,0,0,0,0,0,0,0,0,0,0,0,0,0,0,0,0,0,0,0,0,0,0,0,0,0,0,0,0,0,0,0,0,0,0,0,0,0,0,0,0
0,0,0,0,0,0,0,0,0,0,0,0,0,0,0,0,0,0,0,0,0,0,0,0,0,0,0,0,0,0,0,0,0,0,0,0,0,0,0,0,0,0,0,0,0,0,0,0,0,0,0,0,0,0,0,0,0,0,0,0,0,0,0,0,0,0,0,0,0,0,0,0,0,0,0,0,0,0,0,0,0,0,0,0,0,0,0,0,0,0,0,0,0,0,0,0,0,0,0,0
0,0,0,0,0,0,0,0,0,0,0,0,0,0,0,0,0,0,0,0,0,0,0,0,0,0,0,0,0,0,0,0,0,0,0,0,0,0,0,0,0,0,0,0,0,0,0,0,0,0,0,0,0,0,0,0,0,0,0,0,0,0,0,0,0,0,0,0,0,0,0,0,0,0,0,0,0,0,0,0,0,0,0,0,0,0,0,0,0,0,0,0,0,0,0,0,0,0,0,0
0,0,0,0,0,0,0,0,0,0,0,0,0,0,0,0,0,0,0,0,0,0,0,0,0,0,0,0,0,0,0,0,0,0,0,0,0,0,0,0,0,0,0,0,0,0,0,0,0,0,0,0,0,0,0,0,0,0,0,0,0,0,0,0,0,0,0,0,0,0,0,0,0,0,0,0,0,0,0,0,0,0,0,0,0,0,0,0,0,0,0,0,0,0,0,0,0,0,0,0
0,0,0,0,0,0,0,0,0,0,0,0,0,0,0,0,0,0,0,0,0,0,0,0,0,0,0,0,0,0,0,0,0,0,0,0,0,0,0,0,0,0,0,0,0,0,0,0,0,0,0,0,0,0,0,0,0,0,0,0,0,0,0,0,0,0,0,0,0,0,0,0,0,0,0,0,0,0,0,0,0,0,0,0,0,0,0,0,0,0,0,0,0,0,0,0,0,0,0,0
0,0,0,0,0,0,0,0,0,0,0,0,0,0,0,0,0,0,0,0,0,0,0,0,0,0,0,0,0,0,0,0,0,0,0,0,0,0,0,0,0,0,0,0,0,0,0,0,0,0,0,0,0,0,0,0,0,0,0,0,0,0,0,0,0,0,0,0,0,0,0,0,0,0,0,0,0,0,0,0,0,0,0,0,0,0,0,0,0,0,0,0,0,0,0,0,0,0,0,0
0,0,0,0,0,0,0,0,0,0,0,0,0,0,0,0,0,0,0,0,0,0,0,0,0,0,0,0,0,0,0,0,0,0,0,0,0,0,0,0,0,0,0,0,0,0,0,0,0,0,0,0,0,0,0,0,0,0,0,0,0,0,0,0,0,0,0,0,0,0,0,0,0,0,0,0,0,0,0,0,0,0,0,0,0,0,0,0,0,0,0,0,0,0,0,0,0,0,0,0
0,0,0,0,0,0,0,0,0,0,0,0,0,0,0,0,0,0,0,0,0,0,0,0,0,0,0,0,0,0,0,0,0,0,0,0,0,0,0,0,0,0,0,0,0,0,0,0,0,0,0,0,0,0,0,0,0,0,0,0,0,0,0,0,0,0,0,0,0,0,0,0,0,0,0,0,0,0,0,0,0,0,0,0,0,0,0,0,0,0,0,0,0,0,0,0,0,0,0,0
0,0,0,0,0,0,0,0,0,0,0,0,0,0,0,0,0,0,0,0,0,0,0,0,0,0,0,0,0,0,0,0,0,0,0,0,0,0,0,0,0,0,0,0,0,0,0,0,0,0,0,0,0,0,0,0,0,0,0,0,0,0,0,0,0,0,0,0,0,0,0,0,0,0,0,0,0,0,0,0,0,0,0,0,0,0,0,0,0,0,0,0,0,0,0,0,0,0,0,0
0,0,0,0,0,0,0,0,0,0,0,0,0,0,0,0,0,0,0,0,0,0,0,0,0,0,0,0,0,0,0,0,0,0,0,0,0,0,0,0,0,0,0,0,0,0,0,0,0,0,0,0,0,0,0,0,0,0,0,0,0,0,0,0,0,0,0,0,0,0,0,0,0,0,0,0,0,0,0,0,0,0,0,0,0,0,0,0,0,0,0,0,0,0,0,0,0,0,0,0
0,0,0,0,0,0,0,0,0,0,0,0,0,0,0,0,0,0,0,0,0,0,0,0,0,0,0,0,0,0,0,0,0,0,0,0,0,0,0,0,0,0,0,0,0,0,0,0,0,0,0,0,0,0,0,0,0,0,0,0,0,0,0,0,0,0,0,0,0,0,0,0,0,0,0,0,0,0,0,0,0,0,0,0,0,0,0,0,0,0,0,0,0,0,0,0,0,0,0,0
0,0,0,0,0,0,0,0,0,0,0,0,0,0,0,0,0,0,0,0,0,0,0,0,0,0,0,0,0,0,0,0,0,0,0,0,0,0,0,0,0,0,0,0,0,0,0,0,0,0,0,0,0,0,0,0,0,0,0,0,0,0,0,0,0,0,0,0,0,0,0,0,0,0,0,0,0,0,0,0,0,0,0,0,0,0,0,0,0,0,0,0,0,0,0,0,0,0,0,0
0,0,0,0,0,0,0,0,0,0,0,0,0,0,0,0,0,0,0,0,0,0,0,0,0,0,0,0,0,0,0,0,0,0,0,0,0,0,0,0,0,0,0,0,0,0,0,0,0,0,0,0,0,0,0,0,0,0,0,0,0,0,0,0,0,0,0,0,0,0,0,0,0,0,0,0,0,0,0,0,0,0,0,0,0,0,0,0,0,0,0,0,0,0,0,0,0,0,0,0
0,0,0,0,0,0,0,0,0,0,0,0,0,0,0,0,0,0,0,0,0,0,0,0,0,0,0,0,0,0,0,0,0,0,0,0,0,0,0,0,0,0,0,0,0,0,0,0,0,0,0,0,0,0,0,0,0,0,0,0,0,0,0,0,0,0,0,0,0,0,0,0,0,0,0,0,0,0,0,0,0,0,0,0,0,0,0,0,0,0,0,0,0,0,0,0,0,0,0,0
0,0,0,0,0,0,0,0,0,0,0,0,0,0,0,0,0,0,0,0,0,0,0,0,0,0,0,0,0,0,0,0,0,0,0,0,0,0,0,0,0,0,0,0,0,0,0,0,0,0,0,0,0,0,0,0,0,0,0,0,0,0,0,0,0,0,0,0,0,0,0,0,0,0,0,3.97046355600374e-06,7.98832270084672e-05,0,0.000252272832932785,0.000240278916041832,0.000163153964256185,8.60341918690883e-05,0.000213432119919247,0.000257821059153647,1.8430546119201e-05,0,0,0,0,0,0,0,0,0,0,0,0,0,0,0
0,0,0,0,0,0,0,0,0,0,0,0,0,0,0,0,0,0,0,0,0,0,0,0,0,0,0,0,0,0,0,0,0,0,0,0,0,0,0,0,0,0,0,0,0,0,0,0,0,0,0,0,0,0,0,0,0,0,0,0,0,0,0,0,0,0,0,0,0,0,0,1.81087377180163e-05,9.24483804863548e-05,0.000356601995011912,0.00024858439593935,6.19855390320243e-05,0.000494658077604818,0.000182332215619928,0.0011898330936129,0.0013362973554875,0.000325088150912538,0.000604117237067749,0.000488035207483273,0.000857162279563376,0.000502295503545304,6.85000720658433e-05,0,0,0,0,0,0,0,0,0,0,0,0,0,0
0,0,0,0,0,0,0,0,0,0,0,0,0,0,0,0,0,0,0,0,0,0,0,0,0,0,0,0,0,0,0,0,0,0,0,0,0,0,0,0,0,0,0,0,0,0,0,0,0,0,0,0,0,0,0,0,0,0,0,0,0,0,0,0,0,0,0,0,3.408334631621e-05,6.20233358166788e-05,0.000205495745085499,0.000688080159077693,0.00102461717219921,0.000912103172785334,0.0012988239588915,0.00132752383796721,0.00152254940657806,0.00132184981120175,0.00132137265094434,0.0015212442845354,0.00182735175344953,0.00200843092314015,0.000993311511542454,0.00140034799530136,0.000843927179851206,0.000919433613886858,0.000841343310481742,0.000147299150470618,0,0,0,0,0,0,0,0,0,0,0,0
0,0,0,0,0,0,0,0,0,0,0,0,0,0,0,0,0,0,0,0,0,0,0,0,0,0,0,0,0,0,0,0,0,0,0,0,0,0,0,0,0,0,0,0,0,0,0,0,0,0,0,0,0,0,0,0,0,0,0,0,0,0,0,0,0,0,0,0,0.000316758296762397,0.000600378898214808,0.000382077357407842,0.000791217241740225,0.00122035460661187,0.00187825840726142,0.00248624959243841,0.00174783978238598,0.00298117342314065,0.00267663165531034,0.00285487203526526,0.00397424360507429,0.00315048717271198,0.00294317382528553,0.00151277118691644,0.0022603656697559,0.00243702906374711,0.00158098032512921,0.00142974862643819,0.000656553019436694,0.000497355214614851,8.22701935724907e-05,0.000108204042035204,0,0,0,0,0,0,0,0,0
0,0,0,0,0,0,0,0,0,0,0,0,0,0,0,0,0,0,0,0,0,0,0,0,0,0,0,0,0,0,0,0,0,0,0,0,0,0,0,0,0,0,0,0,0,0,0,0,0,0,0,0,0,0,0,0,0,0,0,0,0,0,0,0,0,1.82128653068521e-05,0.000158237860411476,6.06823817104776e-06,0.00102020853169411,0.00124444589576312,0.00103365491588567,0.000781121655816942,0.00162623140049999,0.00214609770899371,0.00248873589936585,0.00258197074755151,0.00330919917181964,0.00227322110138658,0.00359086297407956,0.00494600538501134,0.00546444018207203,0.00451898502343263,0.00459470140801321,0.00385493051159156,0.00313427337100761,0.00335151888746204,0.00199141595321063,0.000915442130584757,0.00134590421300547,0.000580576437925527,0.000182006771355547,0,0,0,0,0,0,0,0,0
0,0,0,0,0,0,0,0,0,0,0,0,0,0,0,0,0,0,0,0,0,0,0,0,0,0,0,0,0,0,0,0,0,0,0,0,0,0,0,0,0,0,0,0,0,0,0,0,0,0,0,0,0,0,0,0,0,0,0,0,0,0,0,0.000150926278538722,0.00019687895033697,3.46322421351015e-05,0.000491333750983251,0.000291515042992272,0.000748997332076505,0.000476124027641082,0.00197180768476726,0.00120110696632615,0.00143597036529067,0.00294244259229165,0.00302468481673465,0.00275591666984079,0.00323471049237022,0.00178887393915478,0.00328476520632099,0.00421996831358908,0.00484523915245893,0.00300994027216706,0.00348731729142929,0.00426375642195546,0.00329980038944683,0.00342717699960401,0.00298856113152694,0.002202400659782,0.00171123320164443,0.000883471170469135,0.000284177156716735,0.000317936348557046,0,0,0,0,0,0,0,0
0,0,0,0,0,0,0,0,0,0,0,0,0,0,0,0,0,0,0,0,0,0,0,0,0,0,0,0,0,0,0,0,0,0,0,0,0,0,0,0,0,0,0,0,0,0,0,0,0,0,0,0,0,0,0,0,0,0,0,0,0,0,3.94390450083975e-05,0.000176459406901408,0.000116594171227745,0.000204689968513627,0.000406220130993628,0.000888310312792886,0.00193149419285782,0.00175223071619508,0.00221369828976612,0.00165212058275442,0.00180754341518804,0.00167439762530069,0.00246807957384581,0.0015632649423324,0.00189319670686562,0.00210695730650827,0.0034575735441454,0.00181493573757759,0.0019705271426096,0.0034638440478148,0.00495881263024554,0.00539856700340326,0.00396146696544712,0.00373698743300273,0.00390232778660407,0.00523701730088292,0.00271434885276812,0.00188915509511338,0.000883691140857439,0.000108823489622503,0,0,0,0,0,0,0,0
0,0,0,0,0,0,0,0,0,0,0,0,0,0,0,0,0,0,0,0,0,0,0,0,0,0,0,0,0,0,0,0,0,0,0,0,0,0,0,0,0,0,0,0,0,0,0,0,0,0,0,0,0,0,0,0,0,0,0,0,0,0,9.21514722935044e-05,0.000455138855731061,0.000500310407036325,0.000938011631312925,0.000785586862045628,0.00167762236456114,0.00113291099047333,0.00161967144090974,0.00154985558327911,0.00105075485803926,0.00158049377419028,0.000756022377495848,0.000686274072057402,0.00128251103175224,0.00178129607428192,0.00234234424275836,0.00277532773181086,0.000808034239354674,0.00274449939797479,0.00353104826666606,0.00557421842168962,0.00433148671046814,0.00302455361798528,0.00477101425297744,0.00401451056365606,0.00634140384621179,0.00521400114879353,0.00187932011478411,0.00150614863428816,0,0.000216172870658202,0.000213882391657474,0,0,0,0,0,0
0,0,0,0,0,0,0,0,0,0,0,0,0,0,0,0,0,0,0,0,0,0,0,0,0,0,0,0,0,0,0,0,0,0,0,0,0,0,0,0,0,0,0,0,0,0,0,0,0,0,0,0,0,0,0,0,0,0,0,0,0,1.01738595504746e-06,2.69027355106483e-06,0.000452548186321563,0.00123244991832487,7.98725126697836e-05,0.000837540834157815,0.00130696677736692,0.000708591065045317,0.0012413433066458,0.000602671226668036,0.00101751772773466,0.000971981798943348,0.00118124294358754,0.000583741915968543,0.000799164451908156,0.00099636157703787,0.00138247857499065,0.00190980791920788,0.00132986271529998,0.00366496592330451,0.0036622071450257,0.00510777236193522,0.00516320153701582,0.00406448539913589,0.00465900263339665,0.0037527837100538,0.00514296620427567,0.0044483979386752,0.00294046526671859,0.00145420204647438,0,3.51586320586782e-05,3.47861056256456e-05,0,0,0,0,0,0
0,0,0,0,0,0,0,0,0,0,0,0,0,0,0,0,0,0,0,0,0,0,0,0,0,0,0,0,0,0,0,0,0,0,0,0,0,0,0,0,0,0,0,0,0,0,0,0,0,0,0,0,0,0,0,0,0,0,0,0,0,0.000253313147211564,0.000499642211670917,0.000347090956690122,0.000816559296796613,0.000270902333774738,0.0016763503337733,0.0016384406047734,0.000974839870068427,0.00103804849142739,0.00100663966908849,0.000869286044780349,0.000268241307437261,0.00108669822723568,0.000692388916348173,0.000434044161535216,0.000412403041263499,8.79522009001692e-05,0.000701110194656354,0.000539164696899718,0.0025142802360023,0.00310297772792369,0.0033566905881055,0.0033783774970578,0.00350561918467857,0.0045330994789382,0.00432934185079117,0.00528998762379162,0.0055398622045816,0.00360368855942994,0.00216677922139808,0.0006914952515494,0,0,0,0,0,0,0,0
0,0,0,0,0,0,0,0,0,0,0,0,0,0,0,0,0,0,0,0,0,0,0,0,0,0,0,0,0,0,0,0,0,0,0,0,0,0,0,0,0,0,0,0,0,0,0,0,0,0,0,0,0,0,0,0,0,0,0,0,0,0.000436864307407878,0.000223792478365544,0.000196502102859473,0.000475023017405275,0.00110263876395447,0.00108517928139897,0.00106690098765919,0.000498769349758169,0.000479707760600685,0.00092938142165599,0.000971156362361459,0.000621840909778371,0.00104143689105384,0.000414893932843131,0.000645419325027493,0.000629544156167548,0.000939667237856891,0.000662473393853367,0.0010994544002371,0.00210667601967398,0.00402236127353634,0.00319850196906873,0.00298997550733778,0.00396631181101371,0.00361102015438719,0.00555608319996496,0.00410228017505989,0.00329306461645105,0.00330633206747266,0.00205719249387809,0.00139298940096711,0.000453143730937444,0.000250096548834079,0,0,0,0,0,0
0,0,0,0,0,0,0,0,0,0,0,0,0,0,0,0,0,0,0,0,0,0,0,0,0,0,0,0,0,0,0,0,0,0,0,0,0,0,0,0,0,0,0,0,0,0,0,0,0,0,0,0,0,0,0,0,0,0,0,0,0,0.000123197730180769,0.000407081368400369,0.000726574089483561,0.000562669828000114,0.000888688689579776,0.000875547355097911,0.000381438284765805,5.06995989874706e-05,0.000667018967460493,0.00145062738104448,0.000632903092065173,0.000603024433988498,0.000627033775622381,0.000298666640779244,0.0008610095769294,7.17803607336037e-05,2.5655678880479e-05,0.00110795157155984,0.00112606873396525,0.00251218032091349,0.00268429823221103,0.00349313367238858,0.00351958838397028,0.00484825734928157,0.0032280351267121,0.00643143507069676,0.00499580324955582,0.00403507272569226,0.00384871053271532,0.003422656643877,0.00165898061474388,0.00054568022979454,0.000103433875952156,0,0,0,0,0,0
0,0,0,0,0,0,0,0,0,0,0,0,0,0,0,0,0,0,0,0,0,0,0,0,0,0,0,0,0,0,0,0,0,0,0,0,0,0,0,0,0,0,0,0,0,0,0,0,0,0,0,0,0,0,0,0,0,0,0,0,0,8.36193505954537e-05,0.00082939799412609,0.000621509594775182,0.00023619587943231,4.61463103499596e-05,0.000147611773476767,0.000428989751413302,0.000144694926065451,0.00039102117906032,0.000420200639139927,0.000844145691062436,0.000758951130188396,0.000472699642591527,0.000983882453860513,0.000934088972457496,0,0.000188452649120174,0.00098785622510429,0.00114635851119813,0.00191872559973889,0.00296040063941909,0.00445177646959297,0.00358818977527576,0.00314312278282596,0.00210688026991126,0.00333767719223256,0.00268184116668325,0.00327232758598426,0.00296471241108395,0.0030000874994395,0.00120103115030945,0.00116449684244045,8.65969624944866e-05,0,0,0,0,0,0
0,0,0,0,0,0,0,0,0,0,0,0,0,0,0,0,0,0,0,0,0,0,0,0,0,0,0,0,0,0,0,0,0,0,0,0,0,0,0,0,0,0,0,0,0,0,0,0,0,0,0,0,0,0,0,0,0,0,0,0,0,0.000113506605066097,0.000403634163694688,0.000845037698716614,8.08275357000294e-05,0.000734681198441605,1.00538355858104e-05,0.000129668162176321,0.000282369140646451,0.000744061755788186,0.000372933219242298,0.00037270903792362,0.000313463843655272,0.00030431992575813,0.000408077037548574,0.000670519435022971,0.000257039688890896,0.000370944626633972,0.000765514256879338,0.00151913545888157,0.00167197257215744,0.00273827586064284,0.00295685114135705,0.00253939358433453,0.00324609456513492,0.00193996364466688,0.00204795282253372,0.00494281410004484,0.00392480285035709,0.00334737619762024,0.00201058939504848,0.00109921349709446,0.000608075829547416,0.000105489170855242,0,0,0,0,0,0
0,0,0,0,0,0,0,0,0,0,0,0,0,0,0,0,0,0,0,0,0,0,0,0,0,0,0,0,0,0,0,0,0,0,0,0,0,0,0,0,0,0,0,0,0,0,0,0,0,0,0,0,0,0,0,0,0,0,0,0,0,0.00026535747163924,0.00173053388850549,0.000418962929699207,0.000177082072668501,0.000966817838721713,0.001445630651452,0.000274973012602522,0.000728225455113293,0.000488373955505127,0.00095937398330051,0.000242350375453698,0.000843968336698384,0.00014954373809699,0.000550151217760513,6.68241753705641e-05,0.000457716997613048,0.000353964555869823,0.000465444744095864,0.0013979680465878,0.0012730050253589,0.00141404687641747,0.00237712444487419,0.00106140561288043,0.00215265981830638,0.00180826077479332,0.00143206268457244,0.0028295242648557,0.00294494270170887,0.00313427267205971,0.00232137930753322,0.00080221117709704,0.00073239364097544,0.00023630901249142,2.51279611544271e-05,0,0,0,0,0
0,0,0,0,0,0,0,0,0,0,0,0,0,0,0,0,0,0,0,0,0,0,0,0,0,0,0,0,0,0,0,0,0,0,0,0,0,0,0,0,0,0,0,0,0,0,0,0,0,0,0,0,0,0,0,0,0,0,0,0,0,0.000243096815844837,0.00139946989814619,0.000533899201873224,0.000100533177375602,0.00113477005053833,0.00208597837627592,0.000851623694664646,0.000833901228535686,0.000591249191270252,0.000397352134735431,0.000655444067420743,0.000791251015664407,0.000546447209819442,0.000216871433543589,0.000432897510000699,0.000549516096688543,0.000836995666539408,0.000743309574362457,0.000749004673350985,0.000457872591509496,0.000536063524189864,0.000341798087058836,0.00101359349620878,0.000669698409932981,0.00230336778113965,0.00265328106541314,0.00317101956906074,0.0026082500552703,0.00481838214825568,0.00262404778001827,0.000656602542695711,0.00025400789623541,0.000410499014712928,0.000101878978283802,0,0,0,0,0
0,0,0,0,0,0,0,0,0,0,0,0,0,0,0,0,0,0,0,0,0,0,0,0,0,0,0,0,0,0,0,0,0,0,0,0,0,0,0,0,0,0,0,0,0,0,0,0,0,0,0,0,0,0,0,0,0,0,0,0,0,0.000370216722139657,0.000364349224409756,0.000942245779083235,0.000382267672898179,0.000430298779952893,0.000545115856717855,0.000567902899574812,0.000486844499388957,0.000612801972550664,2.36675277808216e-05,0.000110765493663708,0.000443844170511639,0.000287536054704771,0.000295311124394522,0.000689037622267361,0.000697666614989421,0.00127192709890948,0.000102887270661441,0.000760691531686111,0.000865885810641847,0.0016090697430809,0.000214778864984745,0.0011656358776017,0.000560911552338003,0.00089494305101037,0.00136773794185389,0.00266488988177375,0.00318990760486261,0.00327026903287356,0.00200960907159683,0.000779059685706138,0.000525853138533739,0.000663930138622574,0.000157750107634969,0,0,0,0,0
0,0,0,0,0,0,0,0,0,0,0,0,0,0,0,0,0,0,0,0,0,0,0,0,0,0,0,0,0,0,0,0,0,0,0,0,0,0,0,0,0,0,0,0,0,0,0,0,0,0,0,0,0,0,0,0,0,0,0,0,0.000103294698803051,0.000684315200094683,0.000349783844286696,0.000470400907113167,0.001146239420968,0.00131956618777881,0.00119572499660227,0.000710580105648058,0.000435961584889136,0.000507580520345666,0.00046647189498089,0.000181679740525061,4.2369020193847e-05,4.59121951806005e-05,5.90667938282289e-05,0.000264634285717505,0.00094551417150025,0.000447492277611546,0.000292348304890008,0.000111254526172362,0.000154203651580541,0.000919312696471906,0.000899099007024142,0.000558427737737399,0.000872558165487844,0.000609586559164661,0.00140995021657252,0.00158316890023364,0.00355699584601655,0.00365890018087297,0.00148100763453637,0.000432163075227963,0.000710589519200033,0.000172213067237797,4.1086423525925e-06,0,0,0,0,0
0,0,0,0,0,0,0,0,0,0,0,0,0,0,0,0,0,0,0,0,0,0,0,0,0,0,0,0,0,0,0,0,0,0,0,0,0,0,0,0,0,0,0,0,0,0,0,0,0,0,0,0,0,0,0,0,0,0,0,0,0.000315916860170665,0.000550422729662448,0.000236132117929951,0.000417319139224506,0.000242474971538362,0.000128442002706455,0.000373815940887759,0.000302408777213128,0.000275919731234005,4.51060702226047e-05,0.000508290365196489,0.000455974381296879,0.00040538447993862,0.000202336218802631,1.0494276214591e-05,0.000137202019639497,0.000240238315334525,0,8.99235296981673e-05,0.000437023957066143,0.000401100531175786,0.00117054317326585,0.000928117306679548,2.64494238540446e-05,0.000713815924575545,0.000834209759789594,0.000604755011702746,0.00116680172525716,0.00281045939534447,0.00231708125961033,0.00173777334334411,0.000931017963831347,0.000131039279606961,0.000291910297870953,1.53721403516148e-05,0,0,0,0,0
0,0,0,0,0,0,0,0,0,0,0,0,0,0,0,0,0,0,0,0,0,0,0,0,0,0,0,0,0,0,0,0,0,0,0,0,0,0,0,0,0,0,0,0,0,0,0,0,0,0,0,0,0,0,0,0,0,0,0,0,0.000241616014106405,0.000807956432349661,0.000496157130497471,0.000300026959586497,0.000479788592700958,0.000496529615036202,0.00107128623655153,0.00106028628427703,0.000636575953324147,1.04590304858901e-06,0.000308786298557112,0.000550966162028009,0.000421153658766906,0.000929862466622105,0.000103766977083404,0.000728274931799586,0.000522804115934981,0.000512663475817442,8.65753476121837e-05,0.000786232349484821,0.000982215055545914,0.000313188208435924,0.000322036808492096,0.000900277578217113,0.000513739012470731,0.00058560923598635,0.000809592488081915,0.00150651560888535,0.00298407457021826,0.00125173708705037,0.0014546788519015,0.000555088324030073,8.57701360759231e-05,0.000277644563620957,9.81483108697137e-06,0,0,0,0,0
0,0,0,0,0,0,0,0,0,0,0,0,0,0,0,0,0,0,0,0,0,0,0,0,0,0,0,0,0,0,0,0,0,0,0,0,0,0,0,0,0,0,0,0,0,0,0,0,0,0,0,0,0,0,0,0,0,0,0,0,0.000100091269748272,0.000166790600193071,0.000151083180894923,0.000447800415134342,0.00036080130807091,0.000654128747357049,0.000952355566781953,0.000606290906513445,0.00051955375852658,6.68065824920526e-05,0.000411958345208702,0.000414381039693824,0.000717411037770864,0.000638868399963614,0.000225401298351212,0.000245864693675864,0.000140913702088165,0.000759218738482758,7.28487271333677e-05,0.000313364479280024,0.000661620515979681,0.000498979999827501,0.000460853842846369,0.00101958916743629,0.000741377864343493,0.000996049267837971,0.0008788826336125,0.00248007520102732,0.00131201362542678,0.00316509218624697,0.00281113862951711,0.000403776826251476,0.000124864598249567,0.000232848077326497,0,0,0,0,0,0
0,0,0,0,0,0,0,0,0,0,0,0,0,0,0,0,0,0,0,0,0,0,0,0,0,0,0,0,0,0,0,0,0,0,0,0,0,0,0,0,0,0,0,0,0,0,0,0,0,0,0,0,0,0,0,0,0,0,0,0,0.000259604080354018,0.000557570006582954,0.000209257665663775,0.000109141454013961,0.000528012954108537,0.00110413383465159,0.000810215888538713,0.000836072163519701,0.00038824715970644,0.000275502826530744,0.000286836765095247,0.000104901011414461,0.000150599308212113,9.75706697499565e-05,0.000522118957000989,0.00119293144937903,0.00117294879409886,0.000274952595767874,0.000464540951275462,0.000825283733771238,0.000818540707503025,0.000255020757771184,0.000498499675212429,0.000891941920818302,0.00146880171970124,0.000551683804190837,0.00101550123783259,0.00100698550731032,0.00119611152267229,0.00301695043966422,0.00142769439876725,0.000218655927386282,0.00030604150779731,0,0,0,0,0,0,0
0,0,0,0,0,0,0,0,0,0,0,0,0,0,0,0,0,0,0,0,0,0,0,0,0,0,0,0,0,0,0,0,0,0,0,0,0,0,0,0,0,0,0,0,0,0,0,0,0,0,0,0,0,0,0,0,0,0,0,0,0.000319691865944722,0.00136047246553114,4.51562198932965e-05,0,0.000223401880269114,0.00149059975391114,0.000820794507958716,0.000113969495835569,3.65419182734392e-05,0.000440289681827089,0.000285137935583295,0.000170725344378694,0.000113060049294358,0.000180496845300476,0.000821409730867277,0.000423188289572986,0.000148621116811732,0.000309065777811197,0.000254579382735925,0.00105777130326594,0.00124258694742181,0.000271741426637976,0,0.00032283608849447,0.000598464270990534,0.000807494598497501,0.00190609892541831,0.00154560703622487,0.00199386189231298,0.00176962034931403,0.00115443551974048,0.00047916080724125,0.000252535670567546,0,0,0,0,0,0,0
0,0,0,0,0,0,0,0,0,0,0,0,0,0,0,0,0,0,0,0,0,0,0,0,0,0,0,0,0,0,0,0,0,0,0,0,0,0,0,0,0,0,0,0,0,0,0,0,0,0,0,0,0,0,0,0,0,0,0,0,3.36160075216968e-06,2.92104977144821e-05,0,3.01428510573697e-05,9.36256336418676e-05,0.000338834438657441,0.00032447741876206,0,0.000161903755474595,0.000390348050469301,0.00102581428411198,0.00124021989776205,0.000311738896001197,0.000915566065811059,0.00090410679418634,0.000126443913896406,0.000312113043277651,0.000658365146972303,0.000135590597577181,0.000410061359901981,0.000731756750406659,0.000134525989420266,0,0.000111203323731372,0.000226951378404643,0.00133434413090004,0.000928885278631164,0.00128709613514571,0.00248478962344518,0.0016195186037748,0.00102316501812773,0.000255070542573274,0.000100892547472742,0,0,0,0,0,0,0
0,0,0,0,0,0,0,0,0,0,0,0,0,0,0,0,0,0,0,0,0,0,0,0,0,0,0,0,0,0,0,0,0,0,0,0,0,0,0,0,0,0,0,0,0,0,0,0,0,0,0,0,0,0,0,0,0,0,0,0,0,2.07466097289665e-05,0.00014561118850228,9.16282570345575e-05,0.000284603258266205,0.000339554986552127,0.000901148872301603,0.000188885913053259,8.03956909182857e-05,0.000534452290503611,0.00121032272404108,0.00125180312449793,0.000221636068244431,0.000345866209546862,1.85312271352249e-05,0.000422760396159212,0.000315229081243989,0.000140678061778691,8.5415668139934e-05,0.000253040311655465,0.00131537120965828,0.000657409596217124,8.07457851751514e-05,0.000420019295215515,0.000301816648670204,0.000400300124993084,0.00104465462636555,0.00106863469920271,0.000724512667739172,0.00123134182171359,0.000682241011631683,0.000706084865120021,1.73964944671895e-05,0,0,0,0,0,0,0
0,0,0,0,0,0,0,0,0,0,0,0,0,0,0,0,0,0,0,0,0,0,0,0,0,0,0,0,0,0,0,0,0,0,0,0,0,0,0,0,0,0,0,0,0,0,0,0,0,0,0,0,0,0,0,0,0,0,0,0,0,4.16087771225943e-05,0.000456786455644096,0.000329040559201507,0.000295102712339893,2.47237705526157e-05,0.000406450020626157,0.000328521803399933,0.000462421974373263,0.000446165310278308,0.000584792191245417,0.0010182261367995,0.000452010629366381,0,0,0.000461066144157922,0.000567030156723044,0.000362004119620337,0.000487811758078753,0.000530179679263907,0.000975253558455618,0.000727491452956071,0.000569549303364088,0.000517098273756471,0.000869605443300837,0.000567600891923595,0.00159160339564094,0.0015759457990919,0.000553400097001136,0.00046655066458945,0.000309692075338853,0.000395548671030108,0,0,0,0,0,0,0,0
0,0,0,0,0,0,0,0,0,0,0,0,0,0,0,0,0,0,0,0,0,0,0,0,0,0,0,0,0,0,0,0,0,0,0,0,0,0,0,0,0,0,0,0,0,0,0,0,0,0,0,0,0,0,0,0,0,0,0,0,0,0,0.000298811633375575,0.000653987761245424,0.000261090106836703,0.000432791796911213,0,0.00020533815570575,0.000265189271198794,0.000285857629110615,3.33409759112583e-05,0.000468186317789322,0.000382993417530418,0.000493130287689943,0.000541935894293427,0.00033681972241081,0.000239968044308096,0.00057972050100689,0.000672512738943811,0.000430538099723733,0.000631601917590406,0.000994517473415201,0.00060662974986577,0.000214651429499153,0.000563047544525398,0.00181600872705782,0.00130694696905118,0.00113784186239731,0.000435628979846452,0.000382427676411009,1.24302761092677e-06,2.45020430935016e-06,0,0,0,0,0,0,0,0
0,0,0,0,0,0,0,0,0,0,0,0,0,0,0,0,0,0,0,0,0,0,0,0,0,0,0,0,0,0,0,0,0,0,0,0,0,0,0,0,0,0,0,0,0,0,0,0,0,0,0,0,0,0,0,0,0,0,0,0,0,0,0,0,4.12023429382626e-07,6.40103756623677e-05,8.50267247887609e-05,0.000452482785563833,0.000471125059640958,0.000288248256931801,0.000409253208810732,0.000693588948257772,0.000222007180473781,0.000100709977244805,0.00108448509255071,0.000404433477765327,0.00033715212080021,0.000739354937816678,0.00055134772994854,0.000907281218148276,0.000508204933485601,0.000891750081175023,0.000167461423154323,0.000143407112835294,0.000856238024909061,0.000963004834966636,0.000965136405630441,0.000515908463130215,0.000282515279369757,0.000365921380807134,8.02691125385403e-05,0,0,0,0,0,0,0,0,0
0,0,0,0,0,0,0,0,0,0,0,0,0,0,0,0,0,0,0,0,0,0,0,0,0,0,0,0,0,0,0,0,0,0,0,0,0,0,0,0,0,0,0,0,0,0,0,0,0,0,0,0,0,0,0,0,0,0,0,0,0,0,0,0,0,3.83304497742746e-05,0.000718001401191036,0.000324652481644529,0.000566479938554457,0.000104416096445932,0.000162742936006123,0.000426149557382104,0.000266817283740063,0.000583270472553947,0.000780832963619235,0.000332717860479222,0.000847519373527494,0.00102379347118113,0.000604038090295269,0.000360852648233319,0.000434771314764556,0.000639945341781973,0.000845665478041942,0.000928730089049157,0.000516394838884905,0.000310872110230445,0.000909804326690734,0.00116895925333465,0.000569174079171988,0.000475308947168798,5.23019458306398e-05,0,0,0,0,0,0,0,0,0
0,0,0,0,0,0,0,0,0,0,0,0,0,0,0,0,0,0,0,0,0,0,0,0,0,0,0,0,0,0,0,0,0,0,0,0,0,0,0,0,0,0,0,0,0,0,0,0,0,0,0,0,0,0,0,0,0,0,0,0,0,0,0,0,0,6.85026577465532e-05,0.000252103282379256,0.000384739327226531,0.000741341900375562,7.05513857163278e-05,0.000357550791363092,0.000353957336384765,0.00021553990811086,0.000936116577383715,0.000303547140583484,0.000581442562580545,0.000467908058752977,0.000418075273137839,0.000711947683771148,0.000716170788498085,0.000537487656139065,0.000497674558783737,0.000678896389735774,0.000660402964222941,0.00108819661093931,0.00021601090435706,0.00135803541313459,0.00111076457565042,7.86527110898907e-05,9.09483520905036e-06,0,0,0,0,0,0,0,0,0,0
0,0,0,0,0,0,0,0,0,0,0,0,0,0,0,0,0,0,0,0,0,0,0,0,0,0,0,0,0,0,0,0,0,0,0,0,0,0,0,0,0,0,0,0,0,0,0,0,0,0,0,0,0,0,0,0,0,0,0,0,0,0,0,0,0,0,0,0.000387578187023005,0.000326524192592186,0,6.23096218464578e-05,0.000415743330448127,0.000327262318851244,0,7.01136216058975e-06,0.000148167867873346,0.000591158965931447,0.000605228691470577,0.000427086780592209,0.000970745003828298,0.000456016176951254,0.00042205098008748,0.000987524272441158,0.00112264299737909,0.000763401077641722,0.000497843044608546,0.000327741011611937,8.40326840603085e-05,1.48895018259496e-05,0.000250386114863465,0,0,0,0,0,0,0,0,0,0
0,0,0,0,0,0,0,0,0,0,0,0,0,0,0,0,0,0,0,0,0,0,0,0,0,0,0,0,0,0,0,0,0,0,0,0,0,0,0,0,0,0,0,0,0,0,0,0,0,0,0,0,0,0,0,0,0,0,0,0,0,0,0,0,0,0,0,0,4.22724212347624e-05,0.00032683833782442,0.000390538605682157,0.000428711539168503,0.000260112973615205,0.000128162790618218,0,4.48623638943022e-05,0.000979591426167713,0.000776361720495495,0.00041840822749294,0.000533971369217725,0.000622818474656477,0.000579093487560227,0.000568298997206641,0.000801411049621369,0.000120048185686424,0.000153009621215589,0,0,1.31747092986301e-05,0.000221549674011955,0,0,0,0,0,0,0,0,0,0
0,0,0,0,0,0,0,0,0,0,0,0,0,0,0,0,0,0,0,0,0,0,0,0,0,0,0,0,0,0,0,0,0,0,0,0,0,0,0,0,0,0,0,0,0,0,0,0,0,0,0,0,0,0,0,0,0,0,0,0,0,0,0,0,0,0,0,0,1.49900944157019e-05,0.000115899146525115,0.000190190519697782,0.000524562401115032,0.000216086138116465,0.000473566604971085,0.000244241286999952,0.000484678467227586,0.00065668717575454,0.000667095286233878,1.30943303416484e-05,0.000591100832068576,0.000162310167543913,0.000377406633544453,7.27591761041884e-05,0.000201570518646807,0,0,0,0,0,0,0,0,0,0,0,0,0,0,0,0
0,0,0,0,0,0,0,0,0,0,0,0,0,0,0,0,0,0,0,0,0,0,0,0,0,0,0,0,0,0,0,0,0,0,0,0,0,0,0,0,0,0,0,0,0,0,0,0,0,0,0,0,0,0,0,0,0,0,0,0,0,0,0,0,0,0,0,0,0,0,0,0,0,0,2.03295333822736e-05,6.13367976271519e-05,0.000101490128579572,0.000115446236789591,0.000362904872095064,9.40045675313541e-05,0.000335195727981304,0.000762990993128932,0.000591472621673859,9.97677895572965e-05,0,0,0,0,0,0,0,0,0,0,0,0,0,0,0,0
0,0,0,0,0,0,0,0,0,0,0,0,0,0,0,0,0,0,0,0,0,0,0,0,0,0,0,0,0,0,0,0,0,0,0,0,0,0,0,0,0,0,0,0,0,0,0,0,0,0,0,0,0,0,0,0,0,0,0,0,0,0,0,0,0,0,0,0,0,0,0,0,0,0,0,0.000201802830044792,0.000246798095856504,2.33878606286369e-06,0.000128132274154177,0.000266052352327104,0.000130652699555004,1.87400590180865e-05,5.85743559730419e-05,1.80588766357998e-05,0,0,0,0,0,0,0,0,0,0,0,0,0,0,0,0
0,0,0,0,0,0,0,0,0,0,0,0,0,0,0,0,0,0,0,0,0,0,0,0,0,0,0,0,0,0,0,0,0,0,0,0,0,0,0,0,0,0,0,0,0,0,0,0,0,0,0,0,0,0,0,0,0,0,0,0,0,0,0,0,0,0,0,0,0,0,0,0,0,0,0,2.31218395146217e-05,2.82772345840824e-05,0,0,0,0,0,0,0,0,0,0,0,0,0,0,0,0,0,0,0,0,0,0,0
0,0,0,0,0,0,0,0,0,0,0,0,0,0,0,0,0,0,0,0,0,0,0,0,0,0,0,0,0,0,0,0,0,0,0,0,0,0,0,0,0,0,0,0,0,0,0,0,0,0,0,0,0,0,0,0,0,0,0,0,0,0,0,0,0,0,0,0,0,0,0,0,0,0,0,0,0,0,2.77997604526082e-05,5.09234646597996e-06,0,0,0,0,0,0,0,0,0,0,0,0,0,0,0,0,0,0,0,0
0,0,0,0,0,0,0,0,0,0,0,0,0,0,0,0,0,0,0,0,0,0,0,0,0,0,0,0,0,0,0,0,0,0,0,0,0,0,0,0,0,0,0,0,0,0,0,0,0,0,0,0,0,0,0,0,0,0,0,0,0,0,0,0,0,0,0,0,0,0,0,0,0,0,0,0,0,0,0.000394790384371739,7.23175087096724e-05,0,0,0,0,0,0,0,0,0,0,0,0,0,0,0,0,0,0,0,0
0,0,0,0,0,0,0,0,0,0,0,0,0,0,0,0,0,0,0,0,0,0,0,0,0,0,0,0,0,0,0,0,0,0,0,0,0,0,0,0,0,0,0,0,0,0,0,0,0,0,0,0,0,0,0,0,0,0,0,0,0,0,0,0,0,0,0,0,0,0,0,0,0,0,0,0,0,0,0,0,0,0,0,0,0,0,0,0,0,0,0,0,0,0,0,0,0,0,0,0
0,0,0,0,0,0,0,0,0,0,0,0,0,0,0,0,0,0,0,0,0,0,0,0,0,0,0,0,0,0,0,0,0,0,0,0,0,0,0,0,0,0,0,0,0,0,0,0,0,0,0,0,0,0,0,0,0,0,0,0,0,0,0,0,0,0,0,0,0,0,0,0,0,0,0,0,0,0,0,0,0,0,0,0,0,0,0,0,0,0,0,0,0,0,0,0,0,0,0,0
0,0,0,0,0,0,0,0,0,0,0,0,0,0,0,0,0,0,0,0,0,0,0,0,0,0,0,0,0,0,0,0,0,0,0,0,0,0,0,0,0,0,0,0,0,0,0,0,0,0,0,0,0,0,0,0,0,0,0,0,0,0,0,0,0,0,0,0,0,0,0,0,0,0,0,0,0,0,0,0,0,0,0,0,0,0,0,0,0,0,0,0,0,0,0,0,0,0,0,0
0,0,0,0,0,0,0,0,0,0,0,0,0,0,0,0,0,0,0,0,0,0,0,0,0,0,0,0,0,0,0,0,0,0,0,0,0,0,0,0,0,0,0,0,0,0,0,0,0,0,0,0,0,0,0,0,0,0,0,0,0,0,0,0,0,0,0,0,0,0,0,0,0,0,0,0,0,0,0,0,0,0,0,0,0,0,0,0,0,0,0,0,0,0,0,0,0,0,0,0
0,0,0,0,0,0,0,0,0,0,0,0,0,0,0,0,0,0,0,0,0,0,0,0,0,0,0,0,0,0,0,0,0,0,0,0,0,0,0,0,0,0,0,0,0,0,0,0,0,0,0,0,0,0,0,0,0,0,0,0,0,0,0,0,0,0,0,0,0,0,0,0,0,0,0,0,0,0,0,0,0,0,0,0,0,0,0,0,0,0,0,0,0,0,0,0,0,0,0,0
0,0,0,0,0,0,0,0,0,0,0,0,0,0,0,0,0,0,0,0,0,0,0,0,0,0,0,0,0,0,0,0,0,0,0,0,0,0,0,0,0,0,0,0,0,0,0,0,0,0,0,0,0,0,0,0,0,0,0,0,0,0,0,0,0,0,0,0,0,0,0,0,0,0,0,0,0,0,0,0,0,0,0,0,0,0,0,0,0,0,0,0,0,0,0,0,0,0,0,0
0,0,0,0,0,0,0,0,0,0,0,0,0,0,0,0,0,0,0,0,0,0,0,0,0,0,0,0,0,0,0,0,0,0,0,0,0,0,0,0,0,0,0,0,0,0,0,0,0,0,0,0,0,0,0,0,0,0,0,0,0,0,0,0,0,0,0,0,0,0,0,0,0,0,0,0,0,0,0,0,0,0,0,0,0,0,0,0,0,0,0,0,0,0,0,0,0,0,0,0
0,0,0,0,0,0,0,0,0,0,0,0,0,0,0,0,0,0,0,0,0,0,0,0,0,0,0,0,0,0,0,0,0,0,0,0,0,0,0,0,0,0,0,0,0,0,0,0,0,0,0,0,0,0,0,0,0,0,0,0,0,0,0,0,0,0,0,0,0,0,0,0,0,0,0,0,0,0,0,0,0,0,0,0,0,0,0,0,0,0,0,0,0,0,0,0,0,0,0,0
0,0,0,0,0,0,0,0,0,0,0,0,0,0,0,0,0,0,0,0,0,0,0,0,0,0,0,0,0,0,0,0,0,0,0,0,0,0,0,0,0,0,0,0,0,0,0,0,0,0,0,0,0,0,0,0,0,0,0,0,0,0,0,0,0,0,0,0,0,0,0,0,0,0,0,0,0,0,0,0,0,0,0,0,0,0,0,0,0,0,0,0,0,0,0,0,0,0,0,0
0,0,0,0,0,0,0,0,0,0,0,0,0,0,0,0,0,0,0,0,0,0,0,0,0,0,0,0,0,0,0,0,0,0,0,0,0,0,0,0,0,0,0,0,0,0,0,0,0,0,0,0,0,0,0,0,0,0,0,0,0,0,0,0,0,0,0,0,0,0,0,0,0,0,0,0,0,0,0,0,0,0,0,0,0,0,0,0,0,0,0,0,0,0,0,0,0,0,0,0
0,0,0,0,0,0,0,0,0,0,0,0,0,0,0,0,0,0,0,0,0,0,0,0,0,0,0,0,0,0,0,0,0,0,0,0,0,0,0,0,0,0,0,0,0,0,0,0,0,0,0,0,0,0,0,0,0,0,0,0,0,0,0,0,0,0,0,0,0,0,0,0,0,0,0,0,0,0,0,0,0,0,0,0,0,0,0,0,0,0,0,0,0,0,0,0,0,0,0,0
0,0,0,0,0,0,0,0,0,0,0,0,0,0,0,0,0,0,0,0,0,0,0,0,0,0,0,0,0,0,0,0,0,0,0,0,0,0,0,0,0,0,0,0,0,0,0,0,0,0,0,0,0,0,0,0,0,0,0,0,0,0,0,0,0,0,0,0,0,0,0,0,0,0,0,0,0,0,0,0,0,0,0,0,0,0,0,0,0,0,0,0,0,0,0,0,0,0,0,0
0,0,0,0,0,0,0,0,0,0,0,0,0,0,0,0,0,0,0,0,0,0,0,0,0,0,0,0,0,0,0,0,0,0,0,0,0,0,0,0,0,0,0,0,0,0,0,0,0,0,0,0,0,0,0,0,0,0,0,0,0,0,0,0,0,0,0,0,0,0,0,0,0,0,0,0,0,0,0,0,0,0,0,0,0,0,0,0,0,0,0,0,0,0,0,0,0,0,0,0
0,0,0,0,0,0,0,0,0,0,0,0,0,0,0,0,0,0,0,0,0,0,0,0,0,0,0,0,0,0,0,0,0,0,0,0,0,0,0,0,0,0,0,0,0,0,0,0,0,0,0,0,0,0,0,0,0,0,0,0,0,0,0,0,0,0,0,0,0,0,0,0,0,0,0,0,0,0,0,0,0,0,0,0,0,0,0,0,0,0,0,0,0,0,0,0,0,0,0,0
0,0,0,0,0,0,0,0,0,0,0,0,0,0,0,0,0,0,0,0,0,0,0,0,0,0,0,0,0,0,0,0,0,0,0,0,0,0,0,0,0,0,0,0,0,0,0,0,0,0,0,0,0,0,0,0,0,0,0,0,0,0,0,0,0,0,0,0,0,0,0,0,0,0,0,0,0,0,0,0,0,0,0,0,0,0,0,0,0,0,0,0,0,0,0,0,0,0,0,0
0,0,0,0,0,0,0,0,0,0,0,0,0,0,0,0,0,0,0,0,0,0,0,0,0,0,0,0,0,0,0,0,0,0,0,0,0,0,0,0,0,0,0,0,0,0,0,0,0,0,0,0,0,0,0,0,0,0,0,0,0,0,0,0,0,0,0,0,0,0,0,0,0,0,0,0,0,0,0,0,0,0,0,0,0,0,0,0,0,0,0,0,0,0,0,0,0,0,0,0
0,0,0,0,0,0,0,0,0,0,0,0,0,0,0,0,0,0,0,0,0,0,0,0,0,0,0,0,0,0,0,0,0,0,0,0,0,0,0,0,0,0,0,0,0,0,0,0,0,0,0,0,0,0,0,0,0,0,0,0,0,0,0,0,0,0,0,0,0,0,0,0,0,0,0,0,0,0,0,0,0,0,0,0,0,0,0,0,0,0,0,0,0,0,0,0,0,0,0,0
0,0,0,0,0,0,0,0,0,0,0,0,0,0,0,0,0,0,0,0,0,0,0,0,0,0,0,0,0,0,0,0,0,0,0,0,0,0,0,0,0,0,0,0,0,0,0,0,0,0,0,0,0,0,0,0,0,0,0,0,0,0,0,0,0,0,0,0,0,0,0,0,0,0,0,0,0,0,0,0,0,0,0,0,0,0,0,0,0,0,0,0,0,0,0,0,0,0,0,0
0,0,0,0,0,0,0,0,0,0,0,0,0,0,0,0,0,0,0,0,0,0,0,0,0,0,0,0,0,0,0,0,0,0,0,0,0,0,0,0,0,0,0,0,0,0,0,0,0,0,0,0,0,0,0,0,0,0,0,0,0,0,0,0,0,0,0,0,0,0,0,0,0,0,0,0,0,0,0,0,0,0,0,0,0,0,0,0,0,0,0,0,0,0,0,0,0,0,0,0
0,0,0,0,0,0,0,0,0,0,0,0,0,0,0,0,0,0,0,0,0,0,0,0,0,0,0,0,0,0,0,0,0,0,0,0,0,0,0,0,0,0,0,0,0,0,0,0,0,0,0,0,0,0,0,0,0,0,0,0,0,0,0,0,0,0,0,0,0,0,0,0,0,0,0,0,0,0,0,0,0,0,0,0,0,0,0,0,0,0,0,0,0,0,0,0,0,0,0,0
0,0,0,0,0,0,0,0,0,0,0,0,0,0,0,0,0,0,0,0,0,0,0,0,0,0,0,0,0,0,0,0,0,0,0,0,0,0,0,0,0,0,0,0,0,0,0,0,0,0,0,0,0,0,0,0,0,0,0,0,0,0,0,0,0,0,0,0,0,0,0,0,0,0,0,0,0,0,0,0,0,0,0,0,0,0,0,0,0,0,0,0,0,0,0,0,0,0,0,0
0,0,0,0,0,0,0,0,0,0,0,0,0,0,0,0,0,0,0,0,0,0,0,0,0,0,0,0,0,0,0,0,0,0,0,0,0,0,0,0,0,0,0,0,0,0,0,0,0,0,0,0,0,0,0,0,0,0,0,0,0,0,0,0,0,0,0,0,0,0,0,0,0,0,0,0,0,0,0,0,0,0,0,0,0,0,0,0,0,0,0,0,0,0,0,0,0,0,0,0
0,0,0,0,0,0,0,0,0,0,0,0,0,0,0,0,0,0,0,0,0,0,0,0,0,0,0,0,0,0,0,0,0,0,0,0,0,0,0,0,0,0,0,0,0,0,0,0,0,0,0,0,0,0,0,0,0,0,0,0,0,0,0,0,0,0,0,0,0,0,0,0,0,0,0,0,0,0,0,0,0,0,0,0,0,0,0,0,0,0,0,0,0,0,0,0,0,0,0,0
0,0,0,0,0,0,0,0,0,0,0,0,0,0,0,0,0,0,0,0,0,0,0,0,0,0,0,0,0,0,0,0,0,0,0,0,0,0,0,0,0,0,0,0,0,0,0,0,0,0,0,0,0,0,0,0,0,0,0,0,0,0,0,0,0,0,0,0,0,0,0,0,0,0,0,0,0,0,0,0,0,0,0,0,0,0,0,0,0,0,0,0,0,0,0,0,0,0,0,0
0,0,0,0,0,0,0,0,0,0,0,0,0,0,0,0,0,0,0,0,0,0,0,0,0,0,0,0,0,0,0,0,0,0,0,0,0,0,0,0,0,0,0,0,0,0,0,0,0,0,0,0,0,0,0,0,0,0,0,0,0,0,0,0,0,0,0,0,0,0,0,0,0,0,0,0,0,0,0,0,0,0,0,0,0,0,0,0,0,0,0,0,0,0,0,0,0,0,0,0
