0,0,0,0,0,0,0,0,0,0,0,0,0,0,0,0,0,0,0,0,0,0,0,0,0,0,0,0,0,0,0,0,0,0,0,0,0,0,0,0,0,0,0,0,0,0,0,0,0,0,0,0,0,0,0,0,0,0,0,0,0,0,0,0,0,0,0,0,0,0,0,0,0,0,0,0,0,0,0,0,0,0,0,0,0,0,0,0,0,0,0,0,0,0,0,0,0,0,0,0
0,0,0,0,0,0,0,0,0,0,0,0,0,0,0,0,0,0,0,0,0,0,0,0,0,0,0,0,0,0,0,0,0,0,0,0,0,0,0,0,0,0,0,0,0,0,0,0,0,0,0,0,0,0,0,0,0,0,0,0,0,0,0,0,0,0,0,0,0,0,0,0,0,0,0,0,0,0,0,0,0,0,0,0,0,0,0,0,0,0,0,0,0,0,0,0,0,0,0,0
0,0,0,0,0,0,0,0,0,0,0,0,0,0,0,0,0,0,0,0,0,0,0,0,0,0,0,0,0,0,0,0,0,0,0,0,0,0,0,0,0,0,0,0,0,0,0,0,0,0,0,0,0,0,0,0,0,0,0,0,0,0,0,0,0,0,0,0,0,0,0,0,0,0,0,0,0,0,0,0,0,0,0,0,0,0,0,0,0,0,0,0,0,0,0,0,0,0,0,0
0,0,0,0,0,0,0,0,0,0,0,0,0,0,0,0,0,0,0,0,0,0,0,0,0,0,0,0,0,0,0,0,0,0,0,0,0,0,0,0,0,0,0,0,0,0,0,0,0,0,0,0,0,0,0,0,0,0,0,0,0,0,0,0,0,0,0,0,0,0,0,0,0,0,0,0,0,0,0,0,0,0,0,0,0,0,0,0,0,0,0,0,0,0,0,0,0,0,0,0
0,0,0,0,0,0,0,0,0,0,0,0,0,0,0,0,0,0,0,0,0,0,0,0,0,0,0,0,0,0,0,0,0,0,0,0,0,0,0,0,0,0,0,0,0,0,0,0,0,0,0,0,0,0,0,0,0,0,0,0,0,0,0,0,0,0,0,0,0,0,0,0,0,0,0,0,0,0,0,0,0,0,0,0,0,0,0,0,0,0,0,0,0,0,0,0,0,0,0,0
0,0,0,0,0,0,0,0,0,0,0,0,0,0,0,0,0,0,0,0,0,0,0,0,0,0,0,0,0,0,0,0,0,0,0,0,0,0,0,0,0,0,0,0,0,0,0,0,0,0,0,0,0,0,0,0,0,0,0,0,0,0,0,0,0,0,0,0,0,0,0,0,0,0,0,0,0,0,0,0,0,0,0,0,0,0,0,0,0,0,0,0,0,0,0,0,0,0,0,0
0,0,0,0,0,0,0,0,0,0,0,0,0,0,0,0,0,0,0,0,0,0,0,0,0,0,0,0,0,0,0,0,0,0,0,0,0,0,0,0,0,0,0,0,0,0,0,0,0,0,0,0,0,0,0,0,0,0,0,0,0,0,0,0,0,0,0,0,0,0,0,0,0,0,0,0,0,0,0,0,0,0,0,0,0,0,0,0,0,0,0,0,0,0,0,0,0,0,0,0
0,0,0,0,0,0,0,0,0,0,0,0,0,0,0,0,0,0,0,0,0,0,0,0,0,0,0,0,0,0,0,0,0,0,0,0,0,0,0,0,0,0,0,0,0,0,0,0,0,0,0,0,0,0,0,0,0,0,0,0,0,0,0,0,0,0,0,0,0,0,0,0,0,0,0,0,0,0,0,0,0,0,0,0,0,0,0,0,0,0,0,0,0,0,0,0,0,0,0,0
0,0,0,0,0,0,0,0,0,0,0,0,0,0,0,0,0,0,0,0,0,0,0,0,0,0,0,0,0,0,0,0,0,0,0,0,0,0,0,0,0,0,0,0,0,0,0,0,0,0,0,0,0,0,0,0,0,0,0,0,0,0,0,0,0,0,0,0,0,0,0,0,0,0,0,0,0,0,0,0,0,0,0,0,0,0,0,0,0,0,0,0,0,0,0,0,0,0,0,0
0,0,0,0,0,0,0,0,0,0,0,0,0,0,0,0,0,0,0,0,0,0,0,0,0,0,0,0,0,0,0,0,0,0,0,0,0,0,0,0,0,0,0,0,0,0,0,0,0,0,0,0,0,0,0,0,0,0,0,0,0,0,0,0,0,0,0,0,0,0,0,0,0,0,0,0,0,0,0,0,0,0,0,0,0,0,0,0,0,0,0,0,0,0,0,0,0,0,0,0
0,0,0,0,0,0,0,0,0,0,0,0,0,0,0,0,0,0,0,0,0,0,0,0,0,0,0,0,0,0,0,0,0,0,0,0,0,0,0,0,0,0,0,0,0,0,0,0,0,0,0,0,0,0,0,0,0,0,0,0,0,0,0,0,0,0,0,0,0,0,0,0,0,0,0,0,0,0,0,0,0,0,0,0,0,0,0,0,0,0,0,0,0,0,0,0,0,0,0,0
0,0,0,0,0,0,0,0,0,0,0,0,0,0,0,0,0,0,0,0,0,0,0,0,0,0,0,0,0,0,0,0,0,0,0,0,0,0,0,0,0,0,0,0,0,0,0,0,0,0,0,0,0,0,0,0,0,0,0,0,0,0,0,0,0,0,0,0,0,0,0,0,0,0,0,0,0,0,0,0,0,0,0,0,0,0,0,0,0,0,0,0,0,0,0,0,0,0,0,0
0,0,0,0,0,0,0,0,0,0,0,0,0,0,0,0,0,0,0,0,0,0,0,0,0,0,0,0,0,0,0,0,0,0,0,0,0,0,0,0,0,0,0,0,0,0,0,0,0,0,0,0,0,0,0,0,0,0,0,0,0,0,0,0,0,0,0,0,0,0,0,0,0,0,0,0,0,0,0,0,0,0,0,0,0,0,0,0,0,0,0,0,0,0,0,0,0,0,0,0
0,0,0,0,0,0,0,0,0,0,0,0,0,0,0,0,0,0,0,0,0,0,0,0,0,0,0,0,0,0,0,0,0,0,0,0,0,0,0,0,0,0,0,0,0,0,0,0,0,0,0,0,0,0,0,0,0,0,0,0,0,0,0,0,0,0,0,0,0,0,0,0,0,0,0,0,0,0,0,0,0,0,0,0,0,0,0,0,0,0,0,0,0,0,0,0,0,0,0,0
0,0,0,0,0,0,0,0,0,0,0,0,0,0,0,0,0,0,0,0,0,0,0,0,0,0,0,0,0,0,0,0,0,0,0,0,0,0,0,0,0,0,0,0,0,0,0,0,0,0,0,0,0,0,0,0,0,0,0,0,0,0,0,0,0,0,0,0,0,0,0,0,0,0,0,0,0,0,0,0,0,0,0,0,0,0,0,0,0,0,0,0,0,0,0,0,0,0,0,0
0,0,0,0,0,0,0,0,0,0,0,0,0,0,0,0,0,0,0,0,0,0,0,0,0,0,0,0,0,0,0,0,0,0,0,0,0,0,0,0,0,0,0,0,0,0,0,0,0,0,0,0,0,0,0,0,0,0,0,0,0,0,0,0,0,0,0,0,0,0,0,0,0,0,0,0,0,0,0,0,0,0,0,0,0,0,0,0,0,0,0,0,0,0,0,0,0,0,0,0
0,0,0,0,0,0,0,0,0,0,0,0,0,0,0,0,0,0,0,0,0,0,0,0,0,0,0,0,0,0,0,0,0,0,0,0,0,0,0,0,0,0,0,0,0,0,0,0,0,0,0,0,0,0,0,0,0,0,0,0,0,0,0,0,0,0,0,0,0,0,0,0,0,0,0,0,0,0,0,0,0,0,0,0,0,0,0,0,0,0,0,0,0,0,0,0,0,0,0,0
0,0,0,0,0,0,0,0,0,0,0,0,0,0,0,0,0,0,0,0,0,0,0,0,0,0,0,0,0,0,0,0,0,0,0,0,0,0,0,0,0,0,0,0,0,0,0,0,0,0,0,0,0,0,0,0,0,0,0,0,0,0,0,0,0,0,0,0,0,0,0,0,0,0,0,0,0,0,0,0,0,0,0,0,0,0,0,0,0,0,0,0,0,0,0,0,0,0,0,0
0,0,0,0,0,0,0,0,0,0,0,0,0,0,0,0,0,0,0,0,0,0,0,0,0,0,0,0,0,0,0,0,0,0,0,0,0,0,0,0,0,0,0,0,0,0,0,0,0,0,0,0,0,0,0,0,0,0,0,0,0,0,0,0,0,0,0,0,0,0,0,0,0,0,0,0,0,0,0,0,0,0,0,0,0,0,0,0,0,0,0,0,0,0,0,0,0,0,0,0
0,0,0,0,0,0,0,0,0,0,0,0,0,0,0,0,0,0,0,0,0,0,0,0,0,0,0,0,0,0,0,0,0,0,0,0,0,0,0,0,0,0,0,0,0,0,0,0,0,0,0,0,0,0,0,0,0,0,0,0,0,0,0,0,0,0,0,0,0,0,0,0,0,0,0,0,0,0,0,0,0,0,0,0,0,0,0,0,0,0,0,0,0,0,0,0,0,0,0,0
0,0,0,0,0,0,0,0,0,0,0,0,0,0,0,0,0,0,0,0,0,0,0,0,0,0,0,0,0,0,0,0,0,0,0,0,0,0,0,0,0,0,0,0,0,0,0,0,0,0,0,0,0,0,0,0,0,0,0,0,0,0,0,0,0,0,0,0,0,0,0,0,0,0,0,0,0,0,0,0,0,0,0,0,0,0,0,0,0,0,0,0,0,0,0,0,0,0,0,0
0,0,0,0,0,0,0,0,0,0,0,0,0,0,0,0,0,0,0,0,0,0,0,0,0,0,0,0,0,0,0,0,0,0,0,0,0,0,0,0,0,0,0,0,0,0,0,0,0,0,0,0,0,0,0,0,0,0,0,0,0,0,0,0,0,0,0,0,0,0,0,0,0,0,0,0,0,0,0,0,0,0,0,0,0,0,0,0,0,0,0,0,0,0,0,0,0,0,0,0
0,0,0,0,0,0,0,0,0,0,0,0,0,0,0,0,0,0,0,0,0,0,0,0,0,0,0,0,0,0,0,0,0,0,0,0,0,0,0,0,0,0,0,0,0,0,0,0,0,0,0,0,0,0,0,0,0,0,0,0,0,0,0,0,0,0,0,0,0,0,0,0,0,0,0,0,0,0,0,0,0,0,0,0,0,0,0,0,0,0,0,0,0,0,0,0,0,0,0,0
0,0,0,0,0,0,0,0,0,0,0,0,0,0,0,0,0,0,0,0,0,0,0,0,0,0,0,0,0,0,0,0,0,0,0,0,0,0,0,0,0,0,0,0,0,0,0,0,0,0,0,0,0,0,0,0,0,0,0,0,0,0,0,0,0,0,0,0,0,0,0,0,0,0,0,0,0,0,0,0,0,0,0,0,0,0,0,0,0,0,0,0,0,0,0,0,0,0,0,0
0,0,0,0,0,0,0,0,0,0,0,0,0,0,0,0,0,0,0,0,0,0,0,0,0,0,0,0,0,0,0,0,0,0,0,0,0,0,0,0,0,0,0,0,0,0,0,0,0,0,0,0,0,0,0,0,0,0,0,0,0,0,0,0,0,0,0,0,0,0,0,0,0,0,0,0,0,0,0,0,0,0,0,0,0,0,0,0,0,0,0,0,0,0,0,0,0,0,0,0
0,0,0,0,0,0,0,0,0,0,0,0,0,0,0,0,0,0,0,0,0,0,0,0,0,0,0,0,0,0,0,0,0,0,0,0,0,0,0,0,0,0,0,0,0,0,0,0,0,0,0,0,0,0,0,0,0,0,0,0,0,0,0,0,0,0,0,0,0,0,0,0,0,0,0,0,0,0,0,0,0,0,0,0,0,0,0,0,0,0,0,0,0,0,0,0,0,0,0,0
0,0,0,0,0,0,0,0,0,0,0,0,0,0,0,0,0,0,0,0,0,0,0,0,0,0,0,0,0,0,0,0,0,0,0,0,0,0,0,0,0,0,0,0,0,0,0,0,0,0,0,0,0,0,0,0,0,0,0,0,0,0,0,0,0,0,0,0,0,0,0,0,0,0,0,0,0,0,0,0,0,0,0,0,0,0,0,0,0,0,0,0,0,0,0,0,0,0,0,0
0,0,0,0,0,0,0,0,0,0,0,0,0,0,0,0,0,0,0,0,0,0,0,0,0,0,0,0,0,0,0,0,0,0,0,0,0,0,0,0,0,0,0,0,0,0,0,0,0,0,0,0,0,0,0,0,0,0,0,0,0,0,0,0,0,0,0,0,0,0,0,0,0,0,0,0,0,0,0,0,0,0,0,0,0,0,0,0,0,0,0,0,0,0,0,0,0,0,0,0
0,0,0,0,0,0,0,0,0,0,0,0,0,0,0,0,0,0,0,0,0,0,0,0,0,0,0,0,0,0,0,0,0,0,0,0,0,0,0,0,0,0,0,0,0,0,0,0,0,0,0,0,0,0,0,0,0,0,0,0,0,0,0,0,0,0,0,0,0,0,0,0,0,0,0,0,0,0,0,0,0,0,0,0,0,0,0,0,0,0,0,0,0,0,0,0,0,0,0,0
0,0,0,0,0,0,0,0,0,0,0,0,0,0,0,0,0,0,0,0,0,0,0,0,0,0,0,0,0,0,0,0,0,0,0,0,0,0,0,0,0,0,0,0,0,0,0,0,0,0,0,0,0,0,0,0,0,0,0,0,0,0,0,0,0,0,0,0,0,0,0,0,0,0,0,0,0,0,0,0,0,0,0,0,0,0,0,0,0,0,0,0,0,0,0,0,0,0,0,0
0,0,0,0,0,0,0,0,0,0,0,0,0,0,0,0,0,0,0,0,0,0,0,0,0,0,0,0,0,0,0,0,0,0,0,0,0,0,0,0,0,0,0,0,0,0,0,0,0,0,0,0,0,0,0,0,0,0,0,0,0,0,0,0,0,0,0,0,0,0,0,0,0,0,0,0,0,0,0,0,0,0,0,0,0,0,0,0,0,0,0,0,0,0,0,0,0,0,0,0
0,0,0,0,0,0,0,0,0,0,0,0,0,0,0,0,0,0,0,0,0,0,0,0,0,0,0,0,0,0,0,0,0,0,0,0,0,0,0,0,0,0,0,0,0,0,0,0,0,0,0,0,0,0,0,0,0,0,0,0,0,0,0,0,0,0,0,0,0,0,0,0,0,0,0,0,0,0,0,0,0,0,0,0,0,0,0,0,0,0,0,0,0,0,0,0,0,0,0,0
0,0,0,0,0,0,0,0,0,0,0,0,0,0,0,0,0,0,0,0,0,0,0,0,0,0,0,0,0,0,0,0,0,0,0,0,0,0,0,0,0,0,0,0,0,0,0,0,0,0,0,0,0,0,0,0,0,0,0,0,0,0,0,0,0,0,0,0,0,0,0,0,0,0,0,0,0,0,0,0,0,0,0,0,0,0,0,0,0,0,0,0,0,0,0,0,0,0,0,0
0,0,0,0,0,0,0,0,0,0,0,0,0,0,0,0,0,0,0,0,0,0,0,0,0,0,0,0,0,0,0,0,0,0,0,0,0,0,0,0,0,0,0,0,0,0,0,0,0,0,0,0,0,0,0,0,0,0,0,0,0,0,0,0,0,0,0,0,0,0,0,0,0,0,0,0,0,0,0,0,0,0,0,0,0,0,0,0,0,0,0,0,0,0,0,0,0,0,0,0
0,0,0,0,0,0,0,0,0,0,0,0,0,0,0,0,0,0,0,0,0,0,0,0,0,0,0,0,0,0,0,0,0,0,0,0,0,0,0,0,0,0,0,0,0,0,0,0,0,0,0,0,0,0,0,0,0,0,0,0,0,0,0,0,0,0,0,0,0,0,0,0,0,0,0,0,0,0,0,0,0,0,0,0,0,0,0,0,0,0,0,0,0,0,0,0,0,0,0,0
0,0,0,0,0,0,0,0,0,0,0,0,0,0,0,0,0,0,0,0,0,0,0,0,0,0,0,0,0,0,0,0,0,0,0,0,0,0,0,0,0,0,0,0,0,0,0,0,0,0,0,0,0,0,0,0,0,0,0,0,0,0,0,0,0,0,0,0,0,0,0,0,0,0,0,0,0,0,0,0,0,0,0,0,0,0,0,0,0,0,0,0,0,0,0,0,0,0,0,0
0,0,0,0,0,0,0,0,0,0,0,0,0,0,0,0,0,0,0,0,0,0,0,0,0,0,0,0,0,0,0,0,0,0,0,0,0,0,0,0,0,0,0,0,0,0,0,0,0,0,0,0,0,0,0,0,0,0,0,0,0,0,0,0,0,0,0,0,0,0,0,0,0,0,0,0,0,0,0,0,0,0,0,0,0,0,0,0,0,0,0,0,0,0,0,0,0,0,0,0
0,0,0,0,0,0,0,0,0,0,0,0,0,0,0,0,0,0,0,0,0,0,0,0,0,0,0,0,0,0,0,0,0,0,0,0,0,0,0,0,0,0,0,0,0,0,0,0,0,0,0,0,0,0,0,0,0,0,0,0,0,0,0,0,0,0,0,0,0,0,0,0,0,0,0,0,0,0,0,0,0,0,0,0,0,0,0,0,0,0,0,0,0,0,0,0,0,0,0,0
0,0,0,0,0,0,0,0,0,0,0,0,0,0,0,0,0,0,0,0,0,0,0,0,0,0,0,0,0,0,0,0,0,0,0,0,0,0,0,0,0,0,0,0,0,0,0,0,0,0,0,0,0,0,0,0,0,0,0,0,0,0,0,0,0,0,0,0,0,0,0,0,0,0,0,0,0,0,0,0,0,0,0,0,0,0,0,0,0,0,0,0,0,0,0,0,0,0,0,0
0,0,0,0,0,0,0,0,0,0,0,0,0,0,0,0,0,0,0,0,0,0,0,0,0,0,0,0,0,0,0,0,0,0,0,0,0,0,0,0,0,0,0,0,0,0,0,0,4.84228906656077e-05,0.000169916568352663,0,0,0,0,0,0,0,0,0,0,0,0,0,0,0,0,0,0,0,0,0,0,0,0,0,0,0,0,0,0,0,0,0,0,0,0,0,0,0,0,0,0,0,0,0,0,0,0,0,0
0,0,0,0,0,0,0,0,0,0,0,0,0,0,0,0,0,0,0,0,0,0,0,0,0,0,0,0,0,0,0,0,0,0,0,0,0,0,0,0,0,0,0,0,0,1.28130528545249e-05,6.69605848252109e-05,0.000221127834711879,9.87350233121675e-05,0.000295875572556144,3.83664076372663e-05,0.000126147672891667,0.000747050615307035,0.000233827683332602,0,0,0,0,0,0,0,0,0,0,0,0,0,0,0,0,0,0,0,0,0,0,0,0,0,0,0,0,0,0,0,0,0,0,0,0,0,0,0,0,0,0,0,0,0,0
0,0,0,0,0,0,0,0,0,0,0,0,0,0,0,0,0,0,0,0,0,0,0,0,0,0,0,0,0,0,0,0,0,0,0,0,0,0,0,0,0,0,0,0,0.000467070482286121,0.000444751378299402,0.00057387540163347,0.00141849532813893,0.00133843620859035,0.00126759244727238,0.00125574264254872,0.000449032666866686,0.000625051764240468,0.000541353921954742,0,0,0,0,0,0,0,0,0,0,0,0,0,0,0,0,0,0,0,0,0,0,0,0,0,0,0,0,0,0,0,0,0,0,0,0,0,0,0,0,0,0,0,0,0,0
0,0,0,0,0,0,0,0,0,0,0,0,0,0,0,0,0,0,0,0,0,0,0,0,0,0,0,0,0,0,0,0,0,0,0,0,0,0,0,0,0,0,0,0.000119428320784014,0.000375259770022173,0.00070337129028684,0.00107184990963114,0.00151249624380706,0.00214099022162053,0.00190583668219393,0.00117114659245401,0.00133009877806244,0.00204862329741383,0.00190513045225848,0.00069968837901707,5.43225077219235e-05,4.89509917650897e-05,0,0.000104389856014441,0.000216997870611122,0,0,0,0,0,0,0,0,0,0,0,0,0,0,0,0,0,0,0,0,0,0,0,0,0,0,0,0,0,0,0,0,0,0,0,0,0,0,0,0
0,0,0,0,0,0,0,0,0,0,0,0,0,0,0,0,0,0,0,0,0,0,0,0,0,0,0,0,0,0,0,0,0,0,0,0,0,0,0,0,0,0.000234664471520621,0.000182022753667375,0.000595022708585538,0.00127749332159099,0.00165113179461747,0.00213390957708176,0.00390812126300967,0.00389060576667513,0.0036093902000477,0.00318623516212758,0.002776756801635,0.00313604886281426,0.00230917961657897,0.00299161374843096,0.00108346999046341,0.00084068781160567,5.79216160552958e-05,5.8015001679552e-05,0.000167567661923789,0.000143842824946453,0,0,0,0,0,0,0,0,0,0,0,0,0,0,0,0,0,0,0,0,0,0,0,0,0,0,0,0,0,0,0,0,0,0,0,0,0,0,0
0,0,0,0,0,0,0,0,0,0,0,0,0,0,0,0,0,0,0,0,0,0,0,0,0,0,0,0,0,0,0,0,0,0,0,0,0,0,0,0,0,0.000391505990297403,0.00100116632853078,0.000558758503361836,0.00103269125425785,0.00261472168506768,0.00309282361577598,0.00551740770602062,0.00450307318174907,0.00492125269118791,0.00450055617832319,0.00512885608143554,0.00749560056807537,0.00412648304194027,0.00355753653909775,0.00180484013836476,0.00111525806595372,0.000332184911714721,0,7.61091097568239e-05,0.000233077675067819,0,0,0,0,0,0,0,0,0,0,0,0,0,0,0,0,0,0,0,0,0,0,0,0,0,0,0,0,0,0,0,0,0,0,0,0,0,0,0
0,0,0,0,0,0,0,0,0,0,0,0,0,0,0,0,0,0,0,0,0,0,0,0,0,0,0,0,0,0,0,0,0,0,0,0,0,0,0,0,0.000105653793434705,0.000969548337743081,0.00159857808278894,0.00141388243478696,0.00313532297371834,0.00562979539687169,0.00458090930532077,0.00713200659258471,0.00830042331645569,0.00682130470326832,0.00559016837175961,0.00525426228837332,0.00730168651969763,0.00627512976977505,0.00369783152127169,0.00336404324261686,0.001577807231081,0.000946480656601127,0.000244224388808481,0,0,0,0,0,0,0,0,0,0,0,0,0,0,0,0,0,0,0,0,0,0,0,0,0,0,0,0,0,0,0,0,0,0,0,0,0,0,0,0,0
0,0,0,0,0,0,0,0,0,0,0,0,0,0,0,0,0,0,0,0,0,0,0,0,0,0,0,0,0,0,0,0,0,0,0,0,0,0,0,4.51178279427821e-05,0.000418342274932561,0.00141634106908841,0.00351323899838993,0.0042243438853013,0.00579743691850425,0.00528404701479672,0.0051160226716322,0.00511483514093699,0.00677475916351294,0.00519789263594778,0.00673209790318413,0.00471060010194739,0.00666623112184365,0.00562570764520641,0.00391493881041038,0.00543498098563784,0.00183392450100353,0.0010724750091652,0.00103910496485771,8.5790774105443e-05,0.000213604366398386,0.000173187550342577,0,0,0,0,0,0,0,0,0,0,0,0,0,0,0,0,0,0,0,0,0,0,0,0,0,0,0,0,0,0,0,0,0,0,0,0,0,0
0,0,0,0,0,0,0,0,0,0,0,0,0,0,0,0,0,0,0,0,0,0,0,0,0,0,0,0,0,0,0,0,0,0,0,0,0,0,0.000157820325570642,0.00101868358223758,0.00147098236257742,0.00221310013420486,0.00376607341011654,0.00357401908098674,0.00381297076782607,0.00514538201037895,0.00349580058959174,0.00443380595884122,0.00366227303836411,0.00363492381212421,0.00377463743281186,0.00752820133186976,0.00495144805043042,0.00287446912215157,0.00402383629779316,0.00511842400696608,0.00315729974557642,0.00317022251384908,0.00182311984471575,0.00114635656624208,0.000738713781442686,0.0003507200622235,0,0,0,0,0,0,0,0,0,0,0,0,0,0,0,0,0,0,0,0,0,0,0,0,0,0,0,0,0,0,0,0,0,0,0,0,0,0
0,0,0,0,0,0,0,0,0,0,0,0,0,0,0,0,0,0,0,0,0,0,0,0,0,0,0,0,0,0,0,0,0,0,0,0,0.000151819190239542,0.000195267564295265,0.000187028188334773,0.00162685503423493,0.00166874186781643,0.00355873616154406,0.00403338989002993,0.00337285161253794,0.00395838510675844,0.0049867723601123,0.00390419596535495,0.00399323250890535,0.00467945375177674,0.00362059516285974,0.00307812466096791,0.00400694923073076,0.00437159134762503,0.00254699125420274,0.00425127089119697,0.0044146385554601,0.00414013026683772,0.00286798972086609,0.00140018868519558,0.00161655877685143,0.000756100375683032,0.000180607208358619,0,0,0,0,0,0,0,0,0,0,0,0,0,0,0,0,0,0,0,0,0,0,0,0,0,0,0,0,0,0,0,0,0,0,0,0,0,0
0,0,0,0,0,0,0,0,0,0,0,0,0,0,0,0,0,0,0,0,0,0,0,0,0,0,0,0,0,0,0,0,0,0,0,0,0.000139910142515781,0.000303437151845657,0.000682718438833026,0.00174689284356391,0.00122653029749354,0.00179793861454781,0.00233255671385371,0.0032498462170528,0.00346557644802649,0.00224133836653303,0.00282216972552274,0.0026801004426281,0.00364823052390545,0.00433280556264819,0.00348374225821428,0.00321962244640107,0.00256965661121026,0.00207252185184557,0.00263956104247106,0.00308192654033814,0.00495053449131915,0.00237872033483498,0.00235596397453576,0.00189715550228857,0.00110802098588285,0.00102753098585037,6.73665630617678e-05,0,0,0,0,0,0,0,0,0,0,0,0,0,0,0,0,0,0,0,0,0,0,0,0,0,0,0,0,0,0,0,0,0,0,0,0,0
0,0,0,0,0,0,0,0,0,0,0,0,0,0,0,0,0,0,0,0,0,0,0,0,0,0,0,0,0,0,0,0,0,0,0,0,0.000178967235093067,0.000497851712116378,0.00127192978167305,0.00113540515268155,0.00211604778875307,0.00272051237167766,0.00219445976075844,0.00257490238452485,0.00457689577789649,0.00313627378940837,0.00178100643038893,0.00267116113497095,0.00342766732456054,0.00307134535986276,0.00267126214007506,0.00144103647139453,0.00170207243983129,0.00212309997187649,0.00269934773676833,0.00209967464970192,0.00261286507204242,0.00250758360170986,0.00265673453477624,0.00168737961543828,0.00176511345664562,0.000750987544369022,0.000479781756028698,0,0,0,0,0,0,0,0,0,0,0,0,0,0,0,0,0,0,0,0,0,0,0,0,0,0,0,0,0,0,0,0,0,0,0,0,0
0,0,0,0,0,0,0,0,0,0,0,0,0,0,0,0,0,0,0,0,0,0,0,0,0,0,0,0,0,0,0,0,0,0,0,0.000168059695191419,0.000450068666283198,0.000283592532026491,0.000963657108435828,0.00226113651643737,0.0019231389062044,0.00164920514673914,0.00169352491885209,0.0020450235324241,0.00296221716420871,0.00140569197843539,0.000889874375816748,0.00233474219169603,0.0021158298174844,0.00185748107963647,0.000982156640917759,0.000547824457557793,0.00172769055223969,0.00109550875315774,0.00120277136156411,0.00100622851250608,0.00126696265543933,0.00238682863892787,0.00257166607239133,0.00234600005296733,0.00241006141807773,0.00164957813755579,0.000324831315156981,0,0,0,0,0,0,0,0,0,0,0,0,0,0,0,0,0,0,0,0,0,0,0,0,0,0,0,0,0,0,0,0,0,0,0,0,0
0,0,0,0,0,0,0,0,0,0,0,0,0,0,0,0,0,0,0,0,0,0,0,0,0,0,0,0,0,0,0,0,0,0,0,1.92784224437418e-05,3.21751276588763e-05,0.000309398190085984,0.000668664620152722,0.00163374163635065,0.00119958473306051,0.00185129739565151,0.00217182598209599,0.00137280633791293,0.00156617251447241,0.00114317145764925,0.00106271750095865,0.00103851527214334,0.00074823012842091,0.000749071861447916,0.00039050397570334,0.00106473981169513,0.000966761449895802,0.00160052587151706,0.000880114297698955,0.00117555948937321,0.000776090874782134,0.00202215540528718,0.00247708827848157,0.00252422619518793,0.00246116874874904,0.00227302606348755,0.0013612397241104,1.91314914134311e-05,0,0,0,0,0,0,0,0,0,0,0,0,0,0,0,0,0,0,0,0,0,0,0,0,0,0,0,0,0,0,0,0,0,0,0,0
0,0,0,0,0,0,0,0,0,0,0,0,0,0,0,0,0,0,0,0,0,0,0,0,0,0,0,0,0,0,0,0,0,0,0,0,0,0.00056238533567246,0.00076546127360603,0.00159368097340741,0.00234074029086392,0.0014481508501944,0.00129494570119013,0.00099644567318875,0.000776964616325363,0.000313581787369139,0.00145991200265339,0.000651141419493414,0.000275225048970231,0.000390446319411544,0.00132919702383836,0.00128871400775748,0.000419259426579219,0.00141219700496339,0.000849006845323956,0.00123622591352474,0.000934263636872466,0.0023993833928555,0.00186045583979993,0.00124899582977432,0.00104590422508669,0.00037951124791041,0.000864567450470872,0.000249349559699404,0,0,0,0,0,0,0,0,0,0,0,0,0,0,0,0,0,0,0,0,0,0,0,0,0,0,0,0,0,0,0,0,0,0,0,0
0,0,0,0,0,0,0,0,0,0,0,0,0,0,0,0,0,0,0,0,0,0,0,0,0,0,0,0,0,0,0,0,0,0,0,0.000266309437923771,0.000325778116243962,0.00122342484463228,0.0016499928960569,0.00202708574018633,0.00184107516522355,0.00151008921668053,0.00061640595146612,0.00126415599684535,0.00169544819672721,0.000253674583995209,0.000760692928166387,0.000115922782708444,0.00039392336218458,0.000509172468637824,0.0014803093439846,0.000948013697412088,0.00128522392023324,0.000777850071903223,0.000757189863212562,0.000776060020795279,0.000925410118036523,0.0017822551976124,0.0017934728910305,0.00100828601542795,0.000454283386030053,0.00122879503932677,0.00108874360845246,0.000378563259575189,5.50282776570771e-05,6.00051379463718e-05,0,0,0,0,0,0,0,0,0,0,0,0,0,0,0,0,0,0,0,0,0,0,0,0,0,0,0,0,0,0,0,0,0,0
0,0,0,0,0,0,0,0,0,0,0,0,0,0,0,0,0,0,0,0,0,0,0,0,0,0,0,0,0,0,0,0,0,0,0,0.00055623074142791,0.00116642408044385,0.00137796085832846,0.00128945055535508,0.0014117805493579,0.00151378114045489,0.00126872664065209,0.00048665921243399,0.000979098179002261,0.00125179721131102,0.000463875836506673,0.00148305121008291,0.00125517083545499,0.000707009581273079,0.0002523914154798,0.000527478190355803,0.000821530238292361,0.000766210918826889,0.000400805907429503,0.000899722436047709,0.000865226171522161,0.00114060089093683,0.00113646593410285,0.00107489937140999,0.00174852555946036,0.00143786179747209,0.00175516208617824,0.00191939215545377,0.000307803373239418,0.00018415560368908,0.000200810980707471,0,0,0,0,0,0,0,0,0,0,0,0,0,0,0,0,0,0,0,0,0,0,0,0,0,0,0,0,0,0,0,0,0,0
0,0,0,0,0,0,0,0,0,0,0,0,0,0,0,0,0,0,0,0,0,0,0,0,0,0,0,0,0,0,0,0,0,0,0,0.000613631232787915,0.000874011433777639,0.00117595913669751,0.00111615723808098,0.00121549678445625,0.00120943580757338,0.00130488525489056,0.000220394727569781,0.00102182235754158,0.000884437336831925,0.00020545919332784,0.000559851760795831,0.000798188562081886,0.00134290212223132,0.000199024762398575,0.0005754894195447,0.00108720325258202,0.00176424441205828,4.54200562109293e-05,0.000587952753650965,0.00092389643018093,0.00127086763403318,0.000492133558145376,0.000409900013760711,0.000806875813259337,0.00148654176593003,0.000869542040140897,0.0010673687168465,0.00019548145915533,0,0,0,0,0,0,0,0,0,0,0,0,0,0,0,0,0,0,0,0,0,0,0,0,0,0,0,0,0,0,0,0,0,0,0,0
0,0,0,0,0,0,0,0,0,0,0,0,0,0,0,0,0,0,0,0,0,0,0,0,0,0,0,0,0,0,0,0,0,0,0,0.000354812204493536,0.000252965614298082,0.00110000613388218,0.000930157821824445,0.00128752940733346,0.00164213630274674,0.00138926132845335,0.000873986395808971,0.000955447317045885,0.000547720494005057,0.000472079065698221,0.000468754456501362,0.00025580940564678,0.000379489542709593,0.000189258469324995,0.000280415269755204,0.000578498058645394,0.000807693656490531,0,0.000353119301455631,0.000656543765411486,0.000817276255513282,0.000663010908562242,0.000949201556734939,0.00108688155091475,0.00145183083475586,0.000717468736488862,0.00113290508185128,0.000560817378424979,0,0,0,0,0,0,0,0,0,0,0,0,0,0,0,0,0,0,0,0,0,0,0,0,0,0,0,0,0,0,0,0,0,0,0,0
0,0,0,0,0,0,0,0,0,0,0,0,0,0,0,0,0,0,0,0,0,0,0,0,0,0,0,0,0,0,0,0,0,0,0,0.000135833252219656,0.000369522032147247,0.00141525425190148,0.00157483223762933,0.00103648020330911,0.0012783509555432,0.0010106581330324,0.000997840897030293,0.000759130193153117,0.000142737874568289,0.000106265281396657,0.000116284001413128,0.000947296166609642,0.000438126503697589,0.000215603380166893,0.000594922818710972,0.000597155315917649,0.00050808301664679,0.000167410470842183,8.87142253470101e-05,0.000439281107828629,0.000604337231268082,0.0011858152394218,0.00169128698644677,0.000781931843012412,0.000897507703290646,0.00101521687992479,0.00126648935805123,0.000855649267259178,0,0,0,0,0,0,0,0,0,0,0,0,0,0,0,0,0,0,0,0,0,0,0,0,0,0,0,0,0,0,0,0,0,0,0,0
0,0,0,0,0,0,0,0,0,0,0,0,0,0,0,0,0,0,0,0,0,0,0,0,0,0,0,0,0,0,0,0,0,0,0,0,0.000328300343378229,0.00161375109519745,0.00102193339127787,0.00109623896801175,0.00131418064026121,0.000585266730945896,0.000831189085714031,0.000889052368746956,0.000160354844985527,0.000361950853244876,1.23285902044446e-05,0.000156489412061891,0.00156570429230392,0.00085865404841647,0.000655009364931826,0.000199526272801611,0.000449264348557099,0.000729185390350089,0.000720632449833145,0.000667269146214984,5.79025611132011e-05,0.000322773916993068,0.00119139960352909,0.0017406375983143,0.000918391621464634,0.000605547953931543,0.000561823934544928,0.000713960728065463,4.39033260912733e-05,0,0.000163893035664317,6.35624972774798e-05,0,0,0,0,0,0,0,0,0,0,0,0,0,0,0,0,0,0,0,0,0,0,0,0,0,0,0,0,0,0,0,0
0,0,0,0,0,0,0,0,0,0,0,0,0,0,0,0,0,0,0,0,0,0,0,0,0,0,0,0,0,0,0,0,0,0,0,0.000650741060355663,9.08038935411343e-05,0.00118075017137364,0.000657387002241789,0.000561373339077894,0.000700694482934423,0.000725916697953921,0.000805810444745986,0.000450843126490053,0.000459651190780155,0.000389037875659852,0.000319957487455818,0.000536777790630013,0.000527148636602412,0.000234448103148026,0.000404779484435136,0.000365805876494976,0.00114369468820398,0.000378286481888476,0.000519434196896587,0.000987636121113431,0.000428098490409756,0.000112350732160362,0.000312804299217203,0.00182342106174305,0.000956624246958869,0.000248280331186022,0.000967695497073607,0.00087485909463059,0.000440857866855403,0,0.000196381857508441,7.61626095497627e-05,0,0,0,0,0,0,0,0,0,0,0,0,0,0,0,0,0,0,0,0,0,0,0,0,0,0,0,0,0,0,0,0
0,0,0,0,0,0,0,0,0,0,0,0,0,0,0,0,0,0,0,0,0,0,0,0,0,0,0,0,0,0,0,0,0,0,0,0.000268701584363183,0.000293407113786224,0.00125671796297322,0.000550684714120698,0.00144552846285899,0.00138663606690483,0.00109739586373906,0.00133749400786326,0.000444528885414635,0.000793272053692521,0.000382277545218337,0.000526720362084334,0.00069606358690435,0.000484412116323421,0.000606286088318355,0.000174557330064977,0.000922625255478044,0.00042249165817939,0.000633999470490373,0.000664995238338186,0.000748492377442071,0.0002341299119202,0.000263722017676997,0.000592099742748883,0.000883825499474272,0.00199744992097799,0.000852406411552218,0.000908632500026182,0.000268683338196529,0.000243899836377084,0.000160132712352586,0,0,0,0,0,0,0,0,0,0,0,0,0,0,0,0,0,0,0,0,0,0,0,0,0,0,0,0,0,0,0,0,0,0
0,0,0,0,0,0,0,0,0,0,0,0,0,0,0,0,0,0,0,0,0,0,0,0,0,0,0,0,0,0,0,0,0,0,0,0,3.21073943547503e-05,0.000780093547960665,0.000718385975811254,0.000683611161308287,0.0014183966813243,0.000552438852653225,0.000659573296311524,0.000903981992924792,0.000573013013588536,0.000279996564050472,0.000445739745242074,0.000866539496305546,0.00158050944830405,0.000315360148141379,0.000269028397999475,0.00176622835176175,0.000647786966203087,0.00119191644160873,0.000717887724914693,0.000508380063715325,0.000279237895793343,0.00111943078403499,0.00070790163914338,0.000842935944408923,0.00130035763000535,0.000775722825528231,0.000715654648038787,0.000272211191717438,0.000286570267130346,6.20956740581982e-05,0,0,0,0,0,0,0,0,0,0,0,0,0,0,0,0,0,0,0,0,0,0,0,0,0,0,0,0,0,0,0,0,0,0
0,0,0,0,0,0,0,0,0,0,0,0,0,0,0,0,0,0,0,0,0,0,0,0,0,0,0,0,0,0,0,0,0,0,0,0,0,0.000226062246150379,0.000406331032231043,0.000461727680359184,0.00101414830667347,0.00050205408652121,0.000645520945322644,0.000497493575983744,0.000242128430593225,0.000155297814607101,0.000680241828657895,0.00112819094123976,0.00109299347596384,0.000735887429864176,0.000239467487662407,0.000650792302341787,0.000299366455265524,0.000186232820082746,0.000799806503260982,0.000318109496187138,0.000139036250026152,0.00082741907338573,0.000871220585384477,0.00106848230799228,0.00034891705810328,0.000113468045704868,0.000426505151609343,7.65702239957108e-05,0.000219498227345436,0,0,0,0,0,0,0,0,0,0,0,0,0,0,0,0,0,0,0,0,0,0,0,0,0,0,0,0,0,0,0,0,0,0,0
0,0,0,0,0,0,0,0,0,0,0,0,0,0,0,0,0,0,0,0,0,0,0,0,0,0,0,0,0,0,0,0,0,0,0.00015899250298362,0.000594726679840584,0.000457554054399064,0.000234007955978039,0.000153925771199715,0.000143322611451955,0.00156012395626034,0.00113404358833467,0.000473302553447923,0.000498559173811373,0.000644260208579075,0.000436489257594386,0.000556533659826038,0.0009373356263283,0.000247919781313505,0.000803652492015527,0.000373884067211061,0.000464383393533392,0.000324738635060801,0.000115095624391456,0.000340387611257963,0.000219129726081755,0.000731796282846667,0.000385309402262313,0.000307442732050372,0.000595387081051959,0.00136965051146993,0.000673038515911189,0.000371703499088888,0.000787678651064719,0.000516524307114514,0,0,0,0,0,0,0,0,0,0,0,0,0,0,0,0,0,0,0,0,0,0,0,0,0,0,0,0,0,0,0,0,0,0,0
0,0,0,0,0,0,0,0,0,0,0,0,0,0,0,0,0,0,0,0,0,0,0,0,0,0,0,0,0,0,0,0,0,0,0.000276416879969793,0.000116228162108259,7.82531680474082e-05,0.000412988085860088,0.00108896990147033,0.000303721811053051,0.000883596246450521,0.000815531873731713,6.79682359390448e-05,0.000189437907900246,0.000210318097967827,0.000450094516577435,6.67672723601128e-05,9.63575933645319e-05,0.000369455190779883,0.000592657738494039,0.00102820600521402,0.00047843192943262,0.00042000693109077,0.000921449373369722,0.000501678678441217,0.000749204809428845,0.000694530324673631,4.44666526058267e-05,0.000104393553305381,0.000449490489820268,0.000825628926722218,0.000561819180204033,0.000112576763349097,0.000759145060651989,8.6716454124099e-05,0,0,0,0,0,0,0,0,0,0,0,0,0,0,0,0,0,0,0,0,0,0,0,0,0,0,0,0,0,0,0,0,0,0,0
0,0,0,0,0,0,0,0,0,0,0,0,0,0,0,0,0,0,0,0,0,0,0,0,0,0,0,0,0,0,0,0,0,0,0.000534681732648703,0.000187566269812073,0.00029189357541778,0.000403946986282211,0.000983189195714122,0.000936620207744263,0.000594572508725141,0.000394285473615975,0.000738496848918279,0.000412096393846506,0.00107057177501959,0.000834152085418216,0.000307406149265455,0.000101458300171223,0.000644985431019565,0.000310430232097279,0.000504612058690457,0.000584566675200632,0.000516107972017014,0.00115561135255192,0.000704765527121045,0.000818697641529974,0.00049339512951913,0.000448779417980332,0.000160310638607763,0.000635534821699048,0.000301145891192915,0.000822478944056044,0.000150457261915732,0.000426851597146976,0.000186607223110289,0,0,0,0,0,0,0,0,0,0,0,0,0,0,0,0,0,0,0,0,0,0,0,0,0,0,0,0,0,0,0,0,0,0,0
0,0,0,0,0,0,0,0,0,0,0,0,0,0,0,0,0,0,0,0,0,0,0,0,0,0,0,0,0,0,0,0,0,0,0,6.20983815696276e-05,0.000477175957769022,0.000548041780200929,0.000269168094518843,0.000430111836358825,0.00119311732407777,0.000393744994320969,0.000747344883861711,0.000317977694875034,0.000745775982313904,0.000610452657754287,0.000837614608259479,0.000765470691307849,0.000521038658348002,9.43786880739207e-05,0.000717141980213773,0.00110300295941804,0.000302071500928163,0.000353562000877212,0.000510665818244674,0.00063845933863948,0.00114490822562667,0.00139285595779387,0.000334704590729883,0.000432221989945226,0.000616343275423506,0.000562262759484633,4.81118671311487e-05,0,0,0,0,0,0,0,0,0,0,0,0,0,0,0,0,0,0,0,0,0,0,0,0,0,0,0,0,0,0,0,0,0,0,0,0,0
0,0,0,0,0,0,0,0,0,0,0,0,0,0,0,0,0,0,0,0,0,0,0,0,0,0,0,0,0,0,0,0,0,0,0,0,0,0,3.29022825979785e-05,1.62847247194001e-05,0.000219950508591851,0.000473799036678593,0.00119408373320481,0.000198287606535217,0.00016502563465916,0.000874940799646832,0.000209320016494631,0.000123612871137007,8.07245997007858e-05,0.00100399167872277,0.000839238978571613,0.00158680787635851,0.000565928320308324,0.00108717361994456,0.000806455716697475,0.000104933024591208,0.000270186768180836,0.00157742077602405,0.000601359136721567,0.000438918001169381,0.000885486385291931,9.81401953261443e-05,0,0.000173400988367895,0.000238329298732943,0,0,0,0,0,0,0,0,0,0,0,0,0,0,0,0,0,0,0,0,0,0,0,0,0,0,0,0,0,0,0,0,0,0,0
0,0,0,0,0,0,0,0,0,0,0,0,0,0,0,0,0,0,0,0,0,0,0,0,0,0,0,0,0,0,0,0,0,0,0,0,2.36446974052668e-05,4.6571910369508e-05,0.000301558832160202,0.000149254160522419,0.00017135687805746,0.000154663967101817,0.000532305311310732,0.000791521665308949,0.000657653640638823,0.000626513164591816,5.89455517939737e-05,0.0004855549779703,0.000763976425238321,0.000342833030050263,0.00100901939283996,0.000644902193633204,0.00108902538999896,0.000782138851927505,0.000508869072326479,0.000329822575642965,0.000777574546660831,0.000912734652023284,0.000447467675187612,0.00059982017920759,0.000314833661114855,0,0,3.71749563711751e-05,5.10947565279872e-05,0,0,0,0,0,0,0,0,0,0,0,0,0,0,0,0,0,0,0,0,0,0,0,0,0,0,0,0,0,0,0,0,0,0,0
0,0,0,0,0,0,0,0,0,0,0,0,0,0,0,0,0,0,0,0,0,0,0,0,0,0,0,0,0,0,0,0,0,0,0,0,0.000144724995709993,0.000285058396515232,2.38964500091999e-05,0.000177312452132324,0,9.28631513421978e-05,0.000363129307552442,0.000195760042185347,0.000704595541840299,0.000730528355991782,0.000853656171155707,0.000336883526932021,0.000107966085065575,5.85208249064801e-06,0.000455781070506332,0.000556659914487974,0.00114112173336944,0.000991864417414748,0.000424557817735961,0.000395609935170001,0.000592875698709013,0.00110031426598387,0.00125241855178325,0.000490323781039386,2.97043223180164e-05,0.000215811336576209,6.75175362809673e-05,0,0,0,0,0,0,0,0,0,0,0,0,0,0,0,0,0,0,0,0,0,0,0,0,0,0,0,0,0,0,0,0,0,0,0,0,0
0,0,0,0,0,0,0,0,0,0,0,0,0,0,0,0,0,0,0,0,0,0,0,0,0,0,0,0,0,0,0,0,0,0,0,0,0,0,3.54857387380751e-05,0.000386879367822275,0.000308311678462658,0.000134615919689117,0.000440052036297275,2.5404967458216e-05,0.00036719166680212,0.00079753820033594,0.000692587461587997,0.000151277124190219,0.000397125212582637,0.000178789912549977,0.000302526373173273,0.000166595587948829,0.000221289409415795,0.000795263024691619,0.000445927962579066,0.000798502188387263,0.000841186271041572,0.00034977079093216,0.000295447088836955,1.88965530342676e-06,0,0.000230857186923972,6.39331336805124e-05,0,0,0,0,0,0,0,0,0,0,0,0,0,0,0,0,0,0,0,0,0,0,0,0,0,0,0,0,0,0,0,0,0,0,0,0,0
0,0,0,0,0,0,0,0,0,0,0,0,0,0,0,0,0,0,0,0,0,0,0,0,0,0,0,0,0,0,0,0,0,0,0,0,0,0,0,1.94893207559476e-05,4.86249920795215e-05,8.52477887352132e-06,0.000201562446904319,6.9694423528438e-05,0.000487433567469126,0.000849786218005151,0.000716499629461516,0.000449188268318082,6.54373068078916e-05,0.000560721819503226,0.000343962319958793,0.000148003999318966,0.000111981078048333,0.000744303235325372,0.000356215067837111,0.000426272086476591,0.00056011833233675,2.38755555801478e-05,0,0,0,0.000355453871166363,6.64269353719765e-05,0,0,0,0,0,0,0,0,0,0,0,0,0,0,0,0,0,0,0,0,0,0,0,0,0,0,0,0,0,0,0,0,0,0,0,0,0
0,0,0,0,0,0,0,0,0,0,0,0,0,0,0,0,0,0,0,0,0,0,0,0,0,0,0,0,0,0,0,0,0,0,0,0,0,0,0,0,0,0,0,9.64905061730512e-05,0.000493449817790914,0.000312228387339913,0.00122002853127844,0.000421045774292524,9.54629886579351e-05,0.000552589735146196,0.000433898152984834,0.000379779651438163,0.00049164286490363,0.000790093995865798,0.000483742340997857,0.000250371627251226,0.000505860632228974,0,4.86322550633881e-05,0.000395766994133184,0,0,0,0,0,0,0,0,0,0,0,0,0,0,0,0,0,0,0,0,0,0,0,0,0,0,0,0,0,0,0,0,0,0,0,0,0,0,0,0
0,0,0,0,0,0,0,0,0,0,0,0,0,0,0,0,0,0,0,0,0,0,0,0,0,0,0,0,0,0,0,0,0,0,0,0,0,0,0,0,0,0,0,0.000225533833403583,0.000142479936945135,0.000156604765854814,0.000252254705570111,0,0.000138803200158097,0.00029510749077492,0.000465222743777758,3.9122429438381e-05,0.000354613290889455,0.000189615818735644,0.000294726864113423,0.000153886615167746,0.000422971110747273,0,6.0845960016286e-06,4.95161548017998e-05,0,0,0,0,0,0,0,0,0,0,0,0,0,0,0,0,0,0,0,0,0,0,0,0,0,0,0,0,0,0,0,0,0,0,0,0,0,0,0,0
0,0,0,0,0,0,0,0,0,0,0,0,0,0,0,0,0,0,0,0,0,0,0,0,0,0,0,0,0,0,0,0,0,0,0,0,0,0,0,0,0,0,0,8.08865393855582e-05,5.10996902657241e-05,0.000122332277693359,0.000156839963656624,4.04377550851093e-05,1.78893498600333e-05,0,0.00024140483137524,5.8768464692841e-05,0.000129110865641691,1.47210059605017e-05,0.00015683360258773,0.000344778489856896,0,0,0,0,0,0,0,0,0,0,0,0,0,0,0,0,0,0,0,0,0,0,0,0,0,0,0,0,0,0,0,0,0,0,0,0,0,0,0,0,0,0,0,0
0,0,0,0,0,0,0,0,0,0,0,0,0,0,0,0,0,0,0,0,0,0,0,0,0,0,0,0,0,0,0,0,0,0,0,0,0,0,0,0,0,0,0,0,0,0,0,0.000306208586466915,0.000135464308587943,0,0,0,0,0.000324851769150226,2.87450715467222e-05,1.11035643741708e-05,0,0,0,0,0,0,0,0,0,0,0,0,0,0,0,0,0,0,0,0,0,0,0,0,0,0,0,0,0,0,0,0,0,0,0,0,0,0,0,0,0,0,0,0
0,0,0,0,0,0,0,0,0,0,0,0,0,0,0,0,0,0,0,0,0,0,0,0,0,0,0,0,0,0,0,0,0,0,0,0,0,0,0,0,0,0,0,0,0,0,0,0,0,0.000106281894659686,0.000270268439334247,0,0,0.000140418139341093,1.04815178024476e-05,0,0,0,0,0,0,0,0,0,0,0,0,0,0,0,0,0,0,0,0,0,0,0,0,0,0,0,0,0,0,0,0,0,0,0,0,0,0,0,0,0,0,0,0,0
0,0,0,0,0,0,0,0,0,0,0,0,0,0,0,0,0,0,0,0,0,0,0,0,0,0,0,0,0,0,0,0,0,0,0,0,0,0,0,0,0,0,0,0,0,0,0,0,0,3.48438527701362e-05,8.86058132359309e-05,0,0,0,0,0,0,0,0,0,0,0,0,0,0,0,0,0,0,0,0,0,0,0,0,0,0,0,0,0,0,0,0,0,0,0,0,0,0,0,0,0,0,0,0,0,0,0,0,0
0,0,0,0,0,0,0,0,0,0,0,0,0,0,0,0,0,0,0,0,0,0,0,0,0,0,0,0,0,0,0,0,0,0,0,0,0,0,0,0,0,0,0,0,0,0,0,0,0,0,0,0,0,0,0,0,0,0,0,0,0,0,0,0,0,0,0,0,0,0,0,0,0,0,0,0,0,0,0,0,0,0,0,0,0,0,0,0,0,0,0,0,0,0,0,0,0,0,0,0
0,0,0,0,0,0,0,0,0,0,0,0,0,0,0,0,0,0,0,0,0,0,0,0,0,0,0,0,0,0,0,0,0,0,0,0,0,0,0,0,0,0,0,0,0,0,0,0,0,0,0,0,0,0,0,0,0,0,0,0,0,0,0,0,0,0,0,0,0,0,0,0,0,0,0,0,0,0,0,0,0,0,0,0,0,0,0,0,0,0,0,0,0,0,0,0,0,0,0,0
0,0,0,0,0,0,0,0,0,0,0,0,0,0,0,0,0,0,0,0,0,0,0,0,0,0,0,0,0,0,0,0,0,0,0,0,0,0,0,0,0,0,0,0,0,0,0,0,0,0,0,0,0,0,0,0,0,0,0,0,0,0,0,0,0,0,0,0,0,0,0,0,0,0,0,0,0,0,0,0,0,0,0,0,0,0,0,0,0,0,0,0,0,0,0,0,0,0,0,0
0,0,0,0,0,0,0,0,0,0,0,0,0,0,0,0,0,0,0,0,0,0,0,0,0,0,0,0,0,0,0,0,0,0,0,0,0,0,0,0,0,0,0,0,0,0,0,0,0,0,0,0,0,0,0,0,0,0,0,0,0,0,0,0,0,0,0,0,0,0,0,0,0,0,0,0,0,0,0,0,0,0,0,0,0,0,0,0,0,0,0,0,0,0,0,0,0,0,0,0
0,0,0,0,0,0,0,0,0,0,0,0,0,0,0,0,0,0,0,0,0,0,0,0,0,0,0,0,0,0,0,0,0,0,0,0,0,0,0,0,0,0,0,0,0,0,0,0,0,0,0,0,0,0,0,0,0,0,0,0,0,0,0,0,0,0,0,0,0,0,0,0,0,0,0,0,0,0,0,0,0,0,0,0,0,0,0,0,0,0,0,0,0,0,0,0,0,0,0,0
0,0,0,0,0,0,0,0,0,0,0,0,0,0,0,0,0,0,0,0,0,0,0,0,0,0,0,0,0,0,0,0,0,0,0,0,0,0,0,0,0,0,0,0,0,0,0,0,0,0,0,0,0,0,0,0,0,0,0,0,0,0,0,0,0,0,0,0,0,0,0,0,0,0,0,0,0,0,0,0,0,0,0,0,0,0,0,0,0,0,0,0,0,0,0,0,0,0,0,0
0,0,0,0,0,0,0,0,0,0,0,0,0,0,0,0,0,0,0,0,0,0,0,0,0,0,0,0,0,0,0,0,0,0,0,0,0,0,0,0,0,0,0,0,0,0,0,0,0,0,0,0,0,0,0,0,0,0,0,0,0,0,0,0,0,0,0,0,0,0,0,0,0,0,0,0,0,0,0,0,0,0,0,0,0,0,0,0,0,0,0,0,0,0,0,0,0,0,0,0
0,0,0,0,0,0,0,0,0,0,0,0,0,0,0,0,0,0,0,0,0,0,0,0,0,0,0,0,0,0,0,0,0,0,0,0,0,0,0,0,0,0,0,0,0,0,0,0,0,0,0,0,0,0,0,0,0,0,0,0,0,0,0,0,0,0,0,0,0,0,0,0,0,0,0,0,0,0,0,0,0,0,0,0,0,0,0,0,0,0,0,0,0,0,0,0,0,0,0,0
0,0,0,0,0,0,0,0,0,0,0,0,0,0,0,0,0,0,0,0,0,0,0,0,0,0,0,0,0,0,0,0,0,0,0,0,0,0,0,0,0,0,0,0,0,0,0,0,0,0,0,0,0,0,0,0,0,0,0,0,0,0,0,0,0,0,0,0,0,0,0,0,0,0,0,0,0,0,0,0,0,0,0,0,0,0,0,0,0,0,0,0,0,0,0,0,0,0,0,0
0,0,0,0,0,0,0,0,0,0,0,0,0,0,0,0,0,0,0,0,0,0,0,0,0,0,0,0,0,0,0,0,0,0,0,0,0,0,0,0,0,0,0,0,0,0,0,0,0,0,0,0,0,0,0,0,0,0,0,0,0,0,0,0,0,0,0,0,0,0,0,0,0,0,0,0,0,0,0,0,0,0,0,0,0,0,0,0,0,0,0,0,0,0,0,0,0,0,0,0
0,0,0,0,0,0,0,0,0,0,0,0,0,0,0,0,0,0,0,0,0,0,0,0,0,0,0,0,0,0,0,0,0,0,0,0,0,0,0,0,0,0,0,0,0,0,0,0,0,0,0,0,0,0,0,0,0,0,0,0,0,0,0,0,0,0,0,0,0,0,0,0,0,0,0,0,0,0,0,0,0,0,0,0,0,0,0,0,0,0,0,0,0,0,0,0,0,0,0,0
0,0,0,0,0,0,0,0,0,0,0,0,0,0,0,0,0,0,0,0,0,0,0,0,0,0,0,0,0,0,0,0,0,0,0,0,0,0,0,0,0,0,0,0,0,0,0,0,0,0,0,0,0,0,0,0,0,0,0,0,0,0,0,0,0,0,0,0,0,0,0,0,0,0,0,0,0,0,0,0,0,0,0,0,0,0,0,0,0,0,0,0,0,0,0,0,0,0,0,0
0,0,0,0,0,0,0,0,0,0,0,0,0,0,0,0,0,0,0,0,0,0,0,0,0,0,0,0,0,0,0,0,0,0,0,0,0,0,0,0,0,0,0,0,0,0,0,0,0,0,0,0,0,0,0,0,0,0,0,0,0,0,0,0,0,0,0,0,0,0,0,0,0,0,0,0,0,0,0,0,0,0,0,0,0,0,0,0,0,0,0,0,0,0,0,0,0,0,0,0
0,0,0,0,0,0,0,0,0,0,0,0,0,0,0,0,0,0,0,0,0,0,0,0,0,0,0,0,0,0,0,0,0,0,0,0,0,0,0,0,0,0,0,0,0,0,0,0,0,0,0,0,0,0,0,0,0,0,0,0,0,0,0,0,0,0,0,0,0,0,0,0,0,0,0,0,0,0,0,0,0,0,0,0,0,0,0,0,0,0,0,0,0,0,0,0,0,0,0,0
0,0,0,0,0,0,0,0,0,0,0,0,0,0,0,0,0,0,0,0,0,0,0,0,0,0,0,0,0,0,0,0,0,0,0,0,0,0,0,0,0,0,0,0,0,0,0,0,0,0,0,0,0,0,0,0,0,0,0,0,0,0,0,0,0,0,0,0,0,0,0,0,0,0,0,0,0,0,0,0,0,0,0,0,0,0,0,0,0,0,0,0,0,0,0,0,0,0,0,0
0,0,0,0,0,0,0,0,0,0,0,0,0,0,0,0,0,0,0,0,0,0,0,0,0,0,0,0,0,0,0,0,0,0,0,0,0,0,0,0,0,0,0,0,0,0,0,0,0,0,0,0,0,0,0,0,0,0,0,0,0,0,0,0,0,0,0,0,0,0,0,0,0,0,0,0,0,0,0,0,0,0,0,0,0,0,0,0,0,0,0,0,0,0,0,0,0,0,0,0
0,0,0,0,0,0,0,0,0,0,0,0,0,0,0,0,0,0,0,0,0,0,0,0,0,0,0,0,0,0,0,0,0,0,0,0,0,0,0,0,0,0,0,0,0,0,0,0,0,0,0,0,0,0,0,0,0,0,0,0,0,0,0,0,0,0,0,0,0,0,0,0,0,0,0,0,0,0,0,0,0,0,0,0,0,0,0,0,0,0,0,0,0,0,0,0,0,0,0,0
0,0,0,0,0,0,0,0,0,0,0,0,0,0,0,0,0,0,0,0,0,0,0,0,0,0,0,0,0,0,0,0,0,0,0,0,0,0,0,0,0,0,0,0,0,0,0,0,0,0,0,0,0,0,0,0,0,0,0,0,0,0,0,0,0,0,0,0,0,0,0,0,0,0,0,0,0,0,0,0,0,0,0,0,0,0,0,0,0,0,0,0,0,0,0,0,0,0,0,0
0,0,0,0,0,0,0,0,0,0,0,0,0,0,0,0,0,0,0,0,0,0,0,0,0,0,0,0,0,0,0,0,0,0,0,0,0,0,0,0,0,0,0,0,0,0,0,0,0,0,0,0,0,0,0,0,0,0,0,0,0,0,0,0,0,0,0,0,0,0,0,0,0,0,0,0,0,0,0,0,0,0,0,0,0,0,0,0,0,0,0,0,0,0,0,0,0,0,0,0
0,0,0,0,0,0,0,0,0,0,0,0,0,0,0,0,0,0,0,0,0,0,0,0,0,0,0,0,0,0,0,0,0,0,0,0,0,0,0,0,0,0,0,0,0,0,0,0,0,0,0,0,0,0,0,0,0,0,0,0,0,0,0,0,0,0,0,0,0,0,0,0,0,0,0,0,0,0,0,0,0,0,0,0,0,0,0,0,0,0,0,0,0,0,0,0,0,0,0,0
0,0,0,0,0,0,0,0,0,0,0,0,0,0,0,0,0,0,0,0,0,0,0,0,0,0,0,0,0,0,0,0,0,0,0,0,0,0,0,0,0,0,0,0,0,0,0,0,0,0,0,0,0,0,0,0,0,0,0,0,0,0,0,0,0,0,0,0,0,0,0,0,0,0,0,0,0,0,0,0,0,0,0,0,0,0,0,0,0,0,0,0,0,0,0,0,0,0,0,0
