0,0,0,0,0,0,0,0,0,0,0,0,0,0,0,0,0,0,0,0,0,0,0,0,0,0,0,0,0,0,0,0,0,0,0,0,0,0,0,0,0,0,0,0,0,0,0,0,0,0,0,0,0,0,0,0,0,0,0,0,0,0,0,0,0,0,0,0,0,0,0,0,0,0,0,0,0,0,0,0,0,0,0,0,0,0,0,0,0,0,0,0,0,0,0,0,0,0,0,0
0,0,0,0,0,0,0,0,0,0,0,0,0,0,0,0,0,0,0,0,0,0,0,0,0,0,0,0,0,0,0,0,0,0,0,0,0,0,0,0,0,0,0,0,0,0,0,0,0,0,0,0,0,0,0,0,0,0,0,0,0,0,0,0,0,0,0,0,0,0,0,0,0,0,0,0,0,0,0,0,0,0,0,0,0,0,0,0,0,0,0,0,0,0,0,0,0,0,0,0
0,0,0,0,0,0,0,0,0,0,0,0,0,0,0,0,0,0,0,0,0,0,0,0,0,0,0,0,0,0,0,0,0,0,0,0,0,0,0,0,0,0,0,0,0,0,0,0,0,0,0,0,0,0,0,0,0,0,0,0,0,0,0,0,0,0,0,0,0,0,0,0,0,0,0,0,0,0,0,0,0,0,0,0,0,0,0,0,0,0,0,0,0,0,0,0,0,0,0,0
0,0,0,0,0,0,0,0,0,0,0,0,0,0,0,0,0,0,0,0,0,0,0,0,0,0,0,0,0,0,0,0,0,0,0,0,0,0,0,0,0,0,0,0,0,0,0,0,0,0,0,0,0,0,0,0,0,0,0,0,0,0,0,0,0,0,0,0,0,0,0,0,0,0,0,0,0,0,0,0,0,0,0,0,0,0,0,0,0,0,0,0,0,0,0,0,0,0,0,0
0,0,0,0,0,0,0,0,0,0,0,0,0,0,0,0,0,0,0,0,0,0,0,0,0,0,0,0,0,0,0,0,0,0,0,0,0,0,0,0,0,0,0,0,0,0,0,0,0,0,0,0,0,0,0,0,0,0,0,0,0,0,0,0,0,0,0,0,0,0,0,0,0,0,0,0,0,0,0,0,0,0,0,0,0,0,0,0,0,0,0,0,0,0,0,0,0,0,0,0
0,0,0,0,0,0,0,0,0,0,0,0,0,0,0,0,0,0,0,0,0,0,0,0,0,0,0,0,0,0,0,0,0,0,0,0,0,0,0,0,0,0,0,0,0,0,0,0,0,0,0,0,0,0,0,0,0,0,0,0,0,0,0,0,0,0,0,0,0,0,0,0,0,0,0,0,0,0,0,0,0,0,0,0,0,0,0,0,0,0,0,0,0,0,0,0,0,0,0,0
0,0,0,0,0,0,0,0,0,0,0,0,0,0,0,0,0,0,0,0,0,0,0,0,0,0,0,0,0,0,0,0,0,0,0,0,0,0,0,0,0,0,0,0,0,0,0,0,0,0,0,0,0,0,0,0,0,0,0,0,0,0,0,0,0,0,0,0,0,0,0,0,0,0,0,0,0,0,0,0,0,0,0,0,0,0,0,0,0,0,0,0,0,0,0,0,0,0,0,0
0,0,0,0,0,0,0,0,0,0,0,0,0,0,0,0,0,0,0,0,0,0,0,0,0,0,0,0,0,0,0,0,0,0,0,0,0,0,0,0,0,0,0,0,0,0,0,0,0,0,0,0,0,0,0,0,0,0,0,0,0,0,0,0,0,0,0,0,0,0,0,0,0,0,0,0,0,0,0,0,0,0,0,0,0,0,0,0,0,0,0,0,0,0,0,0,0,0,0,0
0,0,0,0,0,0,0,0,0,0,0,0,0,0,0,0,0,0,0,0,0,0,0,0,0,0,0,0,0,0,0,0,0,0,0,0,0,0,0,0,0,0,0,0,0,0,0,0,0,0,0,0,0,0,0,0,0,0,0,0,0,0,0,0,0,0,0,0,0,0,0,0,0,0,0,0,0,0,0,0,0,0,0,0,0,0,0,0,0,0,0,0,0,0,0,0,0,0,0,0
0,0,0,0,0,0,0,0,0,0,0,0,0,0,0,0,0,0,0,0,0,0,0,0,0,0,0,0,0,0,0,0,0,0,0,0,0,0,0,0,0,0,0,0,0,0,0,0,0,0,0,0,0,0,0,0,0,0,0,0,0,0,0,0,0,0,0,0,0,0,0,0,0,0,0,0,0,0,0,0,0,0,0,0,0,0,0,0,0,0,0,0,0,0,0,0,0,0,0,0
0,0,0,0,0,0,0,0,0,0,0,0,0,0,0,0,0,0,0,0,0,0,0,0,0,0,0,0,0,0,0,0,0,0,0,0,0,0,0,0,0,0,0,0,0,0,0,0,0,0,0,0,0,0,0,0,0,0,0,0,0,0,0,0,0,0,0,0,0,0,0,0,0,0,0,0,0,0,0,0,0,0,0,0,0,0,0,0,0,0,0,0,0,0,0,0,0,0,0,0
0,0,0,0,0,0,0,0,0,0,0,0,0,0,0,0,0,0,0,0,0,0,0,0,0,0,0,0,0,0,0,0,0,0,0,0,0,0,0,0,0,0,0,0,0,0,0,0,0,0,0,0,0,0,0,0,0,0,0,0,0,0,0,0,0,0,0,0,0,0,0,0,0,0,0,0,0,0,0,0,0,0,0,0,0,0,0,0,0,0,0,0,0,0,0,0,0,0,0,0
0,0,0,0,0,0,0,0,0,0,0,0,0,0,0,0,0,0,0,0,0,0,0,0,0,0,0,0,0,0,0,0,0,0,0,0,0,0,0,0,0,0,0,0,0,0,0,0,0,0,0,0,0,0,0,0,0,0,0,0,0,0,0,0,0,0,0,0,0,0,0,0,0,0,0,0,0,0,0,0,0,0,0,0,0,0,0,0,0,0,0,0,0,0,0,0,0,0,0,0
0,0,0,0,0,0,0,0,0,0,0,0,0,0,0,0,0,0,0,0,0,0,0,0,0,0,0,0,0,0,0,0,0,0,0,0,0,0,0,0,0,0,0,0,0,0,0,0,0,0,0,0,0,0,0,0,0,0,0,0,0,0,0,0,0,0,0,0,0,0,0,0,0,0,0,0,0,0,0,0,0,0,0,0,0,0,0,0,0,0,0,0,0,0,0,0,0,0,0,0
0,0,0,0,0,0,0,0,0,0,0,0,0,0,0,0,0,0,0,0,0,0,0,0,0,0,0,0,0,0,0,0,0,0,0,0,0,0,0,0,0,0,0,0,0,0,0,0,0,0,0,0,0,0,0,0,0,0,0,0,0,0,0,0,0,0,0,0,0,0,0,0,0,0,0,0,0,0,0,0,0,0,0,0,0,0,0,0,0,0,0,0,0,0,0,0,0,0,0,0
0,0,0,0,0,0,0,0,0,0,0,0,0,0,0,0,0,0,0,0,0,0,0,0,0,0,0,0,0,0,0,0,0,0,0,0,0,0,0,0,0,0,0,0,0,0,0,0,0,0,0,0,0,0,0,0,0,0,0,0,0,0,0,0,0,0,0,0,0,0,0,0,0,0,0,0,0,0,0,0,0,0,0,0,0,0,0,0,0,0,0,0,0,0,0,0,0,0,0,0
0,0,0,0,0,0,0,0,0,0,0,0,0,0,0,0,0,0,0,0,0,0,0,0,0,0,0,0,0,0,0,0,0,0,0,0,0,0,0,0,0,0,0,0,0,0,0,0,0,0,0,0,0,0,0,0,0,0,0,0,0,0,0,0,0,0,0,0,0,0,0,0,0,0,0,0,0,0,0,0,0,0,0,0,0,0,0,0,0,0,0,0,0,0,0,0,0,0,0,0
0,0,0,0,0,0,0,0,0,0,0,0,0,0,0,0,0,0,0,0,0,0,0,0,0,0,0,0,0,0,0,0,0,0,0,0,0,0,0,0,0,0,0,0,0,0,0,0,0,0,0,0,0,0,0,0,0,0,0,0,0,0,0,0,0,0,0,0,0,0,0,0,0,0,0,0,0,0,0,0,0,0,0,0,0,0,0,0,0,0,0,0,0,0,0,0,0,0,0,0
0,0,0,0,0,0,0,0,0,0,0,0,0,0,0,0,0,0,0,0,0,0,0,0,0,0,0,0,0,0,0,0,0,0,0,0,0,0,0,0,0,0,0,0,0,0,0,0,0,0,0,0,0,0,0,0,0,0,0,0,0,0,0,0,0,0,0,0,0,0,0,0,0,0,0,0,0,0,0,0,0,0,0,0,0,0,0,0,0,0,0,0,0,0,0,0,0,0,0,0
0,0,0,0,0,0,0,0,0,0,0,0,0,0,0,0,0,0,0,0,0,0,0,0,0,0,0,0,0,0,0,0,0,0,0,0,0,0,0,0,0,0,0,0,0,0,0,0,0,0,0,0,0,0,0,0,0,0,0,0,0,0,0,0,0,0,0,0,0,0,0,0,0,0,0,0,0,0,0,0,0,0,0,0,0,0,0,0,0,0,0,0,0,0,0,0,0,0,0,0
0,0,0,0,0,0,0,0,0,0,0,0,0,0,0,0,0,0,0,0,0,0,0,0,0,0,0,0,0,0,0,0,0,0,0,0,0,0,0,0,0,0,0,0,0,0,0,0,0,0,0,0,0,0,0,0,0,0,0,0,0,0,0,0,0,0,0,0,0,0,0,0,0,0,0,0,0,0,0,0,0,0,0,0,0,0,0,0,0,0,0,0,0,0,0,0,0,0,0,0
0,0,0,0,0,0,0,0,0,0,0,0,0,0,0,0,0,0,0,0,0,0,0,0,0,0,0,0,0,0,0,0,0,0,0,0,0,0,0,0,0,0,0,0,0,0,0,0,0,0,0,0,0,0,0,0,0,0,0,0,0,0,0,0,0,0,0,0,0,0,0,0,0,0,0,0,0,0,0,0,0,0,0,0,0,0,0,0,0,0,0,0,0,0,0,0,0,0,0,0
0,0,0,0,0,0,0,0,0,0,0,0,0,0,0,0,0,0,0,0,0,0,0,0,0,0,0,0,0,0,0,0,0,0,0,0,0,0,0,0,0,0,0,0,0,0,0,0,0,0,0,0,0,0,0,0,0,0,0,0,0,0,0,0,0,0,0,0,0,0,0,0,0,0,0,0,0,0,0,0,0,0,0,0,0,0,0,0,0,0,0,0,0,0,0,0,0,0,0,0
0,0,0,0,0,0,0,0,0,0,0,0,0,0,0,0,0,0,0,0,0,0,0,0,0,0,0,0,0,0,0,0,0,0,0,0,0,0,0,0,0,0,0,0,0,0,0,0,0,0,0,0,0,0,0,0,0,0,0,0,0,0,0,0,0,0,0,0,0,0,0,0,0,0,0,0,0,0,0,0,0,0,0,0,0,0,0,0,0,0,0,0,0,0,0,0,0,0,0,0
0,0,0,0,0,0,0,0,0,0,0,0,0,0,0,0,0,0,0,0,0,0,0,0,0,0,0,0,0,0,0,0,0,0,0,0,0,0,0,0,0,0,0,0,0,0,0,0,0,0,0,0,0,0,0,0,0,0,0,0,0,0,0,0,0,0,0,0,0,0,0,0,0,0,0,0,0,0,0,0,0,0,0,0,0,0,0,0,0,0,0,0,0,0,0,0,0,0,0,0
0,0,0,0,0,0,0,0,0,0,0,0,0,0,0,0,0,0,0,0,0,0,0,0,0,0,0,0,0,0,0,0,0,0,0,0,0,0,0,0,0,0,0,0,0,0,0,0,0,0,0,0,0,0,0,0,0,0,0,0,0,0,0,0,0,0,0,0,0,0,0,0,0,0,0,0,0,0,0,0,0,0,0,0,0,0,0,0,0,0,0,0,0,0,0,0,0,0,0,0
0,0,0,0,0,0,0,0,0,0,0,0,0,0,0,0,0,0,0,0,0,0,0,0,0,0,0,0,0,0,0,0,0,0,0,0,0,0,0,0,0,0,0,0,0,0,0,0,0,0,0,0,0,0,0,0,0,0,0,0,0,0,0,0,0,0,0,0,0,0,0,0,0,0,0,0,0,0,0,0,0,0,0,0,0,0,0,0,0,0,0,0,0,0,0,0,0,0,0,0
0,0,0,0,0,0,0,0,0,0,0,0,0,0,0,0,0,0,0,0,0,0,0,0,0,0,0,0,0,0,0,0,0,0,0,0,0,0,0,0,0,0,0,0,0,0,0,0,0,0,0,0,0,0,0,0,0,0,0,0,0,0,0,0,0,0,0,0,0,0,0,0,0,0,0,0,0,0,0,0,0,0,0,0,0,0,0,0,0,0,0,0,0,0,0,0,0,0,0,0
0,0,0,0,0,0,0,0,0,0,0,0,0,0,0,0,0,0,0,0,0,0,0,0,0,0,0,0,0,0,0,0,0,0,0,0,0,0,0,0,0,0,0,0,0,0,0,0,0,0,0,0,0,0,0,0,0,0,0,0,0,0,0,0,0,0,0,0,0,0,0,0,0,0,0,0,0,0,0,0,0,0,0,0,0,0,0,0,0,0,0,0,0,0,0,0,0,0,0,0
0,0,0,0,0,0,0,0,0,0,0,0,0,0,0,0,0,0,0,0,0,0,0,0,0,0,0,0,0,0,0,0,0,0,0,0,0,0,0,0,0,0,0,0,0,0,0,0,0,0,0,0,0,0,0,0,0,0,0,0,0,0,0,0,0,0,0,0,0,0,0,0,0,0,0,0,0,0,0,0,0,0,0,0,0,0,0,0,0,0,0,0,0,0,0,0,0,0,0,0
0,0,0,0,0,0,0,0,0,0,0,0,0,0,0,0,0,0,0,0,0,0,0,0,0,0,0,0,0,0,0,0,0,0,0,0,0,0,0,0,0,0,0,0,0,0,0,0,0,0,0,0,0,0,0,0,0,0,0,0,0,0,0,0,0,0,0,0,0,0,0,0,0,0,0,0,0,0,0,0,0,0,0,0,0,0,0,0,0,0,0,0,0,0,0,0,0,0,0,0
0,0,0,0,0,0,0,0,0,0,0,0,0,0,0,0,0,0,0,0,0,0,0,0,0,0,0,0,0,0,0,0,0,0,0,0,0,0,0,0,0,0,0,0,0,0,0,0,0,0,0,0,0,0,0,0,0,0,0,0,0,0,0,0,0,0,0,0,0,0,0,0,0,0,0,0,0,0,0,0,0,0,0,0,0,0,0,0,0,0,0,0,0,0,0,0,0,0,0,0
0,0,0,0,0,0,0,0,0,0,0,0,0,0,0,0,0,0,0,0,0,0,0,0,0,0,0,0,0,0,0,0,0,0,0,0,0,0,0,0,0,0,0,0,0,0,0,0,0,0,0,0,0,0,0,0,0,0,0,0,0,0,0,0,0,0,0,0,0,0,0,0,0,0,0,0,0,0,0,0,0,0,0,0,0,0,0,0,0,0,0,0,0,0,0,0,0,0,0,0
0,0,0,0,0,0,0,0,0,0,0,0,0,0,0,0,0,0,0,0,0,0,0,0,0,0,0,0,0,0,0,0,0,0,0,0,0,0,0,0,0,0,0,0,0,0,0,0,0,0,0,0,0,0,0,0,0,0,0,0,0,0,0,0,0,0,0,0,0,0,0,0,0,0,0,0,0,0,0,0,0,0,0,0,0,0,0,0,0,0,0,0,0,0,0,0,0,0,0,0
0,0,0,0,0,0,0,0,0,0,0,0,0,0,0,0,0,0,0,0,0,0,0,0,0,0,0,0,0,0,0,0,0,0,0,0,0,0,0,0,0,0,0,0,0,0,0,0,0,0,0,0,0,0,0,0,0,0,0,0,0,0,0,0,0,0,0,0,0,0,0,0,0,0,0,0,0,0,0,0,0,0,0,0,0,0,0,0,0,0,0,0,0,0,0,0,0,0,0,0
0,0,0,0,0,0,0,0,0,0,0,0,0,0,0,0,0,0,0,0,0,0,0,0,0,0,0,0,0,0,0,0,0,0,0,0,0,0,0,0,0,0,0,0,0,0,0,0,0,0,0,0,0,0,0,0,0,0,0,0,0,0,0,0,0,0,0,0,0,0,0,0,0,0,0,0,0,0,0,0,0,0,0,0,0,0,0,0,0,0,0,0,0,0,0,0,0,0,0,0
0,0,0,0,0,0,0,0,0,0,0,0,0,0,0,0,0,0,0,0,0,0,0,0,0,0,0,0,0,0,0,0,0,0,0,0,0,0,0,0,0,0,0,0,0,0,0,0,0,0,0,0,0,0,0,0,0,0,0,0,0,0,1.91619352207358e-05,1.26242605869439e-05,0,0,0,0.000107939248353377,6.10497355133701e-05,0,0,0,0,0,0,0,0,0,0,0,0,0,0,0,0,0,0,0,0,0,0,0,0,0,0,0,0,0,0,0
0,0,0,0,0,0,0,0,0,0,0,0,0,0,0,0,0,0,0,0,0,0,0,0,0,0,0,0,0,0,0,0,0,0,0,0,0,0,0,0,0,0,0,0,0,0,0,0,0,0,0,0,0,0,0,0,0,0,0,0,0,0,0.000282257198680562,0.000185956605511758,0,0,0,0.000292640541284966,0.000938463279532429,3.89477601770462e-05,4.21393280041069e-05,0,0,0,0,0,0,0,0,0,0,0,0,0,0,0,0,0,0,0,0,0,0,0,0,0,0,0,0,0
0,0,0,0,0,0,0,0,0,0,0,0,0,0,0,0,0,0,0,0,0,0,0,0,0,0,0,0,0,0,0,0,0,0,0,0,0,0,0,0,0,0,0,0,0,0,0,0,0,0,0,0,0,0,0,0,0,0,0,0.000102575786922661,0.000382139462855202,0.000161723303418137,0,0.000242964730873146,0.000434954841860433,0.000775973021281841,0.00022479394858383,0.00040189109629796,0.000221652506076489,0.000201212301373288,0.000423705311653824,6.31326966173659e-05,6.11019555364674e-05,0.000315339917585534,0.000107183328144846,3.98161840024719e-05,0,0,0,0,0,0,0,0,0,0,0,0,0,0,0,0,0,0,0,0,0,0,0,0
0,0,0,0,0,0,0,0,0,0,0,0,0,0,0,0,0,0,0,0,0,0,0,0,0,0,0,0,0,0,0,0,0,0,0,0,0,0,0,0,0,0,0,0,0,0,0,0,0,0,0,0,0,0,0,0,0,0,0,0.000347217121440824,0.000700584010813186,0.000305760314549991,3.70076443511455e-05,0.000355232389420392,0.000420861410310631,0.000358293561679613,0.000321524611212173,0.000294543914564499,0.000253083007976224,0.00020474953710253,0.000176708186098708,7.53402960601467e-05,0.00068851313659345,0.000423185009435415,0.000257387025113982,9.56134627387009e-05,0,0,0,0,0,0,0,0,0,0,0,0,0,0,0,0,0,0,0,0,0,0,0,0
0,0,0,0,0,0,0,0,0,0,0,0,0,0,0,0,0,0,0,0,0,0,0,0,0,0,0,0,0,0,0,0,0,0,0,0,0,0,0,0,0,0,0,0,0,0,0,0,0,0,0,0,0,0,0,0,0,5.20847411455089e-05,0.000450655281581647,0.000325591218503399,0.000258894525024079,0.000119026021112406,0.000219543242920907,0.00181401015528878,0.000302543385624069,0.000908527886404966,6.83836988353376e-05,0.000376546350898862,0.000333894917641249,0.00135451222977185,0.00031841166611501,0.000188315319619223,0.000340134912694393,0.00039356595485556,0.000272659794287451,0,0,0,0,0,0,0,0,0,0,0,0,0,0,0,0,0,0,0,0,0,0,0,0,0
0,0,0,0,0,0,0,0,0,0,0,0,0,0,0,0,0,0,0,0,0,0,0,0,0,0,0,0,0,0,0,0,0,0,0,0,0,0,0,0,0,0,0,0,0,0,0,0,0,0,0,0,0,0,0,4.7455678327229e-05,5.94173006629754e-05,5.30365626426321e-05,0.000311475052724597,0.000373970600461387,0.000425629395267151,0.000248406144041008,0.00028514406102732,0.00180761992446767,0.000567519516898405,0.000221489075038736,0.000438221456158518,0.000570023355968584,0.00031453470023739,0.000693713694128651,0.000815499203169824,0.000129012613219773,9.03197966014643e-05,0.000465040438763237,0.000538417715622602,0.000141305011391365,0.000317766816577967,0,5.20407257288043e-06,5.22204728495016e-05,0,0,0,0,0,0,0,0,0,0,0,0,0,0,0,0,0,0,0,0
0,0,0,0,0,0,0,0,0,0,0,0,0,0,0,0,0,0,0,0,0,0,0,0,0,0,0,0,0,0,0,0,0,0,0,0,0,0,0,0,0,0,0,0,0,0,0,0,0,0,0,0,0,0,0,0.000530583320557164,0.000672740560777351,0.000590000901385406,0.000391599552600516,0.000554573455357218,0.000177182327484583,0.00027207288133618,0.000881181787310732,0.000226535241088664,0.000254763867568982,0.000499786557763863,0.00060213014600075,0.000409780329860579,0.000618879707587334,0.000477240513375655,0.000553344939989258,0.000447703479515281,0.000370126088887885,0.00015893718638666,0.000344843060245622,0.000383758138158167,0.00107594467783373,0.00074193643572882,0.000326769607552411,0.00043373364675396,0,0,0,0,0,0,0,0,0,0,0,0,0,0,0,0,0,0,0,0
0,0,0,0,0,0,0,0,0,0,0,0,0,0,0,0,0,0,0,0,0,0,0,0,0,0,0,0,0,0,0,0,0,0,0,0,0,0,0,0,0,0,0,0,0,0,0,0,0,0,0,0,0,0,0.000126858935462877,0.000228848817168915,0.000890087723706947,0.000295960429580093,0.000280082177038597,0.000211272220275346,0.000580147410799568,0.000729745396722921,0.000474782838464982,0.000798436067973399,0.00088091094042462,0.00131646153981015,0.000787565551023808,0.00121161836118828,0.00150724016155447,0.000129143189162584,0,0.000332581035053815,0.000761358380584944,0.000802609324945069,0.000780179878009689,0.000776201853164623,0.000511444516458201,0.000973485086421865,0.000172595594575003,1.94227629271856e-05,0,2.12623779048245e-06,1.95095309141505e-06,0,0,0,0,0,0,0,0,0,0,0,0,0,0,0,0,0
0,0,0,0,0,0,0,0,0,0,0,0,0,0,0,0,0,0,0,0,0,0,0,0,0,0,0,0,0,0,0,0,0,0,0,0,0,0,0,0,0,0,0,0,0,0,0,0,0,0,0,0.000301741391973223,0.000127608794388323,6.62212103391557e-05,0.000338976344360879,0.00020581870301622,0.000740502828020064,0.0016799492356572,0.000207390461739118,0.000340928233692164,0.00029934914545235,0.000631296811162733,0.00130400573096065,0.000776593724332173,0.00033129664239193,0.000727664308003686,0.00060467454976518,0.000689501564537674,0.00125902994353372,0.00027266629359673,0,0.000442320726036319,0.00117397738810229,0.000176315985250514,0.000412997563370889,0.000583173300448843,0.000575288835188574,0.000372224862371372,0.000476099609450228,0.000410985680457772,0,0.000258621646239528,0.000237301162878575,0,0,0,0,0,0,0,0,0,0,0,0,0,0,0,0,0
0,0,0,0,0,0,0,0,0,0,0,0,0,0,0,0,0,0,0,0,0,0,0,0,0,0,0,0,0,0,0,0,0,0,0,0,0,0,0,0,0,0,0,0,0,0,0,0,0,0,0,4.96517150500652e-05,2.09980985883888e-05,0.000291641780868919,0.000655736364098391,0.000267222883452583,0.000418437201201328,0.00094767527846656,0.000380468064975609,0.00079900211143657,0.000731803349541889,0.000418107711020472,0.000313701961978134,0.000217887322957045,0.000249253968226531,0.000286428532037568,0.000304158387719921,0.000183754250364924,0.000852119019366973,0.000575202426954266,6.40843334904656e-05,0.000322622704029291,0.0005238158765297,3.77921104398412e-05,0.000465027102438566,0.0001042217621586,0.000430452811856447,8.46891375710087e-05,0.000781639162895769,0.000431020050773968,0.00051453650742056,5.77490572481291e-05,0,0,0,0,0,0,0,0,0,0,0,0,0,0,0,0,0,0
0,0,0,0,0,0,0,0,0,0,0,0,0,0,0,0,0,0,0,0,0,0,0,0,0,0,0,0,0,0,0,0,0,0,0,0,0,0,0,0,0,0,0,0,0,0,0,0,0,0,0,0,9.73541540908768e-06,0.000443362885736153,0.000302679819246939,0,0.00049910873923054,0.00105831756578145,0.000312667358244605,0.000514370217755677,0.000604150448597331,0.00087272914967598,0.000266475594949661,9.80197214668954e-05,0.000344864486654549,0.000752108639391346,0.000371592662749263,0.000232387152503743,0.000931078364062455,0.000832455471549897,0.00105987730783147,0.000786324537490631,0.000205838602633765,0.000751647049502379,0.000424990517976197,0.000371253475427231,0.000642225939507589,0.00104577645431696,0.000245030385318928,0.000494826773468265,0.000289806706693502,1.1720129293396e-05,0,0,0,0,0,0,0,0,0,0,0,0,0,0,0,0,0,0
0,0,0,0,0,0,0,0,0,0,0,0,0,0,0,0,0,0,0,0,0,0,0,0,0,0,0,0,0,0,0,0,0,0,0,0,0,0,0,0,0,0,0,0,0,0,0,0,0,0,0,0,0.000284509812903016,0.00033169168500506,5.71993941094956e-05,0.000601890279247411,0.000962976287045708,0.00128982046662917,0.000176763815527082,0.000914372095565662,0.000349532815778574,0.00063233191599955,0.000554047773691172,0.000336798691158515,0.00065356594988949,0.000988193472137617,0.000442577704384711,1.35434465803757e-06,0.000340286820256194,0.000928975849746408,0.000913970950376762,0.000254740995324627,0.000377067979222863,0.000558422180992568,0.0005680825263278,0.000380855605156597,0.000246606476959443,0.000305297202177272,0.000535204682363219,0.000388533527951256,8.63382689366345e-06,4.66023997548328e-05,0,0,0,0,0,0,0,0,0,0,0,0,0,0,0,0,0,0
0,0,0,0,0,0,0,0,0,0,0,0,0,0,0,0,0,0,0,0,0,0,0,0,0,0,0,0,0,0,0,0,0,0,0,0,0,0,0,0,0,0,0,0,0,0,0,0,0,0,0,0.000253169368379435,0.000519355291362079,0.000882182415742083,0.000529211510279235,0.000566849503212896,0.000495422662562544,0.000478909078966098,0.000215612279229123,0.00141883109938455,0.000131935947209058,0.000718500193383713,0.000644935114662218,0.000390064575834717,0.000561275879847269,0.00041121916801067,0.000723595051760035,0.000181512242809921,0.000771984868320246,0.000729024963218907,0.000195132070000791,0.000802323381129561,0.000329979698937044,0.000446343014174493,0.00137435147786851,0.000677140509204462,0.000818685402481062,0.000830163907578894,0.000580386426539593,0.000508452291923445,0.000345043767020271,0.000659245972097224,0,0,0,0,0,0,0,0,0,0,0,0,0,0,0,0,0,0
0,0,0,0,0,0,0,0,0,0,0,0,0,0,0,0,0,0,0,0,0,0,0,0,0,0,0,0,0,0,0,0,0,0,0,0,0,0,0,0,0,0,0,0,0,0,0,0,4.01941222885026e-09,1.57136958254037e-08,2.9897049717049e-05,0.000377605420076447,0.000155102217623895,0.000485649733679686,0.000949909165523388,0.000568639231335343,0.00013171400653585,0.000423962154565674,0.000340791213327983,0.000391802490317733,0.000505467901760678,0.000362567572076713,0.00134833394147107,0.00059561457425421,0.000269330945080771,5.87955140267908e-06,0.000380357453449526,0.00050472520959831,0.000234742343049547,0.000698241055027105,0.000603185622314548,0.000553702171750945,0.000684267280261294,0.000583896055106362,0.000768792330212228,0.00040396342411754,0.000328334033944043,0.000900058974763461,0.00104926435565237,0.00121333991667702,0.00069211065258,0.000221240237151401,0,0,0,0,0,0,0,0,0,0,0,0,0,0,0,0,0,0
0,0,0,0,0,0,0,0,0,0,0,0,0,0,0,0,0,0,0,0,0,0,0,0,0,0,0,0,0,0,0,0,0,0,0,0,0,0,0,0,0,0,0,0,0,0,0,0,0.000101840358518489,0.000398139908373457,5.37740129726754e-05,0.000486407983785955,0.000572975247517973,0.000286051708817792,0.000935717218250523,0.000216179609677333,1.57294897193122e-05,0.000371007309589671,0.00130057326034917,0.00129815400603053,0.00103713777569977,0.000509861288170097,0.000288630362440914,0.000639843013756352,0.000526929063729124,0.000733033236774863,0.000787313625106565,0.000368847367338286,0.000297308942205526,0.00107593628883335,0.000665435521827352,0.000235787407199359,0.000227412406138381,0.000208274074722306,0.00050496252264973,0.000523799708035357,0.00153875440785826,0.000679707116001041,0.000938312722936361,0.000499994573468114,0.000220620751537212,5.70074663575803e-05,0,0,0,0,0,0,0,0,0,0,0,0,0,0,0,0,0,0
0,0,0,0,0,0,0,0,0,0,0,0,0,0,0,0,0,0,0,0,0,0,0,0,0,0,0,0,0,0,0,0,0,0,0,0,0,0,0,0,0,0,0,0,0,0,0,0,0,0,9.91371133061227e-06,0.000110788364695415,0.000757175511857575,0.000654038237684448,0.000945788115945034,0.000988203305383104,0.000597203875549063,0.00103753186467222,0.00024150938126627,0.000616200505388938,0.000963128798995411,0.00136040432846823,0.00119516710294515,0.00111907134804136,0.000639009948172323,0.00032052539356157,0.000587884654154733,0.000500464648053169,0.000787481512575739,0.000594306293292164,0.00152044209885106,0.0006327576969916,0.000700644004264772,0.00047597108801108,0.00100423798761044,0.00097845412249472,0.00103659561381815,0.00131721447096658,0.00093950644381794,0.000451012415303636,7.27047386266145e-05,0.000165662300746962,0,0,0,0,0,0,0,0,0,0,0,0,0,0,0,0,0,0
0,0,0,0,0,0,0,0,0,0,0,0,0,0,0,0,0,0,0,0,0,0,0,0,0,0,0,0,0,0,0,0,0,0,0,0,0,0,0,0,0,0,0,0,0,0,0,0,0,6.61625334700448e-05,0.000261043325669266,0.000641789591948146,0.000620038045246143,0.00127714229644163,0.00121472835684404,0.00152638578662896,0.000679530182221244,0.000633936787984951,0.000576453218186474,0.00055457413978833,0.000668692063265651,0.000936200514860902,0.000367864351747894,0.000203210837184468,0.000488883045030785,0.000820960960208857,0.000349987414717323,0.000541491441967241,0.00035073835294251,0.00156407241514345,0.00230537885805957,0.00141206141071747,0.000618729007823664,0.000744455227268761,0.000752172167987341,0.00097065751712242,0.000906449544008371,0.00107147129011409,0.000822602956336665,0.00139698827776923,0.000327957890706131,0.000196472160355509,0.000120352745468921,3.01543726129155e-05,0,0,0,0,0,0,0,0,0,0,0,0,0,0,0,0
0,0,0,0,0,0,0,0,0,0,0,0,0,0,0,0,0,0,0,0,0,0,0,0,0,0,0,0,0,0,0,0,0,0,0,0,0,0,0,0,0,0,0,0,0,0,0,0,0,0.000264099819014466,0.00105023012439001,0.00198717524592775,0.00048177828960279,0.00101698627625371,0.00144984626394015,0.00185727075319077,0.000437499975839884,0.000335552792213313,0.000535206633035183,0.000985098822649562,0.000770342302885995,0.000771179938276535,0.000531984950133983,0.000160541254168436,0.000120204526120088,0.000804711412012939,0.000711440194687228,0.000298455730144302,7.07908087887104e-05,0.00111041198690288,0.00181494451108001,0.00120634030747642,0.00021282427967347,0.000426171727567965,0.00112051438528213,0.000846043825741305,0.00082074822024999,0.00120955269506524,0.00124360301328945,0.00130586560001425,0.000375139301347738,0.000120042187660754,0.000498777628016455,7.00215293551208e-05,0,0,0,0,0,0,0,0,0,0,0,0,0,0,0,0
0,0,0,0,0,0,0,0,0,0,0,0,0,0,0,0,0,0,0,0,0,0,0,0,0,0,0,0,0,0,0,0,0,0,0,0,0,0,0,0,0,0,0,0,0,0,0,0,0,0,0.000292584991449008,0.00122341501520514,0.000968666717962483,0.0014353947247257,0.000306982633340149,0.000694328605112029,0.000543457189775434,0.0010347564429314,0.00120886877353542,0.000873350016882447,0.000586883916503024,0.00072074091381956,0.000588337029997488,0.000352524572201605,0.000649726895985403,0.00157269629677829,0.000427091793355043,9.90342096882068e-05,0.000706614693467741,0.000500685744284973,0.00112375669855314,0.000839209246784793,0.000790788756322976,0.000768090461038574,0.000604652022988693,0.000700259414946772,0.00199938146827988,0.000984907183228224,0.000614385923186443,0.00145199468139109,0.000385509392595163,0.000179280767991628,0.000103822159313701,0,0,0,0,0,0,0,0,0,0,0,0,0,0,0,0,0
0,0,0,0,0,0,0,0,0,0,0,0,0,0,0,0,0,0,0,0,0,0,0,0,0,0,0,0,0,0,0,0,0,0,0,0,0,0,0,0,0,0,0,0,0,0,0,0,0,9.90027832093557e-05,0.000302104272052651,0.000590691636934375,0.00145299736714644,0.00197156235321497,0.00180169457096113,0.000626612606368213,0.000407313701960781,0.000458557094715643,0.000942664005222976,0.000547669712274238,0.000428370056078914,0.000174380780419114,0.000486796647194997,0.000136351470282088,0.00130482807824088,0.00100668032777573,0.000149248342769539,0.00019827138193794,0.000604724369989492,0.000605571024710756,0.000294779178958838,0.000340466620934701,0.000542386768359363,0.000182792659276626,0.000841138967806287,0.00112792663132757,0.0015306064803507,0.000979448519617219,0.0010261902977591,0.0017089948784781,0.00080743153351498,0.00102748401434783,0.000345958831278079,0.00010589727657203,0,0,0,0,0,0,0,0,0,0,0,0,0,0,0,0
0,0,0,0,0,0,0,0,0,0,0,0,0,0,0,0,0,0,0,0,0,0,0,0,0,0,0,0,0,0,0,0,0,0,0,0,0,0,0,0,0,0,0,0,0,0,0,0,0,0.000156646757075117,0.00054960156828259,0.000204878531240621,0.00123279426640351,0.00235337131484251,0.00218673416399939,0.001365362398801,0.000659629292473416,0.00151821668105358,0.00114046766959755,0.000999427724670718,0.00142829290090704,0.000855533896340011,0.000661463752852948,0.000663836646930885,0.000351960942518403,0.000534671967750304,9.85489008496838e-05,0.000240450761073631,0.000676137026894341,0.000298751392717393,0.000164664352961782,0.00127245584060422,0.00136798723853087,0.000395497302399939,0.00206158395734494,0.00147670580384254,0.00148848855219888,0.00123190585757405,0.00173455731142956,0.00174446234498797,0.00089885549094606,0.00103995354868324,0.00050510450037223,0.000400001923054738,0,0,0,0,0,0,0,0,0,0,0,0,0,0,0,0
0,0,0,0,0,0,0,0,0,0,0,0,0,0,0,0,0,0,0,0,0,0,0,0,0,0,0,0,0,0,0,0,0,0,0,0,0,0,0,0,0,0,0,0,0,0,0,0,0,0.000262700455359381,0.000214366466668135,0.000803923421063021,0.00149482286033264,0.00215077889267186,0.00159572523121164,0.00124933371642558,0.00179622313034268,0.00179122455689661,0.00130358133204894,0.000310875812782622,0.000571892702128574,0.00024792289404236,0.000784767421742346,0.000596095455637527,0.000904419959051489,0.000301086336564907,0.000683119955375622,0.000862111885850779,0.000911910819952532,0.000539015405576312,0.000601326899838606,0.00129782355973626,0.000602737413717903,0.00135460686161794,0.00145502423947389,0.0011775413114014,0.00204155296317139,0.0015267458358766,0.00142770950147161,0.00191598568585065,0.000811943642471157,0.000171830301867786,1.10018935961455e-05,0,0,0,0,0,0,0,0,0,0,0,0,0,0,0,0,0
0,0,0,0,0,0,0,0,0,0,0,0,0,0,0,0,0,0,0,0,0,0,0,0,0,0,0,0,0,0,0,0,0,0,0,0,0,0,0,0,0,0,0,0,0,0,0,0,0,0.000193813038142393,1.84622186695285e-05,0.000282246382862758,0.00113623971017599,0.00118708815759058,0.0024843841243539,0.00144910433140972,0.000920049011074117,0.00089381197425048,0.00164005166120988,0.000474141953807312,0.00156982945466921,0.000857517999831724,0.00158297574740874,0.000795362910641176,0.00154461904705661,0.000486522992322307,0.00135523776078562,0.000550161494627991,0.000572589593501229,0.000566395900599992,0.000366425879918344,0.00125782418224543,0.000650735477156504,0.000805681766420253,0.00151699006696235,0.00198171809175948,0.0018377674030934,0.00208144766856796,0.00243365446186466,0.000771358367052982,0.00121332679380137,0.000421446282449293,0,0,0,0,0,0,0,0,0,0,0,0,0,0,0,0,0,0
0,0,0,0,0,0,0,0,0,0,0,0,0,0,0,0,0,0,0,0,0,0,0,0,0,0,0,0,0,0,0,0,0,0,0,0,0,0,0,0,0,0,0,0,0,0,0,0,0,0,0,0.000329578073766154,0.000377742980843788,0.00167592336108907,0.00210136025953672,0.00270774862126119,0.00188084137325802,0.00126328228022624,0.00150460004849827,0.000994578718951377,0.00225421575728233,0.00132042251831346,0.00110265141594286,0.000692778002950893,0.00200961009333617,0.00172712017432034,0.00108904400727703,0.000744709188701259,0.00137202599777887,0.00062148479035621,0.000383539590737288,0.000163337194767014,0.00149741190722243,0.00158952541191789,0.00197682087508692,0.00190613178278803,0.00228033020425817,0.00255421237802545,0.00139065942691925,0.000493833326862278,0.000578117771339861,0.000142234334412709,0,0,0,0,0,0,0,0,0,0,0,0,0,0,0,0,0,0
0,0,0,0,0,0,0,0,0,0,0,0,0,0,0,0,0,0,0,0,0,0,0,0,0,0,0,0,0,0,0,0,0,0,0,0,0,0,0,0,0,0,0,0,0,0,0,0,0,0,0,0.000424920618022338,0.000383927952561159,0.000910237691455269,0.0019793315997686,0.00283067171843156,0.00325329900541667,0.00200586063422434,0.00249671663152907,0.00225982892651308,0.00108764552258533,0.000828870676221758,0.00102580610543452,0.000639846246845405,0.00165382501255431,0.00301688087891603,0.000882407020911039,0.0014623768124149,0.00155592088161824,0.000739537865168516,0.00048174684844882,0.00132453894284368,0.00227045504802023,0.00153434103709917,0.00303937231591721,0.00375268685792901,0.00305827404598137,0.00177117737167957,0.000753553538227301,4.14468428054296e-05,4.84566610388526e-05,0,0,0,0,0,0,0,0,0,0,0,0,0,0,0,0,0,0,0
0,0,0,0,0,0,0,0,0,0,0,0,0,0,0,0,0,0,0,0,0,0,0,0,0,0,0,0,0,0,0,0,0,0,0,0,0,0,0,0,0,0,0,0,0,0,0,0,0,0,9.74332911034161e-06,2.99856792600769e-05,0.000402716974089535,0.00120268600030451,0.00241651081287491,0.00311008627330558,0.0029710787440276,0.0030702000210354,0.00374945264188329,0.00210878723475347,0.0025015420743932,0.00119631633256458,0.0018074822640623,0.00247828169207193,0.00298485706953456,0.00302467074528376,0.00064164984807385,0.00255831488270384,0.0030414146385209,0.00222552497059091,0.00210758686350024,0.00213529005954759,0.00363277900145336,0.00366650376626757,0.003239909281543,0.00269251654413466,0.00230411539982038,0.00186941758583152,0.00042777263253538,0.000149793408542281,0,0,0,0,0,0,0,0,0,0,0,0,0,0,0,0,0,0,0,0
0,0,0,0,0,0,0,0,0,0,0,0,0,0,0,0,0,0,0,0,0,0,0,0,0,0,0,0,0,0,0,0,0,0,0,0,0,0,0,0,0,0,0,0,0,0,0,0,0,0,0.000112879025561822,0.00034739196606776,0.000359270073938058,0.000307828193859124,0.00277246896605971,0.00339864763354755,0.00242488019439362,0.00392447951171811,0.00448488544083812,0.00445915785590703,0.00356690458889341,0.00438644938504131,0.00250708276480662,0.00195409753778138,0.00317695202693883,0.00210127489032051,0.00233600595982236,0.00362716081411578,0.00244706717994083,0.00351286238295821,0.00173765963565539,0.00196793609953991,0.00267760497822147,0.00282232318797483,0.00263963882659946,0.00283920709946734,0.00131417838504934,0.000506567225242952,1.87072716543372e-05,0,0,0,0,0,0,0,0,0,0,0,0,0,0,0,0,0,0,0,0,0
0,0,0,0,0,0,0,0,0,0,0,0,0,0,0,0,0,0,0,0,0,0,0,0,0,0,0,0,0,0,0,0,0,0,0,0,0,0,0,0,0,0,0,0,0,0,0,0,0,0,0,0,0.000207152651765309,0.000349241013576052,0.00250755314188819,0.00187427702822117,0.00343528812388978,0.00296315100119981,0.00394906230122282,0.00485183658122979,0.00428783552973312,0.00514808929710345,0.00496948065046951,0.00369300147578153,0.00429214034587035,0.00344076390781896,0.00387252041947774,0.00543277886388839,0.00416984407691035,0.00480652175804903,0.00348762679825885,0.00242142444871792,0.00269134795225655,0.00276308801227486,0.00114309437463428,0.00189571034470235,0.00131289271232605,0.000973930013108894,2.75604823002473e-06,0,0,0,0,0,0,0,0,0,0,0,0,0,0,0,0,0,0,0,0,0
0,0,0,0,0,0,0,0,0,0,0,0,0,0,0,0,0,0,0,0,0,0,0,0,0,0,0,0,0,0,0,0,0,0,0,0,0,0,0,0,0,0,0,0,0,0,0,0,0,0,0,0,0,0.00024949590275985,0.000793163688863456,0.000744791474055578,0.00191717003879425,0.00305496599036569,0.00375010990144474,0.0042968828278508,0.00579634052948634,0.00424632902661833,0.00496487884939839,0.00483482073708449,0.00343380872318389,0.00592461076719389,0.00514276131190715,0.00446782429046061,0.00495604478680321,0.00558358353696629,0.00554930461233251,0.00499703420587619,0.00197875789972322,0.00200544805859891,0.00110587234158297,0.000931227832707655,0.000723352520895218,0.000299507058280887,1.02911272497985e-06,0,0,0,0,0,0,0,0,0,0,0,0,0,0,0,0,0,0,0,0,0
0,0,0,0,0,0,0,0,0,0,0,0,0,0,0,0,0,0,0,0,0,0,0,0,0,0,0,0,0,0,0,0,0,0,0,0,0,0,0,0,0,0,0,0,0,0,0,0,0,0,0,0,0,0.00025957692635807,0.000104646207240706,0.000428353861774254,0.000323479522528564,0.00143540105900237,0.00287032055484978,0.00396573709364202,0.00397454965162855,0.00602418840934085,0.00686025004950215,0.00687631257938296,0.00431160154550851,0.00587463257401078,0.00729316713302746,0.00607861651700024,0.00556847263462426,0.00526075633466434,0.00578500178744105,0.00397309901848148,0.00171004850519312,0.00087360307422533,0.000586664869697431,0.00030217516742421,0.000549524688775107,0,0,0,0,0,0,0,0,0,0,0,0,0,0,0,0,0,0,0,0,0,0,0
0,0,0,0,0,0,0,0,0,0,0,0,0,0,0,0,0,0,0,0,0,0,0,0,0,0,0,0,0,0,0,0,0,0,0,0,0,0,0,0,0,0,0,0,0,0,0,0,0,0,0,0,0,0.000219403081597188,0.00011306459886098,0.00119525017587802,0.000418924706837703,0.00172350987545986,0.0022584901354645,0.00193450896352434,0.00397330026882358,0.00669025231175712,0.00442880639825853,0.00696523674078018,0.00420087035713353,0.00542201649882734,0.00523156485656965,0.00499735143662029,0.00570952027832853,0.00467726612499851,0.00339883288001142,0.00232262317629927,0.00120623730669258,0.000302799207976419,0.000155849883447827,5.57513907094799e-05,0,0,0,0,0,0,0,0,0,0,0,0,0,0,0,0,0,0,0,0,0,0,0,0
0,0,0,0,0,0,0,0,0,0,0,0,0,0,0,0,0,0,0,0,0,0,0,0,0,0,0,0,0,0,0,0,0,0,0,0,0,0,0,0,0,0,0,0,0,0,0,0,0,0,0,0,0,0,0,9.48221247640544e-05,0.000158572366716103,0.000560095228981839,0.00172821319938375,0.00101237565394501,0.00206077901985224,0.0021001992652112,0.00266017307455248,0.00361840849897613,0.00400054958933656,0.00432437553919455,0.00366995152227613,0.00308499233611544,0.00441825311209109,0.00259985220234399,0.000977848902509546,0.00121245430171677,0.00032331723164198,2.183382214913e-05,0.000218415947073835,8.89767189879594e-05,0,0,0,0,0,0,0,0,0,0,0,0,0,0,0,0,0,0,0,0,0,0,0,0
0,0,0,0,0,0,0,0,0,0,0,0,0,0,0,0,0,0,0,0,0,0,0,0,0,0,0,0,0,0,0,0,0,0,0,0,0,0,0,0,0,0,0,0,0,0,0,0,0,0,0,0,0,0,0,0,0,3.83467193094136e-05,0.000197860594514513,0.000527847916261811,0.00104077120083284,0.0016627490571485,0.00136671033420427,0.00233817348947515,0.00215402765438082,0.0016716368120333,0.00228846415965339,0.00231385741379227,0.000884103073497495,0.000221101914313564,3.20283419726512e-05,0.000101512716164691,7.56268791691791e-05,0,0,0,0,0,0,0,0,0,0,0,0,0,0,0,0,0,0,0,0,0,0,0,0,0,0,0
0,0,0,0,0,0,0,0,0,0,0,0,0,0,0,0,0,0,0,0,0,0,0,0,0,0,0,0,0,0,0,0,0,0,0,0,0,0,0,0,0,0,0,0,0,0,0,0,0,0,0,0,0,0,0,0,0,0,0,0,9.18777090230768e-05,0.000290994978092718,0.000323621434143522,0.00103710499618725,0.000292609211701339,0.00101205077190858,0.000243163822429399,0.000949057182915668,0.000666961854140378,0.000347986298887949,0.000284814287885535,0,0,0,0,0,0,0,0,0,0,0,0,0,0,0,0,0,0,0,0,0,0,0,0,0,0,0,0,0
0,0,0,0,0,0,0,0,0,0,0,0,0,0,0,0,0,0,0,0,0,0,0,0,0,0,0,0,0,0,0,0,0,0,0,0,0,0,0,0,0,0,0,0,0,0,0,0,0,0,0,0,0,0,0,0,0,0,0,0,0,0,2.73402201951877e-05,3.1424704793641e-05,3.15638700227757e-06,4.96646101951516e-05,1.7387145002562e-05,0.000119324951965236,3.60916142348947e-05,0.000197537372969436,0.000162839541887241,0,0,0,0,0,0,0,0,0,0,0,0,0,0,0,0,0,0,0,0,0,0,0,0,0,0,0,0,0
0,0,0,0,0,0,0,0,0,0,0,0,0,0,0,0,0,0,0,0,0,0,0,0,0,0,0,0,0,0,0,0,0,0,0,0,0,0,0,0,0,0,0,0,0,0,0,0,0,0,0,0,0,0,0,0,0,0,0,0,0,0,0,0,0,0,0,0,0,0,0,0,0,0,0,0,0,0,0,0,0,0,0,0,0,0,0,0,0,0,0,0,0,0,0,0,0,0,0,0
0,0,0,0,0,0,0,0,0,0,0,0,0,0,0,0,0,0,0,0,0,0,0,0,0,0,0,0,0,0,0,0,0,0,0,0,0,0,0,0,0,0,0,0,0,0,0,0,0,0,0,0,0,0,0,0,0,0,0,0,0,0,0,0,0,0,0,0,0,0,0,0,0,0,0,0,0,0,0,0,0,0,0,0,0,0,0,0,0,0,0,0,0,0,0,0,0,0,0,0
0,0,0,0,0,0,0,0,0,0,0,0,0,0,0,0,0,0,0,0,0,0,0,0,0,0,0,0,0,0,0,0,0,0,0,0,0,0,0,0,0,0,0,0,0,0,0,0,0,0,0,0,0,0,0,0,0,0,0,0,0,0,0,0,0,0,0,0,0,0,0,0,0,0,0,0,0,0,0,0,0,0,0,0,0,0,0,0,0,0,0,0,0,0,0,0,0,0,0,0
0,0,0,0,0,0,0,0,0,0,0,0,0,0,0,0,0,0,0,0,0,0,0,0,0,0,0,0,0,0,0,0,0,0,0,0,0,0,0,0,0,0,0,0,0,0,0,0,0,0,0,0,0,0,0,0,0,0,0,0,0,0,0,0,0,0,0,0,0,0,0,0,0,0,0,0,0,0,0,0,0,0,0,0,0,0,0,0,0,0,0,0,0,0,0,0,0,0,0,0
0,0,0,0,0,0,0,0,0,0,0,0,0,0,0,0,0,0,0,0,0,0,0,0,0,0,0,0,0,0,0,0,0,0,0,0,0,0,0,0,0,0,0,0,0,0,0,0,0,0,0,0,0,0,0,0,0,0,0,0,0,0,0,0,0,0,0,0,0,0,0,0,0,0,0,0,0,0,0,0,0,0,0,0,0,0,0,0,0,0,0,0,0,0,0,0,0,0,0,0
0,0,0,0,0,0,0,0,0,0,0,0,0,0,0,0,0,0,0,0,0,0,0,0,0,0,0,0,0,0,0,0,0,0,0,0,0,0,0,0,0,0,0,0,0,0,0,0,0,0,0,0,0,0,0,0,0,0,0,0,0,0,0,0,0,0,0,0,0,0,0,0,0,0,0,0,0,0,0,0,0,0,0,0,0,0,0,0,0,0,0,0,0,0,0,0,0,0,0,0
0,0,0,0,0,0,0,0,0,0,0,0,0,0,0,0,0,0,0,0,0,0,0,0,0,0,0,0,0,0,0,0,0,0,0,0,0,0,0,0,0,0,0,0,0,0,0,0,0,0,0,0,0,0,0,0,0,0,0,0,0,0,0,0,0,0,0,0,0,0,0,0,0,0,0,0,0,0,0,0,0,0,0,0,0,0,0,0,0,0,0,0,0,0,0,0,0,0,0,0
0,0,0,0,0,0,0,0,0,0,0,0,0,0,0,0,0,0,0,0,0,0,0,0,0,0,0,0,0,0,0,0,0,0,0,0,0,0,0,0,0,0,0,0,0,0,0,0,0,0,0,0,0,0,0,0,0,0,0,0,0,0,0,0,0,0,0,0,0,0,0,0,0,0,0,0,0,0,0,0,0,0,0,0,0,0,0,0,0,0,0,0,0,0,0,0,0,0,0,0
0,0,0,0,0,0,0,0,0,0,0,0,0,0,0,0,0,0,0,0,0,0,0,0,0,0,0,0,0,0,0,0,0,0,0,0,0,0,0,0,0,0,0,0,0,0,0,0,0,0,0,0,0,0,0,0,0,0,0,0,0,0,0,0,0,0,0,0,0,0,0,0,0,0,0,0,0,0,0,0,0,0,0,0,0,0,0,0,0,0,0,0,0,0,0,0,0,0,0,0
0,0,0,0,0,0,0,0,0,0,0,0,0,0,0,0,0,0,0,0,0,0,0,0,0,0,0,0,0,0,0,0,0,0,0,0,0,0,0,0,0,0,0,0,0,0,0,0,0,0,0,0,0,0,0,0,0,0,0,0,0,0,0,0,0,0,0,0,0,0,0,0,0,0,0,0,0,0,0,0,0,0,0,0,0,0,0,0,0,0,0,0,0,0,0,0,0,0,0,0
0,0,0,0,0,0,0,0,0,0,0,0,0,0,0,0,0,0,0,0,0,0,0,0,0,0,0,0,0,0,0,0,0,0,0,0,0,0,0,0,0,0,0,0,0,0,0,0,0,0,0,0,0,0,0,0,0,0,0,0,0,0,0,0,0,0,0,0,0,0,0,0,0,0,0,0,0,0,0,0,0,0,0,0,0,0,0,0,0,0,0,0,0,0,0,0,0,0,0,0
0,0,0,0,0,0,0,0,0,0,0,0,0,0,0,0,0,0,0,0,0,0,0,0,0,0,0,0,0,0,0,0,0,0,0,0,0,0,0,0,0,0,0,0,0,0,0,0,0,0,0,0,0,0,0,0,0,0,0,0,0,0,0,0,0,0,0,0,0,0,0,0,0,0,0,0,0,0,0,0,0,0,0,0,0,0,0,0,0,0,0,0,0,0,0,0,0,0,0,0
0,0,0,0,0,0,0,0,0,0,0,0,0,0,0,0,0,0,0,0,0,0,0,0,0,0,0,0,0,0,0,0,0,0,0,0,0,0,0,0,0,0,0,0,0,0,0,0,0,0,0,0,0,0,0,0,0,0,0,0,0,0,0,0,0,0,0,0,0,0,0,0,0,0,0,0,0,0,0,0,0,0,0,0,0,0,0,0,0,0,0,0,0,0,0,0,0,0,0,0
0,0,0,0,0,0,0,0,0,0,0,0,0,0,0,0,0,0,0,0,0,0,0,0,0,0,0,0,0,0,0,0,0,0,0,0,0,0,0,0,0,0,0,0,0,0,0,0,0,0,0,0,0,0,0,0,0,0,0,0,0,0,0,0,0,0,0,0,0,0,0,0,0,0,0,0,0,0,0,0,0,0,0,0,0,0,0,0,0,0,0,0,0,0,0,0,0,0,0,0
0,0,0,0,0,0,0,0,0,0,0,0,0,0,0,0,0,0,0,0,0,0,0,0,0,0,0,0,0,0,0,0,0,0,0,0,0,0,0,0,0,0,0,0,0,0,0,0,0,0,0,0,0,0,0,0,0,0,0,0,0,0,0,0,0,0,0,0,0,0,0,0,0,0,0,0,0,0,0,0,0,0,0,0,0,0,0,0,0,0,0,0,0,0,0,0,0,0,0,0
0,0,0,0,0,0,0,0,0,0,0,0,0,0,0,0,0,0,0,0,0,0,0,0,0,0,0,0,0,0,0,0,0,0,0,0,0,0,0,0,0,0,0,0,0,0,0,0,0,0,0,0,0,0,0,0,0,0,0,0,0,0,0,0,0,0,0,0,0,0,0,0,0,0,0,0,0,0,0,0,0,0,0,0,0,0,0,0,0,0,0,0,0,0,0,0,0,0,0,0
0,0,0,0,0,0,0,0,0,0,0,0,0,0,0,0,0,0,0,0,0,0,0,0,0,0,0,0,0,0,0,0,0,0,0,0,0,0,0,0,0,0,0,0,0,0,0,0,0,0,0,0,0,0,0,0,0,0,0,0,0,0,0,0,0,0,0,0,0,0,0,0,0,0,0,0,0,0,0,0,0,0,0,0,0,0,0,0,0,0,0,0,0,0,0,0,0,0,0,0
0,0,0,0,0,0,0,0,0,0,0,0,0,0,0,0,0,0,0,0,0,0,0,0,0,0,0,0,0,0,0,0,0,0,0,0,0,0,0,0,0,0,0,0,0,0,0,0,0,0,0,0,0,0,0,0,0,0,0,0,0,0,0,0,0,0,0,0,0,0,0,0,0,0,0,0,0,0,0,0,0,0,0,0,0,0,0,0,0,0,0,0,0,0,0,0,0,0,0,0
0,0,0,0,0,0,0,0,0,0,0,0,0,0,0,0,0,0,0,0,0,0,0,0,0,0,0,0,0,0,0,0,0,0,0,0,0,0,0,0,0,0,0,0,0,0,0,0,0,0,0,0,0,0,0,0,0,0,0,0,0,0,0,0,0,0,0,0,0,0,0,0,0,0,0,0,0,0,0,0,0,0,0,0,0,0,0,0,0,0,0,0,0,0,0,0,0,0,0,0
0,0,0,0,0,0,0,0,0,0,0,0,0,0,0,0,0,0,0,0,0,0,0,0,0,0,0,0,0,0,0,0,0,0,0,0,0,0,0,0,0,0,0,0,0,0,0,0,0,0,0,0,0,0,0,0,0,0,0,0,0,0,0,0,0,0,0,0,0,0,0,0,0,0,0,0,0,0,0,0,0,0,0,0,0,0,0,0,0,0,0,0,0,0,0,0,0,0,0,0
0,0,0,0,0,0,0,0,0,0,0,0,0,0,0,0,0,0,0,0,0,0,0,0,0,0,0,0,0,0,0,0,0,0,0,0,0,0,0,0,0,0,0,0,0,0,0,0,0,0,0,0,0,0,0,0,0,0,0,0,0,0,0,0,0,0,0,0,0,0,0,0,0,0,0,0,0,0,0,0,0,0,0,0,0,0,0,0,0,0,0,0,0,0,0,0,0,0,0,0
0,0,0,0,0,0,0,0,0,0,0,0,0,0,0,0,0,0,0,0,0,0,0,0,0,0,0,0,0,0,0,0,0,0,0,0,0,0,0,0,0,0,0,0,0,0,0,0,0,0,0,0,0,0,0,0,0,0,0,0,0,0,0,0,0,0,0,0,0,0,0,0,0,0,0,0,0,0,0,0,0,0,0,0,0,0,0,0,0,0,0,0,0,0,0,0,0,0,0,0
0,0,0,0,0,0,0,0,0,0,0,0,0,0,0,0,0,0,0,0,0,0,0,0,0,0,0,0,0,0,0,0,0,0,0,0,0,0,0,0,0,0,0,0,0,0,0,0,0,0,0,0,0,0,0,0,0,0,0,0,0,0,0,0,0,0,0,0,0,0,0,0,0,0,0,0,0,0,0,0,0,0,0,0,0,0,0,0,0,0,0,0,0,0,0,0,0,0,0,0
0,0,0,0,0,0,0,0,0,0,0,0,0,0,0,0,0,0,0,0,0,0,0,0,0,0,0,0,0,0,0,0,0,0,0,0,0,0,0,0,0,0,0,0,0,0,0,0,0,0,0,0,0,0,0,0,0,0,0,0,0,0,0,0,0,0,0,0,0,0,0,0,0,0,0,0,0,0,0,0,0,0,0,0,0,0,0,0,0,0,0,0,0,0,0,0,0,0,0,0
0,0,0,0,0,0,0,0,0,0,0,0,0,0,0,0,0,0,0,0,0,0,0,0,0,0,0,0,0,0,0,0,0,0,0,0,0,0,0,0,0,0,0,0,0,0,0,0,0,0,0,0,0,0,0,0,0,0,0,0,0,0,0,0,0,0,0,0,0,0,0,0,0,0,0,0,0,0,0,0,0,0,0,0,0,0,0,0,0,0,0,0,0,0,0,0,0,0,0,0
0,0,0,0,0,0,0,0,0,0,0,0,0,0,0,0,0,0,0,0,0,0,0,0,0,0,0,0,0,0,0,0,0,0,0,0,0,0,0,0,0,0,0,0,0,0,0,0,0,0,0,0,0,0,0,0,0,0,0,0,0,0,0,0,0,0,0,0,0,0,0,0,0,0,0,0,0,0,0,0,0,0,0,0,0,0,0,0,0,0,0,0,0,0,0,0,0,0,0,0
0,0,0,0,0,0,0,0,0,0,0,0,0,0,0,0,0,0,0,0,0,0,0,0,0,0,0,0,0,0,0,0,0,0,0,0,0,0,0,0,0,0,0,0,0,0,0,0,0,0,0,0,0,0,0,0,0,0,0,0,0,0,0,0,0,0,0,0,0,0,0,0,0,0,0,0,0,0,0,0,0,0,0,0,0,0,0,0,0,0,0,0,0,0,0,0,0,0,0,0
0,0,0,0,0,0,0,0,0,0,0,0,0,0,0,0,0,0,0,0,0,0,0,0,0,0,0,0,0,0,0,0,0,0,0,0,0,0,0,0,0,0,0,0,0,0,0,0,0,0,0,0,0,0,0,0,0,0,0,0,0,0,0,0,0,0,0,0,0,0,0,0,0,0,0,0,0,0,0,0,0,0,0,0,0,0,0,0,0,0,0,0,0,0,0,0,0,0,0,0
0,0,0,0,0,0,0,0,0,0,0,0,0,0,0,0,0,0,0,0,0,0,0,0,0,0,0,0,0,0,0,0,0,0,0,0,0,0,0,0,0,0,0,0,0,0,0,0,0,0,0,0,0,0,0,0,0,0,0,0,0,0,0,0,0,0,0,0,0,0,0,0,0,0,0,0,0,0,0,0,0,0,0,0,0,0,0,0,0,0,0,0,0,0,0,0,0,0,0,0
