0,0,0,0,0,0,0,0,0,0,0,0,0,0,0,0,0,0,0,0,0,0,0,0,0,0,0,0,0,0,0,0,0,0,0,0,0,0,0,0,0,0,0,0,0,0,0,0,0,0,0,0,0,0,0,0,0,0,0,0,0,0,0,0,0,0,0,0,0,0,0,0,0,0,0,0,0,0,0,0,0,0,0,0,0,0,0,0,0,0,0,0,0,0,0,0,0,0,0,0
0,0,0,0,0,0,0,0,0,0,0,0,0,0,0,0,0,0,0,0,0,0,0,0,0,0,0,0,0,0,0,0,0,0,0,0,0,0,0,0,0,0,0,0,0,0,0,0,0,0,0,0,0,0,0,0,0,0,0,0,0,0,0,0,0,0,0,0,0,0,0,0,0,0,0,0,0,0,0,0,0,0,0,0,0,0,0,0,0,0,0,0,0,0,0,0,0,0,0,0
0,0,0,0,0,0,0,0,0,0,0,0,0,0,0,0,0,0,0,0,0,0,0,0,0,0,0,0,0,0,0,0,0,0,0,0,0,0,0,0,0,0,0,0,0,0,0,0,0,0,0,0,0,0,0,0,0,0,0,0,0,0,0,0,0,0,0,0,0,0,0,0,0,0,0,0,0,0,0,0,0,0,0,0,0,0,0,0,0,0,0,0,0,0,0,0,0,0,0,0
0,0,0,0,0,0,0,0,0,0,0,0,0,0,0,0,0,0,0,0,0,0,0,0,0,0,0,0,0,0,0,0,0,0,0,0,0,0,0,0,0,0,0,0,0,0,0,0,0,0,0,0,0,0,0,0,0,0,0,0,0,0,0,0,0,0,0,0,0,0,0,0,0,0,0,0,0,0,0,0,0,0,0,0,0,0,0,0,0,0,0,0,0,0,0,0,0,0,0,0
0,0,0,0,0,0,0,0,0,0,0,0,0,0,0,0,0,0,0,0,0,0,0,0,0,0,0,0,0,0,0,0,0,0,0,0,0,0,0,0,0,0,0,0,0,0,0,0,0,0,0,0,0,0,0,0,0,0,0,0,0,0,0,0,0,0,0,0,0,0,0,0,0,0,0,0,0,0,0,0,0,0,0,0,0,0,0,0,0,0,0,0,0,0,0,0,0,0,0,0
0,0,0,0,0,0,0,0,0,0,0,0,0,0,0,0,0,0,0,0,0,0,0,0,0,0,0,0,0,0,0,0,0,0,0,0,0,0,0,0,0,0,0,0,0,0,0,0,0,0,0,0,0,0,0,0,0,0,0,0,0,0,0,0,0,0,0,0,0,0,0,0,0,0,0,0,0,0,0,0,0,0,0,0,0,0,0,0,0,0,0,0,0,0,0,0,0,0,0,0
0,0,0,0,0,0,0,0,0,0,0,0,0,0,0,0,0,0,0,0,0,0,0,0,0,0,0,0,0,0,0,0,0,0,0,0,0,0,0,0,0,0,0,0,0,0,0,0,0,0,0,0,0,0,0,0,0,0,0,0,0,0,0,0,0,0,0,0,0,0,0,0,0,0,0,0,0,0,0,0,0,0,0,0,0,0,0,0,0,0,0,0,0,0,0,0,0,0,0,0
0,0,0,0,0,0,0,0,0,0,0,0,0,0,0,0,0,0,0,0,0,0,0,0,0,0,0,0,0,0,0,0,0,0,0,0,0,0,0,0,0,0,0,0,0,0,0,0,0,0,0,0,0,0,0,0,0,0,0,0,0,0,0,0,0,0,0,0,0,0,0,0,0,0,0,0,0,0,0,0,0,0,0,0,0,0,0,0,0,0,0,0,0,0,0,0,0,0,0,0
0,0,0,0,0,0,0,0,0,0,0,0,0,0,0,0,0,0,0,0,0,0,0,0,0,0,0,0,0,0,0,0,0,0,0,0,0,0,0,0,0,0,0,0,0,0,0,0,0,0,0,0,0,0,0,0,0,0,0,0,0,0,0,0,0,0,0,0,0,0,0,0,0,0,0,0,0,0,0,0,0,0,0,0,0,0,0,0,0,0,0,0,0,0,0,0,0,0,0,0
0,0,0,0,0,0,0,0,0,0,0,0,0,0,0,0,0,0,0,0,0,0,0,0,0,0,0,0,0,0,0,0,0,0,0,0,0,0,0,0,0,0,0,0,0,0,0,0,0,0,0,0,0,0,0,0,0,0,0,0,0,0,0,0,0,0,0,0,0,0,0,0,0,0,0,0,0,0,0,0,0,0,0,0,0,0,0,0,0,0,0,0,0,0,0,0,0,0,0,0
0,0,0,0,0,0,0,0,0,0,0,0,0,0,0,0,0,0,0,0,0,0,0,0,0,0,0,0,0,0,0,0,0,0,0,0,0,0,0,0,0,0,0,0,0,0,0,0,0,0,0,0,0,0,0,0,0,0,0,0,0,0,0,0,0,0,0,0,0,0,0,0,0,0,0,0,0,0,0,0,0,0,0,0,0,0,0,0,0,0,0,0,0,0,0,0,0,0,0,0
0,0,0,0,0,0,0,0,0,0,0,0,0,0,0,0,0,0,0,0,0,0,0,0,0,0,0,0,0,0,0,0,0,0,0,0,0,0,0,0,0,0,0,0,0,0,0,0,0,0,0,0,0,0,0,0,0,0,0,0,0,0,0,0,0,0,0,0,0,0,0,0,0,0,0,0,0,0,0,0,0,0,0,0,0,0,0,0,0,0,0,0,0,0,0,0,0,0,0,0
0,0,0,0,0,0,0,0,0,0,0,0,0,0,0,0,0,0,0,0,0,0,0,0,0,0,0,0,0,0,0,0,0,0,0,0,0,0,0,0,0,0,0,0,0,0,0,0,0,0,0,0,0,0,0,0,0,0,0,0,0,0,0,0,0,0,0,0,0,0,0,0,0,0,0,0,0,0,0,0,0,0,0,0,0,0,0,0,0,0,0,0,0,0,0,0,0,0,0,0
0,0,0,0,0,0,0,0,0,0,0,0,0,0,0,0,0,0,0,0,0,0,0,0,0,0,0,0,0,0,0,0,0,0,0,0,0,0,0,0,0,0,0,0,0,0,0,0,0,0,0,0,0,0,0,0,0,0,0,0,0,0,0,0,0,0,0,0,0,0,0,0,0,0,0,0,0,0,0,0,0,0,0,0,0,0,0,0,0,0,0,0,0,0,0,0,0,0,0,0
0,0,0,0,0,0,0,0,0,0,0,0,0,0,0,0,0,0,0,0,0,0,0,0,0,0,0,0,0,0,0,0,0,0,0,0,0,0,0,0,0,0,0,0,0,0,0,0,0,0,0,0,0,0,0,0,0,0,0,0,0,0,0,0,0,0,0,0,0,0,0,0,0,0,0,0,0,0,0,0,0,0,0,0,0,0,0,0,0,0,0,0,0,0,0,0,0,0,0,0
0,0,0,0,0,0,0,0,0,0,0,0,0,0,0,0,0,0,0,0,0,0,0,0,0,0,0,0,0,0,0,0,0,0,0,0,0,0,0,0,0,0,0,0,0,0,0,0,0,0,0,0,0,0,0,0,0,0,0,0,0,0,0,0,0,0,0,0,0,0,0,0,0,0,0,0,0,0,0,0,0,0,0,0,0,0,0,0,0,0,0,0,0,0,0,0,0,0,0,0
0,0,0,0,0,0,0,0,0,0,0,0,0,0,0,0,0,0,0,0,0,0,0,0,0,0,0,0,0,0,0,0,0,0,0,0,0,0,0,0,0,0,0,0,0,0,0,0,0,0,0,0,0,0,0,0,0,0,0,0,0,0,0,0,0,0,0,0,0,0,0,0,0,0,0,0,0,0,0,0,0,0,0,0,0,0,0,0,0,0,0,0,0,0,0,0,0,0,0,0
0,0,0,0,0,0,0,0,0,0,0,0,0,0,0,0,0,0,0,0,0,0,0,0,0,0,0,0,0,0,0,0,0,0,0,0,0,0,0,0,0,0,0,0,0,0,0,0,0,0,0,0,0,0,0,0,0,0,0,0,0,0,0,0,0,0,0,0,0,0,0,0,0,0,0,0,0,0,0,0,0,0,0,0,0,0,0,0,0,0,0,0,0,0,0,0,0,0,0,0
0,0,0,0,0,0,0,0,0,0,0,0,0,0,0,0,0,0,0,0,0,0,0,0,0,0,0,0,0,0,0,0,0,0,0,0,0,0,0,0,0,0,0,0,0,0,0,0,0,0,0,0,0,0,0,0,0,0,0,0,0,0,0,0,0,0,0,0,0,0,0,0,0,0,0,0,0,0,0,0,0,0,0,0,0,0,0,0,0,0,0,0,0,0,0,0,0,0,0,0
0,0,0,0,0,0,0,0,0,0,0,0,0,0,0,0,0,0,0,0,0,0,0,0,0,0,0,0,0,0,0,0,0,0,0,0,0,0,0,0,0,0,0,0,0,0,0,0,0,0,0,0,0,0,0,0,0,0,0,0,0,0,0,0,0,0,0,0,0,0,0,0,0,0,0,0,0,0,0,0,0,0,0,0,0,0,0,0,0,0,0,0,0,0,0,0,0,0,0,0
0,0,0,0,0,0,0,0,0,0,0,0,0,0,0,0,0,0,0,0,0,0,0,0,0,0,0,0,0,0,0,0,0,0,0,0,0,0,0,0,0,0,0,0,0,0,0,0,0,1.31107456148315e-05,0.000132325329476351,3.33376510584252e-05,3.76577149167864e-05,2.60201538904107e-05,9.18398189222342e-06,1.87394156676015e-05,2.17011322290403e-06,0,0,0,0,0,0,0,0,0,0,0,0,0,0,0,0,0,0,0,0,0,0,0,0,0,0,0,0,0,0,0,0,0,0,0,0,0,0,0,0,0,0,0
0,0,0,0,0,0,0,0,0,0,0,0,0,0,0,0,0,0,0,0,0,0,0,0,0,0,0,0,0,0,0,0,0,0,0,0,0,0,0,0,0,0,0,0,0,0,0,0,0,0.000247862698648509,0.000626992771653026,8.32775021900521e-05,0.00055599824511995,0.000693151954546362,0.000374606159039659,0.00083270072195479,0.000428621941835779,0,0,0,0,0,0,0,0,0,0,0,0,0,0,0,0,0,0,0,0,0,0,0,0,0,0,0,0,0,0,0,0,0,0,0,0,0,0,0,0,0,0,0
0,0,0,0,0,0,0,0,0,0,0,0,0,0,0,0,0,0,0,0,0,0,0,0,0,0,0,0,0,0,0,0,0,0,0,0,0,0,0,0,0,0,0,0,0,0,9.79299712107999e-05,0.000338140324573892,0.000116926180334395,0.000579885767488547,0.00161925218796863,0.00112543748948522,0.000450285751360652,0.00150773900928444,0.000997837022982486,0.000787033840195867,0.000586089427327366,0.000661753920243715,0.000496060966355226,0.000115045151549321,1.91154492538219e-05,4.0827161137565e-05,3.6619744495481e-05,0,0,0,0,0,0,0,0,0,0,0,0,0,0,0,0,0,0,0,0,0,0,0,0,0,0,0,0,0,0,0,0,0,0,0,0,0
0,0,0,0,0,0,0,0,0,0,0,0,0,0,0,0,0,0,0,0,0,0,0,0,0,0,0,0,0,0,0,0,0,0,0,0,0,0,0,0,0,0,0,8.62536936804598e-05,0.000275955424832926,0,7.25539635250625e-05,0.000322202973828664,0.000638191298249932,0.00191794713751747,0.00294699949991953,0.00234252504532503,0.00259387321027788,0.00363373349720251,0.00203864517256187,0.00206517000032372,0.00156241765857903,0.00161219913612818,0.00137715727312445,0.00103062178266304,0.000351739445836584,0.000244951239994998,0.000371580923950087,3.25264644826022e-05,0,0,0,0,0,0,0,0,0,0,0,0,0,0,0,0,0,0,0,0,0,0,0,0,0,0,0,0,0,0,0,0,0,0,0,0
0,0,0,0,0,0,0,0,0,0,0,0,0,0,0,0,0,0,0,0,0,0,0,0,0,0,0,0,0,0,0,0,0,0,0,0,0,0,0,0,0,0,0.000167247324216336,7.81402375196334e-05,0.000104978420738838,0.000718768086684298,0.00131309459856385,0.00131054415629142,0.00202633101084064,0.00340262870141603,0.00434910444794815,0.00425952918247355,0.00369131209812702,0.00386928798242645,0.00301989510597756,0.00359611418869291,0.00292029133126178,0.00505383874119102,0.00248735900962745,0.00161447197495917,0.000995508250324705,0.000429855063682503,0.000588809949689856,0.000238194820387603,0,0,0,0,0,0,0,0,0,0,0,0,0,0,0,0,0,0,0,0,0,0,0,0,0,0,0,0,0,0,0,0,0,0,0,0
0,0,0,0,0,0,0,0,0,0,0,0,0,0,0,0,0,0,0,0,0,0,0,0,0,0,0,0,0,0,0,0,0,0,0,0,0,0,0,0,0,0,0.000583876365655496,0.000334422984673457,0.000481482447368227,0.00064474370327064,0.00124719227365172,0.00251881427353913,0.00331915234245747,0.00472986841795703,0.00590458693882035,0.00569380757047464,0.00496854873422437,0.00372468172385378,0.00628501305379939,0.00639261959839705,0.00554215271466072,0.00472948118023236,0.00456447511794911,0.00317684015260419,0.00326504717413138,0.00108948245380188,0.000354029794457449,0.00063756570952816,0.00010239956556543,4.5747284924656e-06,0,0,0,0,0,0,0,0,0,0,0,0,0,0,0,0,0,0,0,0,0,0,0,0,0,0,0,0,0,0,0,0,0,0
0,0,0,0,0,0,0,0,0,0,0,0,0,0,0,0,0,0,0,0,0,0,0,0,0,0,0,0,0,0,0,0,0,0,0,0,0,0,0,0,0,0,0.000220434211217711,0.000158906054420592,0.000786188617123123,0.00301460669183185,0.00386526841444597,0.00310875491510815,0.00356524609394527,0.00378288284738989,0.00394804268550756,0.00434843724190775,0.00423610539731145,0.00525424904178235,0.00675620829858112,0.00532327984116862,0.00531211087590904,0.00696408048954589,0.00536647752369714,0.00487256405393127,0.00399044735147556,0.00322406966258134,0.00100718342935396,0.00117621499918304,0.000669528346121072,2.68923941895747e-05,0,0,0,0,0,0,0,0,0,0,0,0,0,0,0,0,0,0,0,0,0,0,0,0,0,0,0,0,0,0,0,0,0,0
0,0,0,0,0,0,0,0,0,0,0,0,0,0,0,0,0,0,0,0,0,0,0,0,0,0,0,0,0,0,0,0,0,0,0,0,0,0,0,0,0,0,0.00011061826186704,0.000650637643515778,0.00203411793716884,0.00275151272997775,0.00400206249087717,0.00323649664144437,0.00336645868132428,0.00314231467000081,0.00440304069233216,0.00220847791404687,0.00456835764178096,0.00371462733055857,0.00478700267412805,0.00425047083739816,0.00276000876596474,0.00386495813213722,0.00385579171754801,0.00547490278083142,0.00568550839974369,0.00450074554193294,0.00191241461529545,0.001441692899474,0.00148367278911276,0.00114377410386868,3.05279703595234e-05,0,0,0,0,0,0,0,0,0,0,0,0,0,0,0,0,0,0,0,0,0,0,0,0,0,0,0,0,0,0,0,0,0
0,0,0,0,0,0,0,0,0,0,0,0,0,0,0,0,0,0,0,0,0,0,0,0,0,0,0,0,0,0,0,0,0,0,0,0,0,0,0,0,0.000369540450196552,0.000399645756813019,0.000701654849760431,0.00172495412944676,0.00215627154904105,0.00375388613268122,0.00366847664130461,0.00261284725653809,0.00334918261709183,0.00194250195677587,0.0028412226115513,0.00121383024586299,0.00267821048763681,0.00281720036820556,0.00323504648830903,0.0034217751289176,0.0036243803046662,0.00516010117595825,0.00442248038051625,0.00459684343154261,0.00597241318027645,0.00455430379054513,0.00371479660594121,0.00137411569512861,0.00121239076630732,0.000950907653401612,0.00012965420773119,0,0,0,0,0,0,0,0,0,0,0,0,0,0,0,0,0,0,0,0,0,0,0,0,0,0,0,0,0,0,0,0,0
0,0,0,0,0,0,0,0,0,0,0,0,0,0,0,0,0,0,0,0,0,0,0,0,0,0,0,0,0,0,0,0,0,0,0,0,0,0,0,9.14104809250081e-05,0.000590197757191222,0.000733300925170837,0.00162745702396476,0.00248410722324418,0.00282831859683754,0.00312875491821549,0.00336459716932809,0.00307975675365802,0.00220890480305517,0.00186110929835516,0.00239658192362019,0.00220814481641336,0.00234918035179119,0.00301741496305927,0.00319016426127156,0.00211920192964168,0.0029637460692316,0.0045373496627574,0.00336108497798017,0.00437295189596617,0.00515661723194991,0.00566875217732246,0.00552978602865634,0.00369479361537469,0.00127301691885854,0.00153336836046028,0.000502383397874199,0,0,0,0,0,0,0,0,0,0,0,0,0,0,0,0,0,0,0,0,0,0,0,0,0,0,0,0,0,0,0,0,0
0,0,0,0,0,0,0,0,0,0,0,0,0,0,0,0,0,0,0,0,0,0,0,0,0,0,0,0,0,0,0,0,0,0,0,0,0,0,1.17146669872912e-05,0.000451580644714535,0.000634193998112487,0.00143624662043802,0.00298637068680542,0.00194005467947368,0.00202345984702532,0.00285859592952997,0.0033962412509771,0.00229530084801854,0.00140498216061209,0.00219088222308538,0.00144522611862364,0.00129548340502361,0.00221696257316384,0.00326046673743189,0.0020994780985747,0.00113011256112593,0.00211608608842363,0.00230413984602223,0.0018660372164024,0.00220659275672941,0.00326475186057413,0.00330627178229841,0.00493599007514836,0.00296295746420936,0.00303635267007784,0.00131502843652064,0.000782702913344795,0.000324904993400315,0,0,0,0,0,0,0,0,0,0,0,0,0,0,0,0,0,0,0,0,0,0,0,0,0,0,0,0,0,0,0,0
0,0,0,0,0,0,0,0,0,0,0,0,0,0,0,0,0,0,0,0,0,0,0,0,0,0,0,0,0,0,0,0,0,0,0,0,0,0,2.19792220445967e-06,0.000913121071408099,0.00183901461597695,0.00146930240392176,0.00294282061405677,0.00202526263318599,0.000448543042323208,0.00236397643395362,0.00136539986686033,0.00236771382361831,0.00094697652916342,0.00168373444194905,0.00134286761923621,0.00110900233130096,0.00130115252906865,0.00198338977323163,0.00159514179507006,0.00112001499615686,0.0019926103509928,0.0027965319024166,0.00151713886649666,0.0021840111229728,0.00304071183208789,0.00324680145365679,0.00423650126251478,0.00222868949122957,0.0017884549863001,0.00145160891850111,0.000998171261069791,0.000161338761753723,9.62131661029004e-05,0,0,0,0,0,0,0,0,0,0,0,0,0,0,0,0,0,0,0,0,0,0,0,0,0,0,0,0,0,0,0
0,0,0,0,0,0,0,0,0,0,0,0,0,0,0,0,0,0,0,0,0,0,0,0,0,0,0,0,0,0,0,0,0,0,0,0,0,6.10594025165205e-05,0.00017596486044997,0.000941076546648233,0.00110204017041612,0.000870098353753711,0.00152779951512973,0.00097522879118136,0.000964590635792718,0.00111968732808893,0.00211073066502597,0.0012477996860525,0.00155824803348697,0.000269690684406791,0.000224088345933484,0.000502762391165811,0.000849564250396279,0.0010043105837532,0.00165846287277517,0.000759378322932194,0.000856770900162699,0.00162784232741352,0.000354863805067582,0.000410775201046114,0.000817172535452571,0.00161666325957199,0.00174963731194005,0.0023200416328335,0.00209388981149367,0.00229049077446335,0.00110027495993658,0.000941798264020653,0.000516181255394471,0,0,0,0,0,0,0,0,0,0,0,0,0,0,0,0,0,0,0,0,0,0,0,0,0,0,0,0,0,0,0
0,0,0,0,0,0,0,0,0,0,0,0,0,0,0,0,0,0,0,0,0,0,0,0,0,0,0,0,0,0,0,0,0,0,0,0,0,0.000209674175775579,0.000410219454744619,0.00125948331881937,0.0011023082036881,0.00100386172256713,0.00133346827435138,0.00190864342543272,0.000744959941706993,0.00114894047665123,0.00101409429393152,0.000721836607165352,0.00118351798916809,5.1087756045479e-05,0.000480068981308896,0.000316504109506512,0.0007875401483913,0.000672696982056182,0.00114102598225912,0.000333037628728706,0.000690818467115755,0.000267080551191582,0.000314533313400937,0.000659811491598569,0.000984311180766901,0.00158392935526377,0.00187986108467306,0.00131558180773473,0.00317459027592167,0.00204616025773014,0.000730265977013873,0.000809872133126501,0.000260758568554184,1.29212809343911e-05,0,0,0,0,0,0,0,0,0,0,0,0,0,0,0,0,0,0,0,0,0,0,0,0,0,0,0,0,0,0
0,0,0,0,0,0,0,0,0,0,0,0,0,0,0,0,0,0,0,0,0,0,0,0,0,0,0,0,0,0,0,0,0,0,0,0,0,0.000219347727012084,0.000273693852054052,0.00172410539022838,0.00205210226871053,0.000911010176381939,0.00159975694017581,0.00125764645711943,0.000898897847290676,0.000649196503778827,0.000427403034953635,0.000895673002195338,0.000254308008417266,0.00122396732888596,0.00122078526977767,0.00087193746204324,0.000773538557268772,0.00138153240021947,0.00125713325967793,0.00112230032544525,0.000399583694193629,0.000588929762760168,0.00122274073276548,0.00210930514530406,0.000603862908716175,0.00164037237402793,0.00120775042106691,0.000568062427021459,0.00112060703864312,0.00169910683086982,0.00226513029585854,0.00192011697762847,0.000818166530379825,0.000303083587440105,0,0,0,0,0,0,0,0,0,0,0,0,0,0,0,0,0,0,0,0,0,0,0,0,0,0,0,0,0,0
0,0,0,0,0,0,0,0,0,0,0,0,0,0,0,0,0,0,0,0,0,0,0,0,0,0,0,0,0,0,0,0,0,0,0,0,0,3.67668472167476e-05,0.000151981969870359,0.00151818981683826,0.00265339782217022,0.00101570079666929,0.000454770895716737,0.00101062591786094,0.0011506583267993,0.000400907705609874,0.00110287087542362,0.00059422558165064,0.000761054365754631,0.000919546461433676,0.000179775487133508,0.00112386320682241,0.000363329691235625,0.00122594222460774,0.00104313424585411,0.0008493679413389,0.00153953052637145,0.000999998542040829,0.000745579775358415,0.00095723069887706,0.000129754125550514,0.00104305710735237,0.0013715733878795,0.0023169501548646,0.00157867074156514,0.00253580597058444,0.00155342178839535,0.000563841265779297,0.000302593313310747,7.69032164949719e-05,0,0,0,0,0,0,0,0,0,0,0,0,0,0,0,0,0,0,0,0,0,0,0,0,0,0,0,0,0,0
0,0,0,0,0,0,0,0,0,0,0,0,0,0,0,0,0,0,0,0,0,0,0,0,0,0,0,0,0,0,0,0,0,0,4.98725603041998e-05,0.00039677636185702,0.000322596445107067,0.000610378998866873,6.06847028100194e-05,0.00158738304995513,0.00117539618691289,0.000686952961713983,0.00169731461883133,0.000931375251095932,0.000560873335836504,0.000650253068122215,0.000235174747946688,0.000687144911784058,0.000763567439510958,0.0002465148882221,0.000125455702687647,0.0005605821209849,0.000389723173946189,0.00041799385360739,0.000220830124106305,0.000310195441374566,0.000304731791341977,0.000557475006872461,0.00116956232008223,0.000758593320064956,0.000433639525111291,0.000353809665723666,0.00151320973276835,0.00179460591041601,0.000520093845771606,0.00218234458250404,0.00193803586245594,0.000747165313571237,0.000246265300668645,0.000135592684779308,0,0,0,0,0,0,0,0,0,0,0,0,0,0,0,0,0,0,0,0,0,0,0,0,0,0,0,0,0,0
0,0,0,0,0,0,0,0,0,0,0,0,0,0,0,0,0,0,0,0,0,0,0,0,0,0,0,0,0,0,0,0,0,0,5.95715049290593e-06,4.73939273458741e-05,9.30024805044133e-05,0.000370949382383692,0,0.00044312228370055,0.00134565184501452,0.00129146847895519,0.0015570582645478,0.00117855732081306,0.00137551461451771,0.000615821951126789,0.000498294925073046,0.000370196817307672,0.000532532600071738,0.000372975654764326,0.000806680994361714,5.31611583025179e-05,0.000708849398151625,0.000618070209190803,0.00033771610955536,0.000403195354351042,0.000496176615515337,0.000803387767940146,0.000621849288455347,3.01374318365683e-05,0.000686276071119908,0.000316977892196423,0.000571757940122649,0.00125105644657129,0.00180370102377177,0.00234763779987448,0.00156977651038936,0.00130878440746795,0.000820618519328641,0.000125746117722895,0,0,0,0,0,0,0,0,0,0,0,0,0,0,0,0,0,0,0,0,0,0,0,0,0,0,0,0,0,0
0,0,0,0,0,0,0,0,0,0,0,0,0,0,0,0,0,0,0,0,0,0,0,0,0,0,0,0,0,0,0,0,0,0,0,0,0,0.000353021789947366,0.000441535586907366,0.000381056117098973,0.000147901167253258,0.00114187839285401,0.000356016210959461,0.000570831100301943,0.00127013155016914,0.00100159462885741,0.000597308718684933,0.000428251088697348,0.000788785993426143,0.000385513280435897,0.00048103422888037,0.000249315694447259,0.000542115748632883,0.000181602548524939,0.00126020839207901,0.00149873917427551,0.00017057916415084,0.000861493327416757,0.00151719775935738,0.000561797370837753,9.36943725877164e-05,0.000504640404585583,0.00100187797469165,0.00196936907567741,0.00143515465758726,0.000951039162151821,0.00123705119459186,0.00135813609306393,0.000236325379195258,7.76177836732665e-05,1.85769247056816e-06,0,0,0,0,0,0,0,0,0,0,0,0,0,0,0,0,0,0,0,0,0,0,0,0,0,0,0,0,0
0,0,0,0,0,0,0,0,0,0,0,0,0,0,0,0,0,0,0,0,0,0,0,0,0,0,0,0,0,0,0,0,0,0,0,0,0,0.000139006427983193,0.000162122971149623,0.000863581966733092,0.000491065888471942,0.00113747763500695,0.000260470546022109,0.000179305844064476,0.000299535935263533,0.000970224776986027,0.000624463027140814,0.000944301362777168,0.00112704656574446,0,0.00140105249760804,0.0010800390904233,0.00030806223567507,0.000234015826407846,0.00140458872845936,0.00111464767838718,0.000303641567473947,0.00121604278772967,0.00131028990248678,0.000711443558223095,0.000351379535567337,0.000764360952975737,0.000755086817377953,0.0008573798087874,0.00183437762802196,0.000918501699380249,0.00163319877559643,0.00138442719633909,0.0012850273062087,0.000597148693956032,4.36829769200858e-05,0,0,0,0,0,0,0,0,0,0,0,0,0,0,0,0,0,0,0,0,0,0,0,0,0,0,0,0,0
0,0,0,0,0,0,0,0,0,0,0,0,0,0,0,0,0,0,0,0,0,0,0,0,0,0,0,0,0,0,0,0,0,0,0,0,0,0.000194845293268544,0.000280441789170128,0.0009577855110909,0.00123404629821725,0.000650435796932423,0.00139473387692575,0.00100347407154808,0.000950149983713741,0.000627720085097789,0.000602825701098421,0.000778086447665725,0.000787271748383634,1.58942439600684e-05,0.000719061437064867,0.000811516523586335,0.000379718144388914,0.000169526455984458,0.000272068445909991,0.00070440251092358,0.000731441935827673,0.000597229934347305,0.000937256589935968,0.0010267689523864,0.00104383627307234,0.000856822278941138,0.000597485083044175,0.000520819041052456,0.0015771912382548,0.00148029573741238,0.00165145082023532,0.000798269986886817,0.000468554018605655,0.000138790490050467,0,0,0,0,0,0,0,0,0,0,0,0,0,0,0,0,0,0,0,0,0,0,0,0,0,0,0,0,0,0
0,0,0,0,0,0,0,0,0,0,0,0,0,0,0,0,0,0,0,0,0,0,0,0,0,0,0,0,0,0,0,0,0,0,0,0,0,0.000210278619587719,0.000524042848448772,0.000444508791107931,0.000993969027612911,0.00102577329547152,0.00127291301140127,0.00112737039089262,0.000586364521685636,0.0012106659489609,0.000679542971805386,0.000589424157534267,0.000557586890112309,0.000884749017103375,0.0010314233340117,0.000756208550029147,0.000542566761164993,0.000655591599733662,0.000141937522148143,0.000485621714589524,0.000788200888339446,0.000727511157842077,0.000567800130456366,0.00124723952927471,0.000790670501048158,0.000680274551134288,0.000461953966192909,0.00022243367866334,0.00105767305032934,0.00138407393972804,0.000898314605979936,0.000547591095849651,0.00011783501265972,0,2.36175303634828e-05,0.000217533406354557,0,0,0,0,0,0,0,0,0,0,0,0,0,0,0,0,0,0,0,0,0,0,0,0,0,0,0,0
0,0,0,0,0,0,0,0,0,0,0,0,0,0,0,0,0,0,0,0,0,0,0,0,0,0,0,0,0,0,0,0,0,0,0.000269075441348428,0.000103271515602464,0,0.000454155486062333,0.000430050098399403,0.000240550321906017,0.000541633384755494,0.000792504574372971,0.000985169399055019,0.00081187156541483,0.000526255751560164,0.000242394219432269,0.000540630738773512,0.00031047178534777,0.000988399418625086,0.00104433043755756,0.0006877965186815,0.0006657730889135,0.000257979221529576,0.000585161234853736,0.000706013728758176,0.00130207270166039,0.000581169681698897,0.000394633213161765,0.000638730402598439,0.00139291473453265,0.000739474522162094,0.000521907162828119,0.00104524402244469,0.00154361716233309,0.000921460083685922,0.000248266350108036,0.000351850339167078,0.000569272903107062,0.000172655904218272,0,2.53508267262869e-05,0.000233498236555674,0,0,0,0,0,0,0,0,0,0,0,0,0,0,0,0,0,0,0,0,0,0,0,0,0,0,0,0
0,0,0,0,0,0,0,0,0,0,0,0,0,0,0,0,0,0,0,0,0,0,0,0,0,0,0,0,0,0,0,0,0,0,9.22480988677414e-05,3.54049441813665e-05,0,0,0,0.000327980116314902,0.000781987411329469,0.000736546937672358,0.000657505495834498,0.000369303129402013,0.000439236169390817,0.000270923523175827,0.000580844021287913,9.03141481739199e-05,0.000341924615847858,0.000325355117978311,0.000353824274927156,0.00121039334451362,0.000153860830769933,0.000186881672256809,0.000653510749526062,0.000793540110827455,0.000162607812844841,4.81807453669702e-05,0,0.000275197533163814,0.000807828489399987,0.000587920633245977,0.000422861790423628,0.000623793435611959,0.000510826258573437,0.000455086032203664,0.000111720587731299,8.77940617339862e-06,0,0,0,0,0,0,0,0,0,0,0,0,0,0,0,0,0,0,0,0,0,0,0,0,0,0,0,0,0,0,0,0
0,0,0,0,0,0,0,0,0,0,0,0,0,0,0,0,0,0,0,0,0,0,0,0,0,0,0,0,0,0,0,0,0,0,0,0,0,0,0.000259157562525344,0.000441787551128097,0.000521960731333053,0.00067156588085366,0.000383919009194664,0.000423807263142588,0.000958415110064011,0.000108131328815816,0.000213680423842623,0.000259339337861855,0.000285207692758053,0.000324725376180641,0.000305722118861084,0.000511930310185285,0.00060020993063597,0.000895947583283589,0.000372121180006917,0.000511341809900253,0.000380724469210655,0.000301486884470571,0.000458703672626525,0.00060830038402683,0.00122980033322521,0.000350559770268829,0.00103724886428715,0.00150084567008953,0.00109607738242667,0.000470041612720411,0,0.00024437419974095,0.000214073179271085,0,0,0,0,0,0,0,0,0,0,0,0,0,0,0,0,0,0,0,0,0,0,0,0,0,0,0,0,0,0,0
0,0,0,0,0,0,0,0,0,0,0,0,0,0,0,0,0,0,0,0,0,0,0,0,0,0,0,0,0,0,0,0,0,0,0,0,0,0,7.31936231649056e-05,0.000360797805728049,0.000496397439336752,0,0.000304516148875586,0.000610622309558832,0.00036406095801068,1.5039673951788e-05,0.000431906286666763,0.000761403893105832,0.000271322886016547,4.53757896906223e-05,0.000379896900041578,0.00036609966809236,0.000335370608702689,0.00026497624173219,0.000776465756420218,0.000135406531515667,0.000307285795164062,0.000748431428157172,0.000821097638746967,0.000580801481033207,0.00111249397279809,0.0013104106417114,0.00138581861810093,0.00111627077787408,0.000846712305261753,0.000603754425834418,2.14383937428262e-05,0.000277789533207229,0.000263763087780736,0,0,0,0,0,0,0,0,0,0,0,0,0,0,0,0,0,0,0,0,0,0,0,0,0,0,0,0,0,0,0
0,0,0,0,0,0,0,0,0,0,0,0,0,0,0,0,0,0,0,0,0,0,0,0,0,0,0,0,0,0,0,0,0,0,0,0,0,0,0,0,0,0,0.000366930951688448,0.000595167373895063,0.000121884921619742,0.000106116366195112,0.000837114241542197,0.00159608411026143,0.00138068435817847,0.000277008776507998,0.000235648442342753,0.000362837615214632,0.000389360371566424,7.71259762949361e-05,9.66055313617922e-05,0.000760082447632747,0.000961803793035264,0.000567696761749455,0.00021847758620712,0.000651627739998815,0.000647208543760761,0.00119703119338397,0.000460740114593594,0.000463536782304496,0.000800141466671959,0.000760870480484037,0.000249812985299706,0,0,0,0,0,0,0,0,0,0,0,0,0,0,0,0,0,0,0,0,0,0,0,0,0,0,0,0,0,0,0,0,0
0,0,0,0,0,0,0,0,0,0,0,0,0,0,0,0,0,0,0,0,0,0,0,0,0,0,0,0,0,0,0,0,0,0,0,0,0,0,0,0,0,5.18923325040014e-05,0.000457901534196846,0.000191699598218259,0.000388971139819449,0.000545605164474384,0.000985482724345192,0.000725936035428359,0.000964300688311934,0.00051952271389436,0.00073405898060648,0.000592232123311733,0.00188875924957921,0.000570989092778826,0.000636844695517895,0.00123883870824965,0.000833768197033125,0.000576177824565205,0.000877174241408538,0.000488827671984465,0.000516591246135836,0.000186450176296079,0.000169758122137946,7.59976958779925e-05,0.00021640346301208,0.000135486420517852,0,0,0,0,0,0,0,0,0,0,0,0,0,0,0,0,0,0,0,0,0,0,0,0,0,0,0,0,0,0,0,0,0,0
0,0,0,0,0,0,0,0,0,0,0,0,0,0,0,0,0,0,0,0,0,0,0,0,0,0,0,0,0,0,0,0,0,0,0,0,0,0,0,0,0,0.000219640116675502,0.000204126011040267,0.000517198084875179,0.00120014727110582,0.000179721305286608,0.000341759492751681,0.000454843591376925,0.00033588846117695,0.000482467670202922,0.000508807442129695,0.000514659868573295,0.000543808269651535,0.000948353261821548,0.000832685708181937,0.000396093511938354,0.000351495612794163,0.00118906611652413,0.00164043020670319,0.00110370768550579,0.000957439044554527,0.000822052779632228,0.000750074773344749,0.000264018636825301,0,0,0,0,0,0,0,0,0,0,0,0,0,0,0,0,0,0,0,0,0,0,0,0,0,0,0,0,0,0,0,0,0,0,0,0
0,0,0,0,0,0,0,0,0,0,0,0,0,0,0,0,0,0,0,0,0,0,0,0,0,0,0,0,0,0,0,0,0,0,0,0,0,0,0,0,0,0,0,0.0002714236976267,0.000672839080972237,0.000269886486857927,0.000696533134391177,0.0002153235381283,0.000848110757118738,0.000893709629520572,0.000198551433048363,0.000105138524923962,0.000411044366751498,0.000524596603055211,0.00113051155565737,0.000714028562278332,0.000100318565906672,0.00035439141545731,0.00053657173219214,0.00094638964951245,0.000796264018568708,0.00106236940713758,0.000274970023581814,0.00022493092312656,0.000259865007918904,0.000144432637551536,0,0,0,0,0,0,0,0,0,0,0,0,0,0,0,0,0,0,0,0,0,0,0,0,0,0,0,0,0,0,0,0,0,0
0,0,0,0,0,0,0,0,0,0,0,0,0,0,0,0,0,0,0,0,0,0,0,0,0,0,0,0,0,0,0,0,0,0,0,0,0,0,0,0,0,0,0.000321188899958167,7.16795588344603e-05,0.000507923906488092,0.000288293151289018,0.000388400973065604,1.02206212477047e-05,0.000482884100322795,0.000430830581803288,0.000111053826693981,0.000282694790598829,0.000142453415503624,0.000133934092424367,0.00115200628493768,0.000447024698262942,2.01520411297109e-05,0.00031601861969459,8.30288821066105e-05,8.68052255066481e-05,0.000341382573757598,0.000812511885064513,0.000465264487633324,0,6.15133266204004e-05,3.41890279091602e-05,0,0,0,0,0,0,0,0,0,0,0,0,0,0,0,0,0,0,0,0,0,0,0,0,0,0,0,0,0,0,0,0,0,0
0,0,0,0,0,0,0,0,0,0,0,0,0,0,0,0,0,0,0,0,0,0,0,0,0,0,0,0,0,0,0,0,0,0,0,0,0,0,0,0,0,0,0.000126802150771851,1.47209338581012e-05,0,3.97752800104457e-05,5.75652316613499e-05,7.64152409548974e-06,0.000472820934241465,0.00039888911756691,0,0.000210657307787354,0.00102429215518129,0.000625006476469945,0.000223168339024847,0.000666126705877765,0,0,0,0,0,7.62154738346292e-05,0.000369052246209411,0,0,0,0,0,0,0,0,0,0,0,0,0,0,0,0,0,0,0,0,0,0,0,0,0,0,0,0,0,0,0,0,0,0,0,0,0
0,0,0,0,0,0,0,0,0,0,0,0,0,0,0,0,0,0,0,0,0,0,0,0,0,0,0,0,0,0,0,0,0,0,0,0,0,0,0,0,0,0,0,0,0,0,3.2776262127297e-06,8.42077110878054e-05,0,0,1.5725327544536e-05,1.84232089902792e-05,0.000125032993436696,0.000176465976542525,4.29085167059362e-05,0.00021658813747317,0,0,0,0,0,0,0,0,0,0,0,0,0,0,0,0,0,0,0,0,0,0,0,0,0,0,0,0,0,0,0,0,0,0,0,0,0,0,0,0,0,0,0,0
0,0,0,0,0,0,0,0,0,0,0,0,0,0,0,0,0,0,0,0,0,0,0,0,0,0,0,0,0,0,0,0,0,0,0,0,0,0,0,0,0,0,0,0,0,6.16139864940074e-06,2.11366459149521e-05,0.000397059857204981,0,0,0.000348414725222573,0.000129992858034145,0,0.000100450397596502,7.49145285779156e-05,0,0,0,0,0,0,0,0,0,0,0,0,0,0,0,0,0,0,0,0,0,0,0,0,0,0,0,0,0,0,0,0,0,0,0,0,0,0,0,0,0,0,0,0,0
0,0,0,0,0,0,0,0,0,0,0,0,0,0,0,0,0,0,0,0,0,0,0,0,0,0,0,0,0,0,0,0,0,0,0,0,0,0,0,0,0,0,0,0,0,0.000253961639188975,0.000234195121741156,0,0,0,0.000116277071537024,0.000204827424373742,0,0.000185953502510051,0.000138681571315532,0,0,0,0,0,0,0,0,0,0,0,0,0,0,0,0,0,0,0,0,0,0,0,0,0,0,0,0,0,0,0,0,0,0,0,0,0,0,0,0,0,0,0,0,0
0,0,0,0,0,0,0,0,0,0,0,0,0,0,0,0,0,0,0,0,0,0,0,0,0,0,0,0,0,0,0,0,0,0,0,0,0,0,0,0,0,0,0,0,0,0,0,0,0,0,6.4780922072223e-05,0.00011411458201701,0,0,0,0,0,0,0,0,0,0,0,0,0,0,0,0,0,0,0,0,0,0,0,0,0,0,0,0,0,0,0,0,0,0,0,0,0,0,0,0,0,0,0,0,0,0,0,0
0,0,0,0,0,0,0,0,0,0,0,0,0,0,0,0,0,0,0,0,0,0,0,0,0,0,0,0,0,0,0,0,0,0,0,0,0,0,0,0,0,0,0,0,0,0,0,0,0,0,0,0,0,0,0,0,0,0,0,0,0,0,0,0,0,0,0,0,0,0,0,0,0,0,0,0,0,0,0,0,0,0,0,0,0,0,0,0,0,0,0,0,0,0,0,0,0,0,0,0
0,0,0,0,0,0,0,0,0,0,0,0,0,0,0,0,0,0,0,0,0,0,0,0,0,0,0,0,0,0,0,0,0,0,0,0,0,0,0,0,0,0,0,0,0,0,0,0,0,0,0,0,0,0,0,0,0,0,0,0,0,0,0,0,0,0,0,0,0,0,0,0,0,0,0,0,0,0,0,0,0,0,0,0,0,0,0,0,0,0,0,0,0,0,0,0,0,0,0,0
0,0,0,0,0,0,0,0,0,0,0,0,0,0,0,0,0,0,0,0,0,0,0,0,0,0,0,0,0,0,0,0,0,0,0,0,0,0,0,0,0,0,0,0,0,0,0,0,0,0,0,0,0,0,0,0,0,0,0,0,0,0,0,0,0,0,0,0,0,0,0,0,0,0,0,0,0,0,0,0,0,0,0,0,0,0,0,0,0,0,0,0,0,0,0,0,0,0,0,0
0,0,0,0,0,0,0,0,0,0,0,0,0,0,0,0,0,0,0,0,0,0,0,0,0,0,0,0,0,0,0,0,0,0,0,0,0,0,0,0,0,0,0,0,0,0,0,0,0,0,0,0,0,0,0,0,0,0,0,0,0,0,0,0,0,0,0,0,0,0,0,0,0,0,0,0,0,0,0,0,0,0,0,0,0,0,0,0,0,0,0,0,0,0,0,0,0,0,0,0
0,0,0,0,0,0,0,0,0,0,0,0,0,0,0,0,0,0,0,0,0,0,0,0,0,0,0,0,0,0,0,0,0,0,0,0,0,0,0,0,0,0,0,0,0,0,0,0,0,0,0,0,0,0,0,0,0,0,0,0,0,0,0,0,0,0,0,0,0,0,0,0,0,0,0,0,0,0,0,0,0,0,0,0,0,0,0,0,0,0,0,0,0,0,0,0,0,0,0,0
0,0,0,0,0,0,0,0,0,0,0,0,0,0,0,0,0,0,0,0,0,0,0,0,0,0,0,0,0,0,0,0,0,0,0,0,0,0,0,0,0,0,0,0,0,0,0,0,0,0,0,0,0,0,0,0,0,0,0,0,0,0,0,0,0,0,0,0,0,0,0,0,0,0,0,0,0,0,0,0,0,0,0,0,0,0,0,0,0,0,0,0,0,0,0,0,0,0,0,0
0,0,0,0,0,0,0,0,0,0,0,0,0,0,0,0,0,0,0,0,0,0,0,0,0,0,0,0,0,0,0,0,0,0,0,0,0,0,0,0,0,0,0,0,0,0,0,0,0,0,0,0,0,0,0,0,0,0,0,0,0,0,0,0,0,0,0,0,0,0,0,0,0,0,0,0,0,0,0,0,0,0,0,0,0,0,0,0,0,0,0,0,0,0,0,0,0,0,0,0
0,0,0,0,0,0,0,0,0,0,0,0,0,0,0,0,0,0,0,0,0,0,0,0,0,0,0,0,0,0,0,0,0,0,0,0,0,0,0,0,0,0,0,0,0,0,0,0,0,0,0,0,0,0,0,0,0,0,0,0,0,0,0,0,0,0,0,0,0,0,0,0,0,0,0,0,0,0,0,0,0,0,0,0,0,0,0,0,0,0,0,0,0,0,0,0,0,0,0,0
0,0,0,0,0,0,0,0,0,0,0,0,0,0,0,0,0,0,0,0,0,0,0,0,0,0,0,0,0,0,0,0,0,0,0,0,0,0,0,0,0,0,0,0,0,0,0,0,0,0,0,0,0,0,0,0,0,0,0,0,0,0,0,0,0,0,0,0,0,0,0,0,0,0,0,0,0,0,0,0,0,0,0,0,0,0,0,0,0,0,0,0,0,0,0,0,0,0,0,0
0,0,0,0,0,0,0,0,0,0,0,0,0,0,0,0,0,0,0,0,0,0,0,0,0,0,0,0,0,0,0,0,0,0,0,0,0,0,0,0,0,0,0,0,0,0,0,0,0,0,0,0,0,0,0,0,0,0,0,0,0,0,0,0,0,0,0,0,0,0,0,0,0,0,0,0,0,0,0,0,0,0,0,0,0,0,0,0,0,0,0,0,0,0,0,0,0,0,0,0
0,0,0,0,0,0,0,0,0,0,0,0,0,0,0,0,0,0,0,0,0,0,0,0,0,0,0,0,0,0,0,0,0,0,0,0,0,0,0,0,0,0,0,0,0,0,0,0,0,0,0,0,0,0,0,0,0,0,0,0,0,0,0,0,0,0,0,0,0,0,0,0,0,0,0,0,0,0,0,0,0,0,0,0,0,0,0,0,0,0,0,0,0,0,0,0,0,0,0,0
0,0,0,0,0,0,0,0,0,0,0,0,0,0,0,0,0,0,0,0,0,0,0,0,0,0,0,0,0,0,0,0,0,0,0,0,0,0,0,0,0,0,0,0,0,0,0,0,0,0,0,0,0,0,0,0,0,0,0,0,0,0,0,0,0,0,0,0,0,0,0,0,0,0,0,0,0,0,0,0,0,0,0,0,0,0,0,0,0,0,0,0,0,0,0,0,0,0,0,0
0,0,0,0,0,0,0,0,0,0,0,0,0,0,0,0,0,0,0,0,0,0,0,0,0,0,0,0,0,0,0,0,0,0,0,0,0,0,0,0,0,0,0,0,0,0,0,0,0,0,0,0,0,0,0,0,0,0,0,0,0,0,0,0,0,0,0,0,0,0,0,0,0,0,0,0,0,0,0,0,0,0,0,0,0,0,0,0,0,0,0,0,0,0,0,0,0,0,0,0
0,0,0,0,0,0,0,0,0,0,0,0,0,0,0,0,0,0,0,0,0,0,0,0,0,0,0,0,0,0,0,0,0,0,0,0,0,0,0,0,0,0,0,0,0,0,0,0,0,0,0,0,0,0,0,0,0,0,0,0,0,0,0,0,0,0,0,0,0,0,0,0,0,0,0,0,0,0,0,0,0,0,0,0,0,0,0,0,0,0,0,0,0,0,0,0,0,0,0,0
0,0,0,0,0,0,0,0,0,0,0,0,0,0,0,0,0,0,0,0,0,0,0,0,0,0,0,0,0,0,0,0,0,0,0,0,0,0,0,0,0,0,0,0,0,0,0,0,0,0,0,0,0,0,0,0,0,0,0,0,0,0,0,0,0,0,0,0,0,0,0,0,0,0,0,0,0,0,0,0,0,0,0,0,0,0,0,0,0,0,0,0,0,0,0,0,0,0,0,0
0,0,0,0,0,0,0,0,0,0,0,0,0,0,0,0,0,0,0,0,0,0,0,0,0,0,0,0,0,0,0,0,0,0,0,0,0,0,0,0,0,0,0,0,0,0,0,0,0,0,0,0,0,0,0,0,0,0,0,0,0,0,0,0,0,0,0,0,0,0,0,0,0,0,0,0,0,0,0,0,0,0,0,0,0,0,0,0,0,0,0,0,0,0,0,0,0,0,0,0
0,0,0,0,0,0,0,0,0,0,0,0,0,0,0,0,0,0,0,0,0,0,0,0,0,0,0,0,0,0,0,0,0,0,0,0,0,0,0,0,0,0,0,0,0,0,0,0,0,0,0,0,0,0,0,0,0,0,0,0,0,0,0,0,0,0,0,0,0,0,0,0,0,0,0,0,0,0,0,0,0,0,0,0,0,0,0,0,0,0,0,0,0,0,0,0,0,0,0,0
0,0,0,0,0,0,0,0,0,0,0,0,0,0,0,0,0,0,0,0,0,0,0,0,0,0,0,0,0,0,0,0,0,0,0,0,0,0,0,0,0,0,0,0,0,0,0,0,0,0,0,0,0,0,0,0,0,0,0,0,0,0,0,0,0,0,0,0,0,0,0,0,0,0,0,0,0,0,0,0,0,0,0,0,0,0,0,0,0,0,0,0,0,0,0,0,0,0,0,0
0,0,0,0,0,0,0,0,0,0,0,0,0,0,0,0,0,0,0,0,0,0,0,0,0,0,0,0,0,0,0,0,0,0,0,0,0,0,0,0,0,0,0,0,0,0,0,0,0,0,0,0,0,0,0,0,0,0,0,0,0,0,0,0,0,0,0,0,0,0,0,0,0,0,0,0,0,0,0,0,0,0,0,0,0,0,0,0,0,0,0,0,0,0,0,0,0,0,0,0
0,0,0,0,0,0,0,0,0,0,0,0,0,0,0,0,0,0,0,0,0,0,0,0,0,0,0,0,0,0,0,0,0,0,0,0,0,0,0,0,0,0,0,0,0,0,0,0,0,0,0,0,0,0,0,0,0,0,0,0,0,0,0,0,0,0,0,0,0,0,0,0,0,0,0,0,0,0,0,0,0,0,0,0,0,0,0,0,0,0,0,0,0,0,0,0,0,0,0,0
0,0,0,0,0,0,0,0,0,0,0,0,0,0,0,0,0,0,0,0,0,0,0,0,0,0,0,0,0,0,0,0,0,0,0,0,0,0,0,0,0,0,0,0,0,0,0,0,0,0,0,0,0,0,0,0,0,0,0,0,0,0,0,0,0,0,0,0,0,0,0,0,0,0,0,0,0,0,0,0,0,0,0,0,0,0,0,0,0,0,0,0,0,0,0,0,0,0,0,0
0,0,0,0,0,0,0,0,0,0,0,0,0,0,0,0,0,0,0,0,0,0,0,0,0,0,0,0,0,0,0,0,0,0,0,0,0,0,0,0,0,0,0,0,0,0,0,0,0,0,0,0,0,0,0,0,0,0,0,0,0,0,0,0,0,0,0,0,0,0,0,0,0,0,0,0,0,0,0,0,0,0,0,0,0,0,0,0,0,0,0,0,0,0,0,0,0,0,0,0
0,0,0,0,0,0,0,0,0,0,0,0,0,0,0,0,0,0,0,0,0,0,0,0,0,0,0,0,0,0,0,0,0,0,0,0,0,0,0,0,0,0,0,0,0,0,0,0,0,0,0,0,0,0,0,0,0,0,0,0,0,0,0,0,0,0,0,0,0,0,0,0,0,0,0,0,0,0,0,0,0,0,0,0,0,0,0,0,0,0,0,0,0,0,0,0,0,0,0,0
0,0,0,0,0,0,0,0,0,0,0,0,0,0,0,0,0,0,0,0,0,0,0,0,0,0,0,0,0,0,0,0,0,0,0,0,0,0,0,0,0,0,0,0,0,0,0,0,0,0,0,0,0,0,0,0,0,0,0,0,0,0,0,0,0,0,0,0,0,0,0,0,0,0,0,0,0,0,0,0,0,0,0,0,0,0,0,0,0,0,0,0,0,0,0,0,0,0,0,0
0,0,0,0,0,0,0,0,0,0,0,0,0,0,0,0,0,0,0,0,0,0,0,0,0,0,0,0,0,0,0,0,0,0,0,0,0,0,0,0,0,0,0,0,0,0,0,0,0,0,0,0,0,0,0,0,0,0,0,0,0,0,0,0,0,0,0,0,0,0,0,0,0,0,0,0,0,0,0,0,0,0,0,0,0,0,0,0,0,0,0,0,0,0,0,0,0,0,0,0
0,0,0,0,0,0,0,0,0,0,0,0,0,0,0,0,0,0,0,0,0,0,0,0,0,0,0,0,0,0,0,0,0,0,0,0,0,0,0,0,0,0,0,0,0,0,0,0,0,0,0,0,0,0,0,0,0,0,0,0,0,0,0,0,0,0,0,0,0,0,0,0,0,0,0,0,0,0,0,0,0,0,0,0,0,0,0,0,0,0,0,0,0,0,0,0,0,0,0,0
0,0,0,0,0,0,0,0,0,0,0,0,0,0,0,0,0,0,0,0,0,0,0,0,0,0,0,0,0,0,0,0,0,0,0,0,0,0,0,0,0,0,0,0,0,0,0,0,0,0,0,0,0,0,0,0,0,0,0,0,0,0,0,0,0,0,0,0,0,0,0,0,0,0,0,0,0,0,0,0,0,0,0,0,0,0,0,0,0,0,0,0,0,0,0,0,0,0,0,0
0,0,0,0,0,0,0,0,0,0,0,0,0,0,0,0,0,0,0,0,0,0,0,0,0,0,0,0,0,0,0,0,0,0,0,0,0,0,0,0,0,0,0,0,0,0,0,0,0,0,0,0,0,0,0,0,0,0,0,0,0,0,0,0,0,0,0,0,0,0,0,0,0,0,0,0,0,0,0,0,0,0,0,0,0,0,0,0,0,0,0,0,0,0,0,0,0,0,0,0
0,0,0,0,0,0,0,0,0,0,0,0,0,0,0,0,0,0,0,0,0,0,0,0,0,0,0,0,0,0,0,0,0,0,0,0,0,0,0,0,0,0,0,0,0,0,0,0,0,0,0,0,0,0,0,0,0,0,0,0,0,0,0,0,0,0,0,0,0,0,0,0,0,0,0,0,0,0,0,0,0,0,0,0,0,0,0,0,0,0,0,0,0,0,0,0,0,0,0,0
0,0,0,0,0,0,0,0,0,0,0,0,0,0,0,0,0,0,0,0,0,0,0,0,0,0,0,0,0,0,0,0,0,0,0,0,0,0,0,0,0,0,0,0,0,0,0,0,0,0,0,0,0,0,0,0,0,0,0,0,0,0,0,0,0,0,0,0,0,0,0,0,0,0,0,0,0,0,0,0,0,0,0,0,0,0,0,0,0,0,0,0,0,0,0,0,0,0,0,0
0,0,0,0,0,0,0,0,0,0,0,0,0,0,0,0,0,0,0,0,0,0,0,0,0,0,0,0,0,0,0,0,0,0,0,0,0,0,0,0,0,0,0,0,0,0,0,0,0,0,0,0,0,0,0,0,0,0,0,0,0,0,0,0,0,0,0,0,0,0,0,0,0,0,0,0,0,0,0,0,0,0,0,0,0,0,0,0,0,0,0,0,0,0,0,0,0,0,0,0
0,0,0,0,0,0,0,0,0,0,0,0,0,0,0,0,0,0,0,0,0,0,0,0,0,0,0,0,0,0,0,0,0,0,0,0,0,0,0,0,0,0,0,0,0,0,0,0,0,0,0,0,0,0,0,0,0,0,0,0,0,0,0,0,0,0,0,0,0,0,0,0,0,0,0,0,0,0,0,0,0,0,0,0,0,0,0,0,0,0,0,0,0,0,0,0,0,0,0,0
0,0,0,0,0,0,0,0,0,0,0,0,0,0,0,0,0,0,0,0,0,0,0,0,0,0,0,0,0,0,0,0,0,0,0,0,0,0,0,0,0,0,0,0,0,0,0,0,0,0,0,0,0,0,0,0,0,0,0,0,0,0,0,0,0,0,0,0,0,0,0,0,0,0,0,0,0,0,0,0,0,0,0,0,0,0,0,0,0,0,0,0,0,0,0,0,0,0,0,0
0,0,0,0,0,0,0,0,0,0,0,0,0,0,0,0,0,0,0,0,0,0,0,0,0,0,0,0,0,0,0,0,0,0,0,0,0,0,0,0,0,0,0,0,0,0,0,0,0,0,0,0,0,0,0,0,0,0,0,0,0,0,0,0,0,0,0,0,0,0,0,0,0,0,0,0,0,0,0,0,0,0,0,0,0,0,0,0,0,0,0,0,0,0,0,0,0,0,0,0
0,0,0,0,0,0,0,0,0,0,0,0,0,0,0,0,0,0,0,0,0,0,0,0,0,0,0,0,0,0,0,0,0,0,0,0,0,0,0,0,0,0,0,0,0,0,0,0,0,0,0,0,0,0,0,0,0,0,0,0,0,0,0,0,0,0,0,0,0,0,0,0,0,0,0,0,0,0,0,0,0,0,0,0,0,0,0,0,0,0,0,0,0,0,0,0,0,0,0,0
0,0,0,0,0,0,0,0,0,0,0,0,0,0,0,0,0,0,0,0,0,0,0,0,0,0,0,0,0,0,0,0,0,0,0,0,0,0,0,0,0,0,0,0,0,0,0,0,0,0,0,0,0,0,0,0,0,0,0,0,0,0,0,0,0,0,0,0,0,0,0,0,0,0,0,0,0,0,0,0,0,0,0,0,0,0,0,0,0,0,0,0,0,0,0,0,0,0,0,0
0,0,0,0,0,0,0,0,0,0,0,0,0,0,0,0,0,0,0,0,0,0,0,0,0,0,0,0,0,0,0,0,0,0,0,0,0,0,0,0,0,0,0,0,0,0,0,0,0,0,0,0,0,0,0,0,0,0,0,0,0,0,0,0,0,0,0,0,0,0,0,0,0,0,0,0,0,0,0,0,0,0,0,0,0,0,0,0,0,0,0,0,0,0,0,0,0,0,0,0
0,0,0,0,0,0,0,0,0,0,0,0,0,0,0,0,0,0,0,0,0,0,0,0,0,0,0,0,0,0,0,0,0,0,0,0,0,0,0,0,0,0,0,0,0,0,0,0,0,0,0,0,0,0,0,0,0,0,0,0,0,0,0,0,0,0,0,0,0,0,0,0,0,0,0,0,0,0,0,0,0,0,0,0,0,0,0,0,0,0,0,0,0,0,0,0,0,0,0,0
0,0,0,0,0,0,0,0,0,0,0,0,0,0,0,0,0,0,0,0,0,0,0,0,0,0,0,0,0,0,0,0,0,0,0,0,0,0,0,0,0,0,0,0,0,0,0,0,0,0,0,0,0,0,0,0,0,0,0,0,0,0,0,0,0,0,0,0,0,0,0,0,0,0,0,0,0,0,0,0,0,0,0,0,0,0,0,0,0,0,0,0,0,0,0,0,0,0,0,0
0,0,0,0,0,0,0,0,0,0,0,0,0,0,0,0,0,0,0,0,0,0,0,0,0,0,0,0,0,0,0,0,0,0,0,0,0,0,0,0,0,0,0,0,0,0,0,0,0,0,0,0,0,0,0,0,0,0,0,0,0,0,0,0,0,0,0,0,0,0,0,0,0,0,0,0,0,0,0,0,0,0,0,0,0,0,0,0,0,0,0,0,0,0,0,0,0,0,0,0
0,0,0,0,0,0,0,0,0,0,0,0,0,0,0,0,0,0,0,0,0,0,0,0,0,0,0,0,0,0,0,0,0,0,0,0,0,0,0,0,0,0,0,0,0,0,0,0,0,0,0,0,0,0,0,0,0,0,0,0,0,0,0,0,0,0,0,0,0,0,0,0,0,0,0,0,0,0,0,0,0,0,0,0,0,0,0,0,0,0,0,0,0,0,0,0,0,0,0,0
0,0,0,0,0,0,0,0,0,0,0,0,0,0,0,0,0,0,0,0,0,0,0,0,0,0,0,0,0,0,0,0,0,0,0,0,0,0,0,0,0,0,0,0,0,0,0,0,0,0,0,0,0,0,0,0,0,0,0,0,0,0,0,0,0,0,0,0,0,0,0,0,0,0,0,0,0,0,0,0,0,0,0,0,0,0,0,0,0,0,0,0,0,0,0,0,0,0,0,0
0,0,0,0,0,0,0,0,0,0,0,0,0,0,0,0,0,0,0,0,0,0,0,0,0,0,0,0,0,0,0,0,0,0,0,0,0,0,0,0,0,0,0,0,0,0,0,0,0,0,0,0,0,0,0,0,0,0,0,0,0,0,0,0,0,0,0,0,0,0,0,0,0,0,0,0,0,0,0,0,0,0,0,0,0,0,0,0,0,0,0,0,0,0,0,0,0,0,0,0
0,0,0,0,0,0,0,0,0,0,0,0,0,0,0,0,0,0,0,0,0,0,0,0,0,0,0,0,0,0,0,0,0,0,0,0,0,0,0,0,0,0,0,0,0,0,0,0,0,0,0,0,0,0,0,0,0,0,0,0,0,0,0,0,0,0,0,0,0,0,0,0,0,0,0,0,0,0,0,0,0,0,0,0,0,0,0,0,0,0,0,0,0,0,0,0,0,0,0,0
