0,0,0,0,0,0,0,0,0,0,0,0,0,0,0,0,0,0,0,0,0,0,0,0,0,0,0,0,0,0,0,0,0,0,0,0,0,0,0,0,0,0,0,0,0,0,0,0,0,0,0,0,0,0,0,0,0,0,0,0,0,0,0,0,0,0,0,0,0,0,0,0,0,0,0,0,0,0,0,0,0,0,0,0,0,0,0,0,0,0,0,0,0,0,0,0,0,0,0,0
0,0,0,0,0,0,0,0,0,0,0,0,0,0,0,0,0,0,0,0,0,0,0,0,0,0,0,0,0,0,0,0,0,0,0,0,0,0,0,0,0,0,0,0,0,0,0,0,0,0,0,0,0,0,0,0,0,0,0,0,0,0,0,0,0,0,0,0,0,0,0,0,0,0,0,0,0,0,0,0,0,0,0,0,0,0,0,0,0,0,0,0,0,0,0,0,0,0,0,0
0,0,0,0,0,0,0,0,0,0,0,0,0,0,0,0,0,0,0,0,0,0,0,0,0,0,0,0,0,0,0,0,0,0,0,0,0,0,0,0,0,0,0,0,0,0,0,0,0,0,0,0,0,0,0,0,0,0,0,0,0,0,0,0,0,0,0,0,0,0,0,0,0,0,0,0,0,0,0,0,0,0,0,0,0,0,0,0,0,0,0,0,0,0,0,0,0,0,0,0
0,0,0,0,0,0,0,0,0,0,0,0,0,0,0,0,0,0,0,0,0,0,0,0,0,0,0,0,0,0,0,0,0,0,0,0,0,0,0,0,0,0,0,0,0,0,0,0,0,0,0,0,0,0,0,0,0,0,0,0,0,0,0,0,0,0,0,0,0,0,0,0,0,0,0,0,0,0,0,0,0,0,0,0,0,0,0,0,0,0,0,0,0,0,0,0,0,0,0,0
0,0,0,0,0,0,0,0,0,0,0,0,0,0,0,0,0,0,0,0,0,0,0,0,0,0,0,0,0,0,0,0,0,0,0,0,0,0,0,0,0,0,0,0,0,0,0,0,0,0,0,0,0,0,0,0,0,0,0,0,0,0,0,0,0,0,0,0,0,0,0,0,0,0,0,0,0,0,0,0,0,0,0,0,0,0,0,0,0,0,0,0,0,0,0,0,0,0,0,0
0,0,0,0,0,0,0,0,0,0,0,0,0,0,0,0,0,0,0,0,0,0,0,0,0,0,0,0,0,0,0,0,0,0,0,0,0,0,0,0,0,0,0,0,0,0,0,0,0,0,0,0,0,0,0,0,0,0,0,0,0,0,0,0,0,0,0,0,0,0,0,0,0,0,0,0,0,0,0,0,0,0,0,0,0,0,0,0,0,0,0,0,0,0,0,0,0,0,0,0
0,0,0,0,0,0,0,0,0,0,0,0,0,0,0,0,0,0,0,0,0,0,0,0,0,0,0,0,0,0,0,0,0,0,0,0,0,0,0,0,0,0,0,0,0,0,0,0,0,0,0,0,0,0,0,0,0,0,0,0,0,0,0,0,0,0,0,0,0,0,0,0,0,0,0,0,0,0,0,0,0,0,0,0,0,0,0,0,0,0,0,0,0,0,0,0,0,0,0,0
0,0,0,0,0,0,0,0,0,0,0,0,0,0,0,0,0,0,0,0,0,0,0,0,0,0,0,0,0,0,0,0,0,0,0,0,0,0,0,0,0,0,0,0,0,0,0,0,0,0,0,0,0,0,0,0,0,0,0,0,0,0,0,0,0,0,0,0,0,0,0,0,0,0,0,0,0,0,0,0,0,0,0,0,0,0,0,0,0,0,0,0,0,0,0,0,0,0,0,0
0,0,0,0,0,0,0,0,0,0,0,0,0,0,0,0,0,0,0,0,0,0,0,0,0,0,0,0,0,0,0,0,0,0,0,0,0,0,0,0,0,0,0,0,0,0,0,0,0,0,0,0,0,0,0,0,0,0,0,0,0,0,0,0,0,0,0,0,0,0,0,0,0,0,0,0,0,0,0,0,0,0,0,0,0,0,0,0,0,0,0,0,0,0,0,0,0,0,0,0
0,0,0,0,0,0,0,0,0,0,0,0,0,0,0,0,0,0,0,0,0,0,0,0,0,0,0,0,0,0,0,0,0,0,0,0,0,0,0,0,0,0,0,0,0,0,0,0,0,0,0,0,0,0,0,0,0,0,0,0,0,0,0,0,0,0,0,0,0,0,0,0,0,0,0,0,0,0,0,0,0,0,0,0,0,0,0,0,0,0,0,0,0,0,0,0,0,0,0,0
0,0,0,0,0,0,0,0,0,0,0,0,0,0,0,0,0,0,0,0,0,0,0,0,0,0,0,0,0,0,0,0,0,0,0,0,0,0,0,0,0,0,0,0,0,0,0,0,0,0,0,0,0,0,0,0,0,0,0,0,0,0,0,0,0,0,0,0,0,0,0,0,0,0,0,0,0,0,0,0,0,0,0,0,0,0,0,0,0,0,0,0,0,0,0,0,0,0,0,0
0,0,0,0,0,0,0,0,0,0,0,0,0,0,0,0,0,0,0,0,0,0,0,0,0,0,0,0,0,0,0,0,0,0,0,0,0,0,0,0,0,0,0,0,0,0,0,0,0,0,0,0,0,0,0,0,0,0,0,0,0,0,0,0,0,0,0,0,0,0,0,0,0,0,0,0,0,0,0,0,0,0,0,0,0,0,0,0,0,0,0,0,0,0,0,0,0,0,0,0
0,0,0,0,0,0,0,0,0,0,0,0,0,0,0,0,0,0,0,0,0,0,0,0,0,0,0,0,0,0,0,0,0,0,0,0,0,0,0,0,0,0,0,0,0,0,0,0,0,0,0,0,0,0,0,0,0,0,0,0,0,0,0,0,0,0,0,0,0,0,0,0,0,0,0,0,0,0,0,0,0,0,0,0,0,0,0,0,0,0,0,0,0,0,0,0,0,0,0,0
0,0,0,0,0,0,0,0,0,0,0,0,0,0,0,0,0,0,0,0,0,0,0,0,0,0,0,0,0,0,0,0,0,0,0,0,0,0,0,0,0,0,0,0,0,0,0,0,0,0,0,0,0,0,0,0,0,0,0,0,0,0,0,0,0,0,0,0,0,0,0,0,0,0,0,0,0,0,0,0,0,0,0,0,0,0,0,0,0,0,0,0,0,0,0,0,0,0,0,0
0,0,0,0,0,0,0,0,0,0,0,0,0,0,0,0,0,0,0,0,0,0,0,0,0,0,0,0,0,0,0,0,0,0,0,0,0,0,0,0,0,0,0,0,0,0,0,0,0,0,0,0,0,0,0,0,0,0,0,0,0,0,0,0,0,0,0,0,0,0,0,0,0,0,0,0,0,0,0,0,0,0,0,0,0,0,0,0,0,0,0,0,0,0,0,0,0,0,0,0
0,0,0,0,0,0,0,0,0,0,0,0,0,0,0,0,0,0,0,0,0,0,0,0,0,0,0,0,0,0,0,0,0,0,0,0,0,0,0,0,0,0,0,0,0,0,0,0,0,0,0,0,0,0,0,0,0,0,0,0,0,0,0,0,0,0,0,0,0,0,0,0,0,0,0,0,0,0,0,0,0,0,0,0,0,0,0,0,0,0,0,0,0,0,0,0,0,0,0,0
0,0,0,0,0,0,0,0,0,0,0,0,0,0,0,0,0,0,0,0,0,0,0,0,0,0,0,0,0,0,0,0,0,0,0,0,0,0,0,0,0,0,0,0,0,0,0,0,0,0,0,0,0,0,0,0,0,0,0,0,0,0,0,0,0,0,0,0,0,0,0,0,0,0,0,0,0,0,0,0,0,0,0,0,0,0,0,0,0,0,0,0,0,0,0,0,0,0,0,0
0,0,0,0,0,0,0,0,0,0,0,0,0,0,0,0,0,0,0,0,0,0,0,0,0,0,0,0,0,0,0,0,0,0,0,0,0,0,0,0,0,0,0,0,0,0,0,0,7.82081037972024e-06,1.91839625464777e-06,0,0,0,0,0,0,0,0,0,0,0,0,0,0,0,0,0,0,0,0,0,0,0,0,0,0,0,0,0,0,0,0,0,0,0,0,0,0,0,0,0,0,0,0,0,0,0,0,0,0
0,0,0,0,0,0,0,0,0,0,0,0,0,0,0,0,0,0,0,0,0,0,0,0,0,0,0,0,0,0,0,0,0,0,0,0,0,0,0,0,0,0,0,0,0,0,0,0,0.0003936908667687,9.65699265969321e-05,0,0,0,0,0,0,0,0,0,0,0,0,0,0,0,0,0,0,0,0,0,0,0,0,0,0,0,0,0,0,0,0,0,0,0,0,0,0,0,0,0,0,0,0,0,0,0,0,0,0
0,0,0,0,0,0,0,0,0,0,0,0,0,0,0,0,0,0,0,0,0,0,0,0,0,0,0,0,0,0,0,0,0,0,0,0,0,0,0,0,0,0,0,0,0,0,1.94454635838426e-05,5.22339458984752e-05,0,0,0,0,0,0,0,0,0,0,0,0,0,0,0,0,0,0,0,0,0,0,0,0,0,0,0,0,0,0,0,0,0,0,0,0,0,0,0,0,0,0,0,0,0,0,0,0,0,0,0,0
0,0,0,0,0,0,0,0,0,0,0,0,0,0,0,0,0,0,0,0,0,0,0,0,0,0,0,0,0,0,0,0,0,0,0,0,0,0,0,0,0,0,0.000148090987057489,1.32400123053198e-05,5.15486700585591e-05,0.000594086144902599,0.000304787148329802,0.000777360905269865,0.000636947946361024,0.000356198497892799,1.33573738018536e-06,0,0,0,0,0,0,0,0,0,0,0,0,0,0,0,0,0,0,0,0,0,0,0,0,0,0,0,0,0,0,0,0,0,0,0,0,0,0,0,0,0,0,0,0,0,0,0,0,0
0,0,0,0,0,0,0,0,0,0,0,0,0,0,0,0,0,0,0,0,0,0,0,0,0,0,0,0,0,0,0,0,0,0,0,0,0,0,0,0,0,0,0.00094168413322598,0.00030549552097291,0.000576085126243258,0.0011693572966877,0.00142803444646373,0.00158435570234857,0.0017641464788995,0.000890509217569836,0.000942706928563121,0.000104230929468404,0.000127883595368072,0,3.59470255128449e-08,3.99459302107113e-07,0,0,0,0,0,0,0,0,0,0,0,0,0,0,0,0,0,0,0,0,0,0,0,0,0,0,0,0,0,0,0,0,0,0,0,0,0,0,0,0,0,0,0,0
0,0,0,0,0,0,0,0,0,0,0,0,0,0,0,0,0,0,0,0,0,0,0,0,0,0,0,0,0,0,0,0,0,0,0,0,0,0,0,0,0,0.00018839174395728,0.000828593565993886,0.000765609895395291,0.00218643986918773,0.00289630332654495,0.00255190924334105,0.00178723783501405,0.00113454633685998,0.00178962236972383,0.00189194501367552,0.000647230826180781,0.000356588504495585,0,5.59468877129912e-05,0.000530100416390044,1.44098214977911e-06,0,0,0,0,0,0,0,0,0,0,0,0,0,0,0,0,0,0,0,0,0,0,0,0,0,0,0,0,0,0,0,0,0,0,0,0,0,0,0,0,0,0,0
0,0,0,0,0,0,0,0,0,0,0,0,0,0,0,0,0,0,0,0,0,0,0,0,0,0,0,0,0,0,0,0,0,0,0,0,0,0,0,7.39725874967157e-06,0.000224279822776106,0.000557206650280478,0.00237518540550264,0.0018461985116379,0.00261310887478441,0.00399875155892672,0.00366421110495064,0.00436142367817925,0.00427473181531624,0.00352641919076629,0.00197728410405689,0.00211576723721274,0.00120832979523453,0.000570790215102383,0.00053658941631037,0.000821218581894549,0.000122692859313886,3.23577727277061e-05,0,0,0,0,0,0,0,0,0,0,0,0,0,0,0,0,0,0,0,0,0,0,0,0,0,0,0,0,0,0,0,0,0,0,0,0,0,0,0,0,0,0
0,0,0,0,0,0,0,0,0,0,0,0,0,0,0,0,0,0,0,0,0,0,0,0,0,0,0,0,0,0,0,0,0,0,0,0,0,0,0,6.6446728293732e-05,0.00125959753759543,0.00109955010002574,0.00286747859615691,0.0035917146520567,0.00387063362228766,0.00446810920872201,0.00433926460067373,0.00512889818799143,0.00434240398748097,0.00555563512939049,0.00351185144899559,0.0043025764350577,0.00322251172305505,0.00283611881490679,0.00235700674559895,0.00134301619652285,0.00042380529200848,0.000240369876362533,2.22708351032674e-05,0.00039698364632083,0,0,0,0,0,0,0,0,0,0,0,0,0,0,0,0,0,0,0,0,0,0,0,0,0,0,0,0,0,0,0,0,0,0,0,0,0,0,0,0
0,0,0,0,0,0,0,0,0,0,0,0,0,0,0,0,0,0,0,0,0,0,0,0,0,0,0,0,0,0,0,0,0,0,0,0,0,0,3.15633262733594e-05,0.000299426631337024,0.00120921392940507,0.00254560606728401,0.00349505089419279,0.00347020401805476,0.0033182479774302,0.00376592929366513,0.00420253141263862,0.00436948534283603,0.00398172514724083,0.00527734243658449,0.00361870851572171,0.00432307819018978,0.00385806244879068,0.00338537484784856,0.00328061541518527,0.00275810764814677,0.0016897224047206,9.65898265806985e-05,0.000309848194564087,0.000155204477442802,0,0,0,0,0,0,0,0,0,0,0,0,0,0,0,0,0,0,0,0,0,0,0,0,0,0,0,0,0,0,0,0,0,0,0,0,0,0,0,0
0,0,0,0,0,0,0,0,0,0,0,0,0,0,0,0,0,0,0,0,0,0,0,0,0,0,0,0,0,0,0,0,0,0,0,3.75064003939831e-05,6.59622784659091e-05,9.50871017220345e-05,0.000342048172057695,0.000721127266468527,0.00149547993254108,0.000883092451493238,0.0018519103469659,0.00306874123662488,0.00275368938139545,0.00394383943661195,0.00282368514483112,0.00296510151198023,0.00437462569493698,0.0031668999292337,0.00304209305126176,0.00351825913474951,0.00353439232326018,0.00299977552948203,0.00415797358021774,0.0041351641951467,0.0039478248777561,0.0013065905884661,0.00185368905146618,0.00048953093494435,0.000138111274381926,1.78948009372536e-05,0,0,0,0,0,0,0,0,0,0,0,0,0,0,0,0,0,0,0,0,0,0,0,0,0,0,0,0,0,0,0,0,0,0,0,0,0,0
0,0,0,0,0,0,0,0,0,0,0,0,0,0,0,0,0,0,0,0,0,0,0,0,0,0,0,0,0,0,0,0,0,0,0,0.000143738788040146,0.000252792533099962,0.000134562097927942,0.000380521906057977,0.00222970385935793,0.00365575838852567,0.00172394473458671,0.00151263271781854,0.00258918512819944,0.00232075381728922,0.00340500368595844,0.00251831029186732,0.0027535024426367,0.00301634465402075,0.00157297569062548,0.002715842314384,0.00235090805945415,0.00219820077112906,0.00345053992680353,0.00307400691990874,0.00203738645780077,0.00422765485771781,0.00284705484484331,0.00203449341216152,0.00135270889305906,0.000626367077802253,3.94580967003603e-05,0,0,0,0,0,0,0,0,0,0,0,0,0,0,0,0,0,0,0,0,0,0,0,0,0,0,0,0,0,0,0,0,0,0,0,0,0,0
0,0,0,0,0,0,0,0,0,0,0,0,0,0,0,0,0,0,0,0,0,0,0,0,0,0,0,0,0,0,0,0,0,0,0,0,8.19571336404477e-05,0.00109860328607825,0.000504413712653063,0.00251717873110618,0.00289804164281495,0.00388990843709055,0.00261672858111233,0.00249681299682653,0.00126262428199259,0.00237944619687182,0.00158110389775009,0.00195796242500667,0.00174859667505756,0.00269176004184567,0.00229878407640567,0.00251784100056522,0.00170279071846291,0.00274885395700546,0.00168389525324437,0.00361263466538717,0.00290455774578687,0.00245608402524346,0.00163134441332641,0.00188259393352421,0.00111256974181342,0.000109178251163832,0.000528121554422882,0.000263457252701333,0,0,0,0,0,0,0,0,0,0,0,0,0,0,0,0,0,0,0,0,0,0,0,0,0,0,0,0,0,0,0,0,0,0,0,0
0,0,0,0,0,0,0,0,0,0,0,0,0,0,0,0,0,0,0,0,0,0,0,0,0,0,0,0,0,0,0,0,0,0,0,0,6.67060073881088e-05,0.000642628396514148,0.00088200581938005,0.00313749060022735,0.00271176582432104,0.00221386308247922,0.00164447603025764,0.00203448257127161,0.000813314965395263,0.00157711931733317,0.00163470381202362,0.000899470128581945,0.00130501444530181,0.00223411955706256,0.00219954017190258,0.00151471499024315,0.00113490503509124,0.00193945308304224,0.00236168786673443,0.00403603452297827,0.00167274236335336,0.00268251474795377,0.00329879476247708,0.00200017708154176,0.00254910178793353,0.000748189903146309,0.000722997349167068,0.000212845189879395,0,0,0,0,0,0,0,0,0,0,0,0,0,0,0,0,0,0,0,0,0,0,0,0,0,0,0,0,0,0,0,0,0,0,0,0
0,0,0,0,0,0,0,0,0,0,0,0,0,0,0,0,0,0,0,0,0,0,0,0,0,0,0,0,0,0,0,0,0,0,0,0,0.000501401905532301,0.000590108933299033,0.00207243001044591,0.00513444702917014,0.00410229894287373,0.00195447957691147,0.00133860877215923,0.00130656152906685,0.00104478820731234,0.00245482461930277,0.000774166820011086,0.00137003794156791,0.0014688967950581,0.00248973039731843,0.00213667471806882,0.00112026449576664,0.000733684617393198,0.0010920950427789,0.000865202698006323,0.00301909606328139,0.00147830932340129,0.00159194664163773,0.00322499113816738,0.00282413423673902,0.00237058437608566,0.0019745512186701,0.00070789280448128,0.000104190711202503,0,0,0,0,0,0,0,0,0,0,0,0,0,0,0,0,0,0,0,0,0,0,0,0,0,0,0,0,0,0,0,0,0,0,0,0
0,0,0,0,0,0,0,0,0,0,0,0,0,0,0,0,0,0,0,0,0,0,0,0,0,0,0,0,0,0,0,0,0,0,0,0.000121106410063863,0.000686831227721155,0.00112183548362157,0.0018028454611954,0.00444424303936998,0.00286164778839346,0.00240000287359597,0.00106909450778592,0.00095914234946933,0.000725950962926271,0.00120777256093435,0.00097222178320665,0.00158461417461075,0.00163360360046445,0.000797578255525344,0.00135236698464529,0.00107018359979896,0.000762947185409781,0.00112204158179165,0.000512103219790334,0.0020010252656072,0.0017373549869018,0.000993593419616023,0.00233961765588364,0.00255618135483443,0.00204248257653094,0.00187061954368904,0.00141811048534883,0.000803362256156806,1.19738888529835e-06,0.000141268565724613,2.46146944001421e-05,0,0,0,0,0,0,0,0,0,0,0,0,0,0,0,0,0,0,0,0,0,0,0,0,0,0,0,0,0,0,0,0,0
0,0,0,0,0,0,0,0,0,0,0,0,0,0,0,0,0,0,0,0,0,0,0,0,0,0,0,0,0,0,0,0,0,0,0,2.64523899119738e-05,0.000106658345775969,0.000989355772041216,0.00247190219112032,0.00370522052125298,0.00294256178249501,0.00197763426284405,0.00124228913887445,0.00146356504629732,0.0010721510239706,0.000599039453549678,0.000281281675249441,0.00052943476754676,0.000998541797538285,0.000495897538053173,0.000873323911955398,0.000431965040446346,0.000548217484483382,0.000853964544722204,0.00156551376716326,0.00128676976741752,0.00153629714225022,0.000714401844447823,0.00104357211292958,0.00064119993236625,0.00120886491850952,0.00188278862396459,0.00243439563375172,8.78254584766663e-05,3.55486113827257e-08,0.000284538612222004,4.95781276532415e-05,0,0,0,0,0,0,0,0,0,0,0,0,0,0,0,0,0,0,0,0,0,0,0,0,0,0,0,0,0,0,0,0,0
0,0,0,0,0,0,0,0,0,0,0,0,0,0,0,0,0,0,0,0,0,0,0,0,0,0,0,0,0,0,0,0,0,0,0,0,0.000199824517299237,0.00101671508823661,0.00231428780349652,0.0021022245791472,0.00162880873975874,0.00114474948513742,0.00146768314389346,0.00147585319019894,0.000839677088112408,0.000528752086345069,0.000225927224746239,0.000623110142160615,0.00049324706682536,0.000948014981016868,0.000972187224808729,0.000974507389907969,0.000614105321085557,0.000487570898350434,0.000356471163621619,0.000440376826620802,0.00104011702954638,0.000850758246066272,0.00150215987922678,0.000986018682503772,0.00136853721114705,0.00164722925858673,0.0019149728396604,0.000742355867332389,2.86778972958013e-06,0,0,0,0,0,0,0,0,0,0,0,0,0,0,0,0,0,0,0,0,0,0,0,0,0,0,0,0,0,0,0,0,0,0,0
0,0,0,0,0,0,0,0,0,0,0,0,0,0,0,0,0,0,0,0,0,0,0,0,0,0,0,0,0,0,0,0,0,0,0,0,7.28170069149194e-05,0.00184524734754125,0.0013939498175599,0.00141246749150623,0.00163523133067692,0.00150103692359498,0.00132223888987608,0.000556624098449045,0.00076424235724972,0.000686894827421737,0.000731775574989877,0.000725653677742367,0.00142959087550252,0.000888219197931673,0.000884994140740094,0.000563317577226903,0.000340645447051406,0.000320202606072554,0.000507423900271952,0.00126380441890396,0.00130433048428427,0.000137777985819497,0.000589656088939098,0.00149847412758657,0.00182425411890672,0.00175192473716176,0.00170623095661352,0.00140034573453849,0.000949388429592608,0.00039132674150972,0,0,0,0,0,0,0,0,0,0,0,0,0,0,0,0,0,0,0,0,0,0,0,0,0,0,0,0,0,0,0,0,0,0
0,0,0,0,0,0,0,0,0,0,0,0,0,0,0,0,0,0,0,0,0,0,0,0,0,0,0,0,0,0,0,0,0,0,0,7.47793470045254e-05,0.000290617846500149,0.000833966463383174,0.00148152906639625,0.00073553157262458,0.00121658695671147,0.00156505861387778,0.000731562877089905,0.000486415335257943,0.00103092761007061,0.000841957686072575,5.80366694456776e-05,0.000874073723841966,0.00164613098551286,0.000576414865951089,0.000309845725300705,0.00019079665043962,0.000524310016041782,0.00103416571652162,0.000350568603707768,0.000691300785712109,0.00218113465499,0.000963448209411549,0.000895947896576703,0.00116487527427335,0.00102298307904887,0.00105973054581348,0.00101427306698299,0.00127381358393676,0.00136137996399775,0.000259996046519108,0,0,0,0,0,0,0,0,0,0,0,0,0,0,0,0,0,0,0,0,0,0,0,0,0,0,0,0,0,0,0,0,0,0
0,0,0,0,0,0,0,0,0,0,0,0,0,0,0,0,0,0,0,0,0,0,0,0,0,0,0,0,0,0,0,0,0,0,0,0.000125578450817902,0.000751875811479544,0.000998927704157974,0.00171177801688545,0.000998159634550269,0.00159035610992609,0.00140408217024363,0.00101185124100747,0.000705877234077744,0.00101263420822176,0.000707813263044878,0.000220083828663002,0.000495019753790561,0.000942886670145209,0.0011104235102652,0.00166345281163769,0.000954685681392711,0.00136688215688614,9.02913902268603e-05,0.000657849673636356,0.00141350848703412,0.00107774785132232,0.000719385263444637,0.000637444699949445,0.00131070948904821,0.000909245113620213,0.00139441297961271,0.00097146115311792,0.00108860268365959,0.000884172914181696,0.000549590988938851,0.00018379677352609,0,0,0,0,0,0,0,0,0,0,0,0,0,0,0,0,0,0,0,0,0,0,0,0,0,0,0,0,0,0,0,0,0
0,0,0,0,0,0,0,0,0,0,0,0,0,0,0,0,0,0,0,0,0,0,0,0,0,0,0,0,0,0,0,0,0,0,0,0,0.000698227059300385,0.00132103066075512,0.00115332131388732,0.0010427890196955,0.00176398777481319,0.000649375428632052,0.000947387550218362,0.000367919562204131,0.00134329203759692,0.000763730240168263,0.000590086679377558,0.000756537756567602,0.000234573907739688,0.000801753846539049,0.00143530460740429,0.000695748811588715,0.000713900739170355,0.000152999929468742,0.00118294423920606,0.00175678245528355,0.000397247450870348,0.000877154751482233,0.00103765275766748,0.000198956643238008,0.000923960623316848,0.00108991804599738,0.00138916709379011,0.00200585642470025,0.00138474198895577,0.000889192158933576,0.000597097919462606,0,0,0,0,0,0,0,0,0,0,0,0,0,0,0,0,0,0,0,0,0,0,0,0,0,0,0,0,0,0,0,0,0
0,0,0,0,0,0,0,0,0,0,0,0,0,0,0,0,0,0,0,0,0,0,0,0,0,0,0,0,0,0,0,0,0,0,0,0,2.90934362233588e-05,0.000545348887630235,0.000967063710427318,0.00091830851118708,0.000898927910842368,0.000714951859167366,0.000876661688240268,0.000564402691211508,0.000463863129386078,0.000228536860370735,0.000580134188788613,0.000151650683121104,0.000810018770166056,0.000987959718911449,0.000560168119891484,0.000326549266901378,0.000431836708185046,0.000792355198636808,0.000596863990742372,0.00116545981398861,0.00127280492570896,0.000897387405788447,0.000548104011834273,0.00121680874067594,0.000856384215286547,0.000293129787185935,0.000800288106338183,0.000802699920168217,0.00115523999452681,0.000573666812338642,0,0,0,0,0,0,0,0,0,0,0,0,0,0,0,0,0,0,0,0,0,0,0,0,0,0,0,0,0,0,0,0,0,0
0,0,0,0,0,0,0,0,0,0,0,0,0,0,0,0,0,0,0,0,0,0,0,0,0,0,0,0,0,0,0,0,0,0,0.000129321739837804,9.09515781944509e-05,0.000273399304790539,0.000354759274865835,0.000589438382594873,0.000758020044933327,0.000971667959773199,0.00335511384005943,0.00111808917012142,0.000597919996106209,0.000198134290326272,0.00010321612750253,0.000291209725886677,0.000399796474727543,0.000748505453710385,0.000884352620736636,0.000662274254560586,0.000633201827797372,0.000786494963740651,0.00031537812335937,0.000359040884368116,0.00083208156426054,0.00041169680886301,0.000228263379921476,0.000183120163734607,0.00100479815759131,0.000459031215853048,0.000757403044167068,0.00106335483286549,0.000941974148165299,0.000924650156267509,0.000326280712661873,0.000242744604052079,0,0,0,0,0,0,0,0,0,0,0,0,0,0,0,0,0,0,0,0,0,0,0,0,0,0,0,0,0,0,0,0,0
0,0,0,0,0,0,0,0,0,0,0,0,0,0,0,0,0,0,0,0,0,0,0,0,0,0,0,0,0,0,0,0,0,0,0.000164226614073284,0.000115500067894461,0.000361627040101218,0.000485092218514418,0.00120441403746464,0.000820921048535921,0.000633098881075752,0.00205536132246812,0.0006463280471578,0.00035272404756722,0.000357848222569463,0.000633988977582111,2.42507320022235e-05,0.000372956818110107,0.00031485863952085,0.000971566771282023,0.000770267526664335,0.00063044173046395,0.000544535262538763,0.000228826674453643,0.00113838693652351,0.000951175929531536,0.00026188104382493,0.00028390814240981,0.000208611056016421,0.000734237434162805,0.000273944849039469,0.000410674237222725,0.000592068871047983,0.000539688992705136,0.000753694685218691,0.000499945883252615,0.000638542430296817,0.000820674935089124,0.000103036124290584,0,0,0,0,0,0,0,0,0,0,0,0,0,0,0,0,0,0,0,0,0,0,0,0,0,0,0,0,0,0,0
0,0,0,0,0,0,0,0,0,0,0,0,0,0,0,0,0,0,0,0,0,0,0,0,0,0,0,0,0,0,0,0,0,0,0,0,0.00018787549038565,0.000898705620727861,0.000570970516112908,0.000997806899351206,0.000412720554008763,0.000331135681423976,0.000368965504775117,0.000521759843745513,0.000240868778139651,0.00106464264518848,0.00135322381938208,0.000363386432190126,0.000654740118582026,0.000680456714120211,0.000655986219443177,0.000616770119229299,0.000611884431710513,0.000390104280216449,0.00084133390055439,0.000608291688407049,0.000816334517777299,0.000513293734280963,7.05949598539868e-05,0.00049263165058199,0.000392940764610609,0.000531851900627467,0.00108499330077659,0.000864717184014652,0.0005823147038929,0.00122235064192664,0.00183334814097083,0.000341215857236538,8.67026855297487e-06,0,0,0,0,0,0,0,0,0,0,0,0,0,0,0,0,0,0,0,0,0,0,0,0,0,0,0,0,0,0,0
0,0,0,0,0,0,0,0,0,0,0,0,0,0,0,0,0,0,0,0,0,0,0,0,0,0,0,0,0,0,0,0,0,0,0,0,0.000134580138666865,0.000782720886442481,0.000181092931102642,0.00045588083676187,0.000681548662084885,0.000915665829297786,0.00122918198127151,0.000934723461922231,0.000845006440462559,0.00056084745853238,0.00140520786542738,0.0010026577236264,0.00114747664029457,0.000354025294460297,0.000401219931900507,0.000853977110670238,0.000983601120662006,0.00080210184491422,0.000669070923173291,0.000746738484795499,0.000539633848399835,0.000717527125052629,0.000200277711578268,0.000231604105120285,0.000753619078619927,0.000683188810584281,0.000267156158481243,0.000961911836969871,0.000891520478510793,0.000269381076524172,0.000992001457121161,9.97979143755593e-05,0,0,0,0,0,0,0,0,0,0,0,0,0,0,0,0,0,0,0,0,0,0,0,0,0,0,0,0,0,0,0,0
0,0,0,0,0,0,0,0,0,0,0,0,0,0,0,0,0,0,0,0,0,0,0,0,0,0,0,0,0,0,0,0,0,0,0,0,0.000276299234759145,0.000683663626107331,0.000431432231205063,0.000277306741348896,0.000862834444467701,0.0013701607234732,0.00098945230767733,0.000504772125521843,0.00081785277743309,0.000699313228722484,0.000487077394062068,0.000409621924247692,0.000575925074400403,0.0003626473700952,0.00061282909155269,0.000420483530737362,0.000390244590303057,0.00160378196754782,0.000637039743681674,0.000807173989503248,0.000945848045011158,0.00127851038346934,0.00176614042284497,0.000542456242572929,0.000635991901090394,0.000598895652017849,0.0010358792116022,0.00158848682739818,0.00131808643530847,0.000465333587281132,9.51799649503573e-05,6.73204914489853e-05,8.58164268757661e-05,0,0,0,0,0,0,0,0,0,0,0,0,0,0,0,0,0,0,0,0,0,0,0,0,0,0,0,0,0,0,0
0,0,0,0,0,0,0,0,0,0,0,0,0,0,0,0,0,0,0,0,0,0,0,0,0,0,0,0,0,0,0,0,0,0,0,0,0.000280624756117507,0.000235462982575344,0.00077966758776329,0.000267511884258773,0.000366279379795481,0.000256283407804666,0.000745803059812122,0.000331552085528217,0.000184480333944492,0.000378219490882213,0.000303685237274835,1.65179275202559e-05,0.000297485892282163,0.000561280837068874,0.000613241168323228,0.000923039350188087,0.000220374675539311,8.55539400915022e-05,0.000338276902685293,0.000128849441899675,0.000109742948953303,0.00135532080837783,0.00085529060690619,0.000549789371399321,0.000746218471797751,0.000759064227258298,0.000875775543396859,0.00130807017527168,0.00154233007074402,0.000505348954532672,0.000606147037209605,0.000283478601543199,0.000256537681390014,0,0,0,0,0,0,0,0,0,0,0,0,0,0,0,0,0,0,0,0,0,0,0,0,0,0,0,0,0,0,0
0,0,0,0,0,0,0,0,0,0,0,0,0,0,0,0,0,0,0,0,0,0,0,0,0,0,0,0,0,0,0,0,0,0,0,0.000222236348029878,1.14652798532678e-05,6.03281224065543e-05,0.000428298210688132,0.000706532500032453,0.0004373860641169,0.000766768212624808,0.000650125444646256,0.000203167107244233,0.000103905517435423,0.000176408925453565,0.000342046493279138,0.000377358544399389,0.00100639617643632,0.00140891723769751,0.0001386020200856,0.00020955021306221,0.00104030112846902,0.000770843938793285,0.000392183743796184,0.000855927200600333,0.000615850903297705,0.000682256312303258,0.000540347699176749,0.000128332023324247,0.000685484670308919,0.000142534759872779,0.000223857291009612,0.000816086873779074,0.00112017268438004,0.000303406817952275,0.000162952662831239,2.52411988642069e-05,0,0,0,0,0,0,0,0,0,0,0,0,0,0,0,0,0,0,0,0,0,0,0,0,0,0,0,0,0,0,0,0
0,0,0,0,0,0,0,0,0,0,0,0,0,0,0,0,0,0,0,0,0,0,0,0,0,0,0,0,0,0,0,0,0,0,0,0.000253233913009551,1.30644591073025e-05,0,0,4.13193657823983e-05,0.000622574808275623,0.000659800345502873,0.000463417363610387,2.82216834779092e-05,0.000518208198948893,0.000602449013089863,0.0010406460277399,0.000314854138668197,0.00035780162553395,0.000589579849020042,0.000572058856413287,0.000311189609596003,0.00101495539734828,0.000983546018000991,0.000101131854512453,0.000742741360256706,0.000193617307573092,0.000108045694117261,0.00127257726063563,0.000500434643549956,0.000933699525594316,0.000678525562766354,0.000312979887010143,0.00118936150861239,0.000892823222577126,0.000420286275068766,0,0,0,0,0,0,0,0,0,0,0,0,0,0,0,0,0,0,0,0,0,0,0,0,0,0,0,0,0,0,0,0,0,0
0,0,0,0,0,0,0,0,0,0,0,0,0,0,0,0,0,0,0,0,0,0,0,0,0,0,0,0,0,0,0,0,0,0,0,0,0,0,0,0.000100904595087377,0.000689859357327325,0.000201693757193354,0.000425557793394503,0.000845700967343247,0.000851603499842006,0.000221112735171879,0.000181358397363942,0.000416652932141394,0.000434284829477725,0.000695687728825432,0.000733026851726845,0.000747407175976641,0.000754380775611782,0.000655259672855643,7.06146534956025e-05,0.00114980647926697,0.000485805655517188,0.000184609447746592,0.00156848791868017,0.000976693643271436,0.000650819502802253,0.00102591507023847,0.000308547231706623,0.000529831507947813,0.000326506405542651,0.000170865445590267,0,0,0,0,0,0,0,0,0,0,0,0,0,0,0,0,0,0,0,0,0,0,0,0,0,0,0,0,0,0,0,0,0,0
0,0,0,0,0,0,0,0,0,0,0,0,0,0,0,0,0,0,0,0,0,0,0,0,0,0,0,0,0,0,0,0,0,0,0,0,0,0,0,0.000541627412673464,0.000995797381845931,0.000296166506586104,0.000683540108932657,0.000612190509686164,0.000441350817573915,0.000614853925765806,0.00108666183847977,0.000899996499121654,0.000341340890192012,0.000530713136079072,0.00046987182254314,0.000473858134620193,0.000440091443064356,0.000324566372677034,0.00101865072718086,0.000380899658525106,0.000834771091743189,0.000774387505847577,0.000318053210870895,0.000532122139487563,9.56976957759145e-05,0.000389571736506429,0.000301493908293611,0.000318165718508263,8.62711939595704e-05,0,0,0,0,0,0,0,0,0,0,0,0,0,0,0,0,0,0,0,0,0,0,0,0,0,0,0,0,0,0,0,0,0,0,0
0,0,0,0,0,0,0,0,0,0,0,0,0,0,0,0,0,0,0,0,0,0,0,0,0,0,0,0,0,0,0,0,0,0,0,0,0,0,9.91938543541179e-05,0.000515215693964991,0.000761056767182242,0.000698624417432069,0.000912197329460306,0.000463476573761403,0.000151522541795553,0.00045996738366003,0.000410099249713877,0.000899544004868111,0.000177614658303156,0.000322344363855262,0.000478465009852076,0.000628417240122553,0.000617944781414801,0.000724888523933837,0.00133598231584039,0.000798165429941123,0.0008842695277765,0.000314837450565632,0.000146140052147032,0.00111999860630388,0.000477518653772889,2.18946998867861e-05,8.35464723642897e-05,0.000523987851341796,0.000116359076812854,0,0,0,0,0,0,0,0,0,0,0,0,0,0,0,0,0,0,0,0,0,0,0,0,0,0,0,0,0,0,0,0,0,0,0
0,0,0,0,0,0,0,0,0,0,0,0,0,0,0,0,0,0,0,0,0,0,0,0,0,0,0,0,0,0,0,0,0,0,0,0,0,0,8.69350050700929e-07,8.69593498722281e-05,0.000327558636620889,0.000415583612212454,0.000220787238046123,0.000339946014195228,0.000310682669565847,0.000242502039043694,0.000131017498139757,4.41452682029161e-05,0.00033976953197149,0.000221655502945183,0.00146844090740345,0.000993612738675623,0.00082254152829071,0.000524138193648662,0.000580354814648543,0.000240289394673377,0.000529722188019922,0.000559784710720819,0.000493533458056218,0.000736778534269553,0.000179828151280942,0,0.000304337065140239,0.000504113208894466,0,0,0,0,0,0,0,0,0,0,0,0,0,0,0,0,0,0,0,0,0,0,0,0,0,0,0,0,0,0,0,0,0,0,0,0
0,0,0,0,0,0,0,0,0,0,0,0,0,0,0,0,0,0,0,0,0,0,0,0,0,0,0,0,0,0,0,0,0,0,0,0,0,0,0,0.00019501335136394,0.000262740747628367,0,0.000108371575198542,0.00070811642494804,0.000352846552109728,0.000509796618235918,9.72334794070753e-05,0,0.000515995173451315,0.000453875328223612,0.000419783711259484,0.000533580730299447,0.000601221983304981,0.000495219486351261,0.000571836411619121,0.000188550061796953,0.000306359313226555,0.000409188167784093,0.001339024172319,0.000312790642018996,0.000191605154911197,0.000353337831061515,0.000292620142718723,7.735349122915e-05,0,0,0,0,0,0,0,0,0,0,0,0,0,0,0,0,0,0,0,0,0,0,0,0,0,0,0,0,0,0,0,0,0,0,0,0
0,0,0,0,0,0,0,0,0,0,0,0,0,0,0,0,0,0,0,0,0,0,0,0,0,0,0,0,0,0,0,0,0,0,0,0,0,0,0,1.79976864325968e-05,2.42482145750959e-05,0.000182309473312741,0.000110393244622751,0.000704597516897427,0.000149859364490421,0.000227564451530872,0,0.000315932346920849,0.000808220021292386,0.000278499810245467,0.000194850125403899,0,8.46717829121391e-05,0.000555434196752044,0.000265500990820109,0,0,0.000389483922622611,0.000369789153786387,0.000265492946504544,0.000510021317082595,0.000508107903628445,0.000369057224027764,0,0,0,0,0,0,0,0,0,0,0,0,0,0,0,0,0,0,0,0,0,0,0,0,0,0,0,0,0,0,0,0,0,0,0,0,0
0,0,0,0,0,0,0,0,0,0,0,0,0,0,0,0,0,0,0,0,0,0,0,0,0,0,0,0,0,0,0,0,0,0,0,0,0,0,0,0,0,0.000299745899738611,1.11581130527574e-05,0,0,0,0,3.26094638560696e-05,0.000229518115940064,0.000741877678670952,0.000138404675385579,0,0.000140670974341294,0.000500548857524219,0.000387689169249869,2.74886121426038e-05,0,0.000330075345889079,0.000926502328153196,0.00087677106800618,5.67861398258781e-05,4.19492108352933e-06,2.5526525904757e-06,0,0,0,0,0,0,0,0,0,0,0,0,0,0,0,0,0,0,0,0,0,0,0,0,0,0,0,0,0,0,0,0,0,0,0,0,0
0,0,0,0,0,0,0,0,0,0,0,0,0,0,0,0,0,0,0,0,0,0,0,0,0,0,0,0,0,0,0,0,0,0,0,0,0,0,0,0,0,0,0,0,0,0,0,0,0.000460815869696201,0.00086197933603524,5.17541988229241e-05,3.76799980250235e-06,3.29662880039224e-05,0.000313431779955384,0.000172630766673296,5.61601601260387e-06,2.93655015892693e-06,0.000242109966586112,0.000344657305245579,0.000219572684194944,5.13318235972197e-05,0,0,0,0,0,0,0,0,0,0,0,0,0,0,0,0,0,0,0,0,0,0,0,0,0,0,0,0,0,0,0,0,0,0,0,0,0,0,0
0,0,0,0,0,0,0,0,0,0,0,0,0,0,0,0,0,0,0,0,0,0,0,0,0,0,0,0,0,0,0,0,0,0,0,0,0,0,0,0,0,0,0,0,0,0,0,6.24406864046904e-05,0.000816999176436163,0.000153371487385123,8.67678128893246e-05,0.000384575796013474,0.000417955227105335,0.000421820897230503,0.00016385887826441,0,5.10646624878011e-05,0.00057868309717709,0.000249688998953072,0,0,2.98588020255675e-05,9.63517787695853e-05,0,0,0,0,0,0,0,0,0,0,0,0,0,0,0,0,0,0,0,0,0,0,0,0,0,0,0,0,0,0,0,0,0,0,0,0,0
0,0,0,0,0,0,0,0,0,0,0,0,0,0,0,0,0,0,0,0,0,0,0,0,0,0,0,0,0,0,0,0,0,0,0,0,0,0,0,0,0,0,0,0,0,0,0,4.90127012528207e-06,3.14896396272481e-05,0,1.6880286283331e-05,6.4550470373441e-05,1.83608495509127e-06,2.614299729133e-05,1.76252206128746e-05,0,2.56205455294351e-05,0.000162479657894988,0.00022632513098209,0,0,8.84308129870998e-05,0.000285358606217747,0,0,0,0,0,0,0,0,0,0,0,0,0,0,0,0,0,0,0,0,0,0,0,0,0,0,0,0,0,0,0,0,0,0,0,0,0
0,0,0,0,0,0,0,0,0,0,0,0,0,0,0,0,0,0,0,0,0,0,0,0,0,0,0,0,0,0,0,0,0,0,0,0,0,0,0,0,0,0,0,0,0,0,0,0,6.21484930994172e-05,0.000395831920071448,0,0,0.000257840669257124,0.00050470021439282,0.00019185481349076,0,0,0,0,0,0,0,0,0,0,0,0,0,0,0,0,0,0,0,0,0,0,0,0,0,0,0,0,0,0,0,0,0,0,0,0,0,0,0,0,0,0,0,0,0
0,0,0,0,0,0,0,0,0,0,0,0,0,0,0,0,0,0,0,0,0,0,0,0,0,0,0,0,0,0,0,0,0,0,0,0,0,0,0,0,0,0,0,0,0,0,0,0,5.70210848977188e-06,3.63174783393625e-05,0,0,0,0,0,0,0,0,0,0,0,0,0,0,0,0,0,0,0,0,0,0,0,0,0,0,0,0,0,0,0,0,0,0,0,0,0,0,0,0,0,0,0,9.84462363582216e-06,0.000139816872424944,0,0,0,0,0
0,0,0,0,0,0,0,0,0,0,0,0,0,0,0,0,0,0,0,0,0,0,0,0,0,0,0,0,0,0,0,0,0,0,0,0,0,0,0,0,0,0,0,0,0,0,0,0,0,0,0,0,0,0,0,0,0,0,0,0,0,0,0,0,0,0,0,0,0,0,0,0,0,0,0,0,0,0,0,0,0,0,0,0,0,0,0,0,0,0,8.36518709955207e-05,1.91444265398617e-05,0.000385438279430226,7.88496339431799e-05,0.000327293493651362,0,0,0,0,0
0,0,0,0,0,0,0,0,0,0,0,0,0,0,0,0,0,0,0,0,0,0,0,0,0,0,0,0,0,0,0,0,0,0,0,0,0,0,0,0,0,0,0,0,0,0,0,0,0,0,0,0,0,0,0,0,0,0,0,0,0,0,0,0,0,0,0,0,0,0,0,0,0,0,0,0,0,0,0,0,0,0,0,0,0,0,0,0,0,0,0.000354583424934145,5.21198363135354e-05,0.000216951992524113,0.000533499713148971,0,0,0,0,0,0
0,0,0,0,0,0,0,0,0,0,0,0,0,0,0,0,0,0,0,0,0,0,0,0,0,0,0,0,0,0,0,0,0,0,0,0,0,0,0,0,0,0,0,0,0,0,0,0,0,0,0,0,0,0,0,0,0,0,0,0,0,0,0,0,0,0,0,0,0,0,0,0,0,0,0,0,0,0,0,0,0,0,0,0,0,0,0,0,0,0,0,0,0.000158321450287413,0.000640484382170908,0,0,0,0,0,0
0,0,0,0,0,0,0,0,0,0,0,0,0,0,0,0,0,0,0,0,0,0,0,0,0,0,0,0,0,0,0,0,0,0,0,0,0,0,0,0,0,0,0,0,0,0,0,0,0,0,0,0,0,0,0,0,0,0,0,0,0,0,0,0,0,0,0,0,0,0,0,0,0,0,0,0,0,0,0,0,0,0,0,0,0,0,0,0,0,0,0,0,0,0,0,0,0,0,0,0
0,0,0,0,0,0,0,0,0,0,0,0,0,0,0,0,0,0,0,0,0,0,0,0,0,0,0,0,0,0,0,0,0,0,0,0,0,0,0,0,0,0,0,0,0,0,0,0,0,0,0,0,0,0,0,0,0,0,0,0,0,0,0,0,0,0,0,0,0,0,0,0,0,0,0,0,0,0,0,0,0,0,0,0,0,0,0,0,0,6.73714760119459e-05,5.06297039059583e-05,0,0,0,0,0,0,0,0,0
0,0,0,0,0,0,0,0,0,0,0,0,0,0,0,0,0,0,0,0,0,0,0,0,0,0,0,0,0,0,0,0,0,0,0,0,0,0,0,0,0,0,0,0,0,0,0,0,0,0,0,0,0,0,0,0,0,0,0,0,0,0,0,0,0,0,0,0,0,0,0,0,0,0,0,0,0,0,0,0,0,0,0,0,0,0,0,0,0,0.000487165298086868,0.000394833521995228,0,0,0,0,0,0,0,0,0
0,0,0,0,0,0,0,0,0,0,0,0,0,0,0,0,0,0,0,0,0,0,0,0,0,0,0,0,0,0,0,0,0,0,0,0,0,0,0,0,0,0,0,0,0,0,0,0,0,0,0,0,0,0,0,0,0,0,0,0,0,0,0,0,0,0,0,0,0,0,0,0,0,0,0,0,0,0,0,0,0,0,0,0,0,0,0,0,0,4.70459857118213e-05,1.47096685358594e-06,0,0,0,0,0,0,0,0,0
0,0,0,0,0,0,0,0,0,0,0,0,0,0,0,0,0,0,0,0,0,0,0,0,0,0,0,0,0,0,0,0,0,0,0,0,0,0,0,0,0,0,0,0,0,0,0,0,0,0,0,0,0,0,0,0,0,0,0,0,0,0,0,0,0,0,0,0,0,0,0,0,0,0,0,0,0,0,0,0,0,0,0,0,0.00014805058803416,0.00028509517448856,0,0,5.90659754976357e-05,0.000439569161055609,1.36883411388409e-05,0,0,0,0,0,0,0,0,0
0,0,0,0,0,0,0,0,0,0,0,0,0,0,0,0,0,0,0,0,0,0,0,0,0,0,0,0,0,0,0,0,0,0,0,0,0,0,0,0,0,0,0,0,0,0,0,0,0,0,0,0,0,0,0,0,0,0,0,0,0,0,0,0,0,0,0,0,0,0,0,0,0,0,0,0,0,0,0,0,0,0,0,0,2.28509892684624e-05,4.40032482088174e-05,0,0,0.000426351166094338,1.28084036481695e-05,0,0,0,0,0,0,0,0,0,0
0,0,0,0,0,0,0,0,0,0,0,0,0,0,0,0,0,0,0,0,0,0,0,0,0,0,0,0,0,0,0,0,0,0,0,0,0,0,0,0,0,0,0,0,0,0,0,0,0,0,0,0,0,0,0,0,0,0,0,0,0,0,0,0,0,0,0,0,0,0,0,0,0,0,0,0,0,0,0,0,0,0,0,0,0,0,0,0,0,0.00037327718876761,0.000199255724745477,0,0,0,0,0,0,0,0,0
0,0,0,0,0,0,0,0,0,0,0,0,0,0,0,0,0,0,0,0,0,0,0,0,0,0,0,0,0,0,0,0,0,0,0,0,0,0,0,0,0,0,0,0,0,0,0,0,0,0,0,0,0,0,0,0,0,0,0,0,0,0,0,0,0,0,0,0,0,0,0,0,0,0,0,0,0,0,0,0,0,0,0,0,6.40699293499321e-05,0.000225231147741505,0,0,0,0.00033143258003512,9.60345064517941e-05,0,0,0,0,0,0,0,0,0
0,0,0,0,0,0,0,0,0,0,0,0,0,0,0,0,0,0,0,0,0,0,0,0,0,0,0,0,0,0,0,0,0,0,0,0,0,0,0,0,0,0,0,0,0,0,0,0,0,0,0,0,0,0,0,0,0,0,0,0,0,0,0,0,0,0,0,0,0,0,0,0,0,0,0,0,0,0,0,0,0,0,0,0,4.66623395964465e-05,0.000165130268946186,6.77651455499325e-05,0,0,0,0,0,0,0,0,0,0,0,0,0
0,0,0,0,0,0,0,0,0,0,0,0,0,0,0,0,0,0,0,0,0,0,0,0,0,0,0,0,0,0,0,0,0,0,0,0,0,0,0,0,0,0,0,0,0,0,0,0,0,0,0,0,0,0,0,0,0,0,0,0,0,0,0,0,0,0,0,0,0,0,0,0,0,0,0,0,0,0,0,0,0,0,0,1.68314909364492e-05,9.75174845921648e-05,6.84782030833542e-06,0.000424293348507662,0,0,0,0,0,0,0,0,0,0,0,0,0
0,0,0,0,0,0,0,0,0,0,0,0,0,0,0,0,0,0,0,0,0,0,0,0,0,0,0,0,0,0,0,0,0,0,0,0,0,0,0,0,0,0,0,0,0,0,0,0,0,0,0,0,0,0,0,0,0,0,0,0,0,0,0,0,0,0,0,0,0,0,0,0,0,0,0,0,0,0,0,7.66078517472919e-05,7.30139684360566e-05,0,0,5.67655433117386e-05,0.000328885481159647,0,0,0,0,0,0,0,0,0,0,0,0,0,0,0
0,0,0,0,0,0,0,0,0,0,0,0,0,0,0,0,0,0,0,0,0,0,0,0,0,0,0,0,0,0,0,0,0,0,0,0,0,0,0,0,0,0,0,0,0,0,0,0,0,0,0,0,0,0,0,0,0,0,0,0,0,0,0,0,0,0,0,0,0,0,0,0,0,0,0,0,0,0,0,0.000179397093431879,0.000170981086384772,0,0,0,0,0,0,0,0,0,0,0,0,0,0,0,0,0,0,0
0,0,0,0,0,0,0,0,0,0,0,0,0,0,0,0,0,0,0,0,0,0,0,0,0,0,0,0,0,0,0,0,0,0,0,0,0,0,0,0,0,0,0,0,0,0,0,0,0,0,0,0,0,0,0,0,0,0,0,0,0,0,0,0,0,0,0,0,0,0,0,0,0,0,0,0,0,0,0,0,0,0,0,0,0,0,0,0,0,0,0,0,0,0,0,0,0,0,0,0
0,0,0,0,0,0,0,0,0,0,0,0,0,0,0,0,0,0,0,0,0,0,0,0,0,0,0,0,0,0,0,0,0,0,0,0,0,0,0,0,0,0,0,0,0,0,0,0,0,0,0,0,0,0,0,0,0,0,0,0,0,0,0,0,0,0,0,0,0,0,0,0,0,0,0,0,0,0,0,0,0,0,0,0,0,0,0,0,0,0,0,0,0,0,0,0,0,0,0,0
0,0,0,0,0,0,0,0,0,0,0,0,0,0,0,0,0,0,0,0,0,0,0,0,0,0,0,0,0,0,0,0,0,0,0,0,0,0,0,0,0,0,0,0,0,0,0,0,0,0,0,0,0,0,0,0,0,0,0,0,0,0,0,0,0,0,0,0,0,0,0,0,0,0,0,0,0,0,0,0,0,0.000298246453905047,0.000187562168073531,5.87981468019611e-05,4.68024577065842e-05,0,0,0,0,0,0,0,0,0,0,0,0,0,0,0
0,0,0,0,0,0,0,0,0,0,0,0,0,0,0,0,0,0,0,0,0,0,0,0,0,0,0,0,0,0,0,0,0,0,0,0,0,0,0,0,0,0,0,0,0,0,0,0,0,0,0,0,0,0,0,0,0,0,0,0,0,0,0,0,0,0,0,0,0,0,0,0,0,0,0,0,0,0,0,0,0,8.71233646220034e-06,5.47904155922211e-06,0.000219600575798169,0.000174798819693286,0,0,0,0,0,0,0,0,0,0,0,0,0,0,0
0,0,0,0,0,0,0,0,0,0,0,0,0,0,0,0,0,0,0,0,0,0,0,0,0,0,0,0,0,0,0,0,0,0,0,0,0,0,0,0,0,0,0,0,0,0,0,0,0,0,0,0,0,0,0,0,0,0,0,0,0,0,0,0,0,0,0,0,0,0,0,0,0,0,0,0,7.93621249982288e-05,0.000114365397409779,0.00032489357149436,0,0,0,0,0,0,0,0,0,0,0,0,0,0,0,0,0,0,0,0,0
0,0,0,0,0,0,0,0,0,0,0,0,0,0,0,0,0,0,0,0,0,0,0,0,0,0,0,0,0,0,0,0,0,0,0,0,0,0,0,0,0,0,0,0,0,0,0,0,0,0,0,0,0,0,0,0,0,0,0,0,0,0,0,0,0,0,0,0,0,0,0,0,0,0,0,0,0.000361464807695253,0.000278739322585884,0.000116288455936183,0,0,0,0,0,0,0,0,0,0,0,0,0,0,0,0,0,0,0,0,0
0,0,0,0,0,0,0,0,0,0,0,0,0,0,0,0,0,0,0,0,0,0,0,0,0,0,0,0,0,0,0,0,0,0,0,0,0,0,0,0,0,0,0,0,0,0,0,0,0,0,0,0,0,0,0,0,0,0,0,0,0,0,0,0,0,0,0,0,0,0,0,0,0,0,0,0,0.00014469575949525,8.01905603850619e-05,0,0,0,0,0,0,0,0,0,0,0,0,0,0,0,0,0,0,0,0,0,0
0,0,0,0,0,0,0,0,0,0,0,0,0,0,0,0,0,0,0,0,0,0,0,0,0,0,0,0,0,0,0,0,0,0,0,0,0,0,0,0,0,0,0,0,0,0,0,0,0,0,0,0,0,0,0,0,0,0,0,0,0,0,0,0,0,0,0,0,0,0,0,0,0,0,0,0,0,0,0,0,0,0,0,0,0,0,0,0,0,0,0,0,0,0,0,0,0,0,0,0
0,0,0,0,0,0,0,0,0,0,0,0,0,0,0,0,0,0,0,0,0,0,0,0,0,0,0,0,0,0,0,0,0,0,0,0,0,0,0,0,0,0,0,0,0,0,0,0,0,0,0,0,0,0,0,0,0,0,0,0,0,0,0,0,0,0,0,0,0,0,0,0,0,0,0,0,0,0,0,0,0,0,0,0,0,0,0,0,0,0,0,0,0,0,0,0,0,0,0,0
0,0,0,0,0,0,0,0,0,0,0,0,0,0,0,0,0,0,0,0,0,0,0,0,0,0,0,0,0,0,0,0,0,0,0,0,0,0,0,0,0,0,0,0,0,0,0,0,0,0,0,0,0,0,0,0,0,0,0,0,0,0,0,0,0,0,0,0,0,0,0,0,0,0,0,0,0,0,0,0,0,0,0,0,0,0,0,0,0,0,0,0,0,0,0,0,0,0,0,0
0,0,0,0,0,0,0,0,0,0,0,0,0,0,0,0,0,0,0,0,0,0,0,0,0,0,0,0,0,0,0,0,0,0,0,0,0,0,0,0,0,0,0,0,0,0,0,0,0,0,0,0,0,0,0,0,0,0,0,0,0,0,0,0,0,0,0,0,0,0,0,0,0,2.38622282039642e-05,0.000328375011765348,6.1948781083712e-05,6.63826667170918e-05,0,0,0,0,0,0,0,0,0,0,0,0,0,0,0,0,0,0,0,0,0,0,0
0,0,0,0,0,0,0,0,0,0,0,0,0,0,0,0,0,0,0,0,0,0,0,0,0,0,0,0,0,0,0,0,0,0,0,0,0,0,0,0,0,0,0,0,0,0,0,0,0,0,0,0,0,0,0,0,0,0,0,0,0,0,0,0,0,0,0,0,0,0,0,0,0,1.00101531008108e-05,0.000137752606929877,0.000179413652463632,0.000192254899735564,0,0,0,0,0,0,0,0,0,0,0,0,0,0,0,0,0,0,0,0,0,0,0
0,0,0,0,0,0,0,0,0,0,0,0,0,0,0,0,0,0,0,0,0,0,0,0,0,0,0,0,0,0,0,0,0,0,0,0,0,0,0,0,0,0,0,0,0,0,0,0,0,0,0,0,0,0,0,0,0,0,0,0,0,0,0,0,0,0,0,0,0,0,0,0,0,0,0,0,0,0,0,0,0,0,0,0,0,0,0,0,0,0,0,0,0,0,0,0,0,0,0,0
0,0,0,0,0,0,0,0,0,0,0,0,0,0,0,0,0,0,0,0,0,0,0,0,0,0,0,0,0,0,0,0,0,0,0,0,0,0,0,0,0,0,0,0,0,0,0,0,0,0,0,0,0,0,0,0,0,0,0,0,0,0,0,0,0,0,0,0,0,0,0,0,0,0,0,0,0,0,0,0,0,0,0,0,0,0,0,0,0,0,0,0,0,0,0,0,0,0,0,0
0,0,0,0,0,0,0,0,0,0,0,0,0,0,0,0,0,0,0,0,0,0,0,0,0,0,0,0,0,0,0,0,0,0,0,0,0,0,0,0,0,0,0,0,0,0,0,0,0,0,0,0,0,0,0,0,0,0,0,0,0,0,0,0,0,0,0,0,0,0,0,0,0,0,0,0,0,0,0,0,0,0,0,0,0,0,0,0,0,0,0,0,0,0,0,0,0,0,0,0
0,0,0,0,0,0,0,0,0,0,0,0,0,0,0,0,0,0,0,0,0,0,0,0,0,0,0,0,0,0,0,0,0,0,0,0,0,0,0,0,0,0,0,0,0,0,0,0,0,0,0,0,0,0,0,0,0,0,0,0,0,0,0,0,0,0,0,0,0,0,0,0,0,0,0,0,0,0,0,0,0,0,0,0,0,0,0,0,0,0,0,0,0,0,0,0,0,0,0,0
0,0,0,0,0,0,0,0,0,0,0,0,0,0,0,0,0,0,0,0,0,0,0,0,0,0,0,0,0,0,0,0,0,0,0,0,0,0,0,0,0,0,0,0,0,0,0,0,0,0,0,0,0,0,0,0,0,0,0,0,0,0,0,0,0,0,0,0,0,0,0,0,0,0,0,0,0,0,0,0,0,0,0,0,0,0,0,0,0,0,0,0,0,0,0,0,0,0,0,0
0,0,0,0,0,0,0,0,0,0,0,0,0,0,0,0,0,0,0,0,0,0,0,0,0,0,0,0,0,0,0,0,0,0,0,0,0,0,0,0,0,0,0,0,0,0,0,0,0,0,0,0,0,0,0,0,0,0,0,0,0,0,0,0,0,0,0,0,0,0,0,0,0,0,0,0,0,0,0,0,0,0,0,0,0,0,0,0,0,0,0,0,0,0,0,0,0,0,0,0
0,0,0,0,0,0,0,0,0,0,0,0,0,0,0,0,0,0,0,0,0,0,0,0,0,0,0,0,0,0,0,0,0,0,0,0,0,0,0,0,0,0,0,0,0,0,0,0,0,0,0,0,0,0,0,0,0,0,0,0,0,0,0,0,0,0,0,0,0,0,0,0,0,0,0,0,0,0,0,0,0,0,0,0,0,0,0,0,0,0,0,0,0,0,0,0,0,0,0,0
0,0,0,0,0,0,0,0,0,0,0,0,0,0,0,0,0,0,0,0,0,0,0,0,0,0,0,0,0,0,0,0,0,0,0,0,0,0,0,0,0,0,0,0,0,0,0,0,0,0,0,0,0,0,0,0,0,0,0,0,0,0,0,0,0,0,0,0,0,0,0,0,0,0,0,0,0,0,0,0,0,0,0,0,0,0,0,0,0,0,0,0,0,0,0,0,0,0,0,0
0,0,0,0,0,0,0,0,0,0,0,0,0,0,0,0,0,0,0,0,0,0,0,0,0,0,0,0,0,0,0,0,0,0,0,0,0,0,0,0,0,0,0,0,0,0,0,0,0,0,0,0,0,0,0,0,0,0,0,0,0,0,0,0,0,0,0,0,0,0,0,0,0,0,0,0,0,0,0,0,0,0,0,0,0,0,0,0,0,0,0,0,0,0,0,0,0,0,0,0
0,0,0,0,0,0,0,0,0,0,0,0,0,0,0,0,0,0,0,0,0,0,0,0,0,0,0,0,0,0,0,0,0,0,0,0,0,0,0,0,0,0,0,0,0,0,0,0,0,0,0,0,0,0,0,0,0,0,0,0,0,0,0,0,0,0,0,0,0,0,0,0,0,0,0,0,0,0,0,0,0,0,0,0,0,0,0,0,0,0,0,0,0,0,0,0,0,0,0,0
0,0,0,0,0,0,0,0,0,0,0,0,0,0,0,0,0,0,0,0,0,0,0,0,0,0,0,0,0,0,0,0,0,0,0,0,0,0,0,0,0,0,0,0,0,0,0,0,0,0,0,0,0,0,0,0,0,0,0,0,0,0,0,0,0,0,0,0,0,0,0,0,0,0,0,0,0,0,0,0,0,0,0,0,0,0,0,0,0,0,0,0,0,0,0,0,0,0,0,0
0,0,0,0,0,0,0,0,0,0,0,0,0,0,0,0,0,0,0,0,0,0,0,0,0,0,0,0,0,0,0,0,0,0,0,0,0,0,0,0,0,0,0,0,0,0,0,0,0,0,0,0,0,0,0,0,0,0,0,0,0,0,0,0,0,0,0,0,0,0,0,0,0,0,0,0,0,0,0,0,0,0,0,0,0,0,0,0,0,0,0,0,0,0,0,0,0,0,0,0
0,0,0,0,0,0,0,0,0,0,0,0,0,0,0,0,0,0,0,0,0,0,0,0,0,0,0,0,0,0,0,0,0,0,0,0,0,0,0,0,0,0,0,0,0,0,0,0,0,0,0,0,0,0,0,0,0,0,0,0,0,0,0,0,0,0,0,0,0,0,0,0,0,0,0,0,0,0,0,0,0,0,0,0,0,0,0,0,0,0,0,0,0,0,0,0,0,0,0,0
0,0,0,0,0,0,0,0,0,0,0,0,0,0,0,0,0,0,0,0,0,0,0,0,0,0,0,0,0,0,0,0,0,0,0,0,0,0,0,0,0,0,0,0,0,0,0,0,0,0,0,0,0,0,0,0,0,0,0,0,0,0,0,0,0,0,0,0,0,0,0,0,0,0,0,0,0,0,0,0,0,0,0,0,0,0,0,0,0,0,0,0,0,0,0,0,0,0,0,0
