0,0,0,0,0,0,0,0,0,0,0,0,0,0,0,0,0,0,0,0,0,0,0,0,0,0,0,0,0,0,0,0,0,0,0,0,0,0,0,0,0,0,0,0,0,0,0,0,0,0,0,0,0,0,0,0,0,0,0,0,0,0,0,0,0,0,0,0,0,0,0,0,0,0,0,0,0,0,0,0,0,0,0,0,0,0,0,0,0,0,0,0,0,0,0,0,0,0,0,0
0,0,0,0,0,0,0,0,0,0,0,0,0,0,0,0,0,0,0,0,0,0,0,0,0,0,0,0,0,0,0,0,0,0,0,0,0,0,0,0,0,0,0,0,0,0,0,0,0,0,0,0,0,0,0,0,0,0,0,0,0,0,0,0,0,0,0,0,0,0,0,0,0,0,0,0,0,0,0,0,0,0,0,0,0,0,0,0,0,0,0,0,0,0,0,0,0,0,0,0
0,0,0,0,0,0,0,0,0,0,0,0,0,0,0,0,0,0,0,0,0,0,0,0,0,0,0,0,0,0,0,0,0,0,0,0,0,0,0,0,0,0,0,0,0,0,0,0,0,0,0,0,0,0,0,0,0,0,0,0,0,0,0,0,0,0,0,0,0,0,0,0,0,0,0,0,0,0,0,0,0,0,0,0,0,0,0,0,0,0,0,0,0,0,0,0,0,0,0,0
0,0,0,0,0,0,0,0,0,0,0,0,0,0,0,0,0,0,0,0,0,0,0,0,0,0,0,0,0,0,0,0,0,0,0,0,0,0,0,0,0,0,0,0,0,0,0,0,0,0,0,0,0,0,0,0,0,0,0,0,0,0,0,0,0,0,0,0,0,0,0,0,0,0,0,0,0,0,0,0,0,0,0,0,0,0,0,0,0,0,0,0,0,0,0,0,0,0,0,0
0,0,0,0,0,0,0,0,0,0,0,0,0,0,0,0,0,0,0,0,0,0,0,0,0,0,0,0,0,0,0,0,0,0,0,0,0,0,0,0,0,0,0,0,0,0,0,0,0,0,0,0,0,0,0,0,0,0,0,0,0,0,0,0,0,0,0,0,0,0,0,0,0,0,0,0,0,0,0,0,0,0,0,0,0,0,0,0,0,0,0,0,0,0,0,0,0,0,0,0
0,0,0,0,0,0,0,0,0,0,0,0,0,0,0,0,0,0,0,0,0,0,0,0,0,0,0,0,0,0,0,0,0,0,0,0,0,0,0,0,0,0,0,0,0,0,0,0,0,0,0,0,0,0,0,0,0,0,0,0,0,0,0,0,0,0,0,0,0,0,0,0,0,0,0,0,0,0,0,0,0,0,0,0,0,0,0,0,0,0,0,0,0,0,0,0,0,0,0,0
0,0,0,0,0,0,0,0,0,0,0,0,0,0,0,0,0,0,0,0,0,0,0,0,0,0,0,0,0,0,0,0,0,0,0,0,0,0,0,0,0,0,0,0,0,0,0,0,0,0,0,0,0,0,0,0,0,0,0,0,0,0,0,0,0,0,0,0,0,0,0,0,0,0,0,0,0,0,0,0,0,0,0,0,0,0,0,0,0,0,0,0,0,0,0,0,0,0,0,0
0,0,0,0,0,0,0,0,0,0,0,0,0,0,0,0,0,0,0,0,0,0,0,0,0,0,0,0,0,0,0,0,0,0,0,0,0,0,0,0,0,0,0,0,0,0,0,0,0,0,0,0,0,0,0,0,0,0,0,0,0,0,0,0,0,0,0,0,0,0,0,0,0,0,0,0,0,0,0,0,0,0,0,0,0,0,0,0,0,0,0,0,0,0,0,0,0,0,0,0
0,0,0,0,0,0,0,0,0,0,0,0,0,0,0,0,0,0,0,0,0,0,0,0,0,0,0,0,0,0,0,0,0,0,0,0,0,0,0,0,0,0,0,0,0,0,0,0,0,0,0,0,0,0,0,0,0,0,0,0,0,0,0,0,0,0,0,0,0,0,0,0,0,0,0,0,0,0,0,0,0,0,0,0,0,0,0,0,0,0,0,0,0,0,0,0,0,0,0,0
0,0,0,0,0,0,0,0,0,0,0,0,0,0,0,0,0,0,0,0,0,0,0,0,0,0,0,0,0,0,0,0,0,0,0,0,0,0,0,0,0,0,0,0,0,0,0,0,0,0,0,0,0,0,0,0,0,0,0,0,0,0,0,0,0,0,0,0,0,0,0,0,0,0,0,0,0,0,0,0,0,0,0,0,0,0,0,0,0,0,0,0,0,0,0,0,0,0,0,0
0,0,0,0,0,0,0,0,0,0,0,0,0,0,0,0,0,0,0,0,0,0,0,0,0,0,0,0,0,0,0,0,0,0,0,0,0,0,0,0,0,0,0,0,0,0,0,0,0,0,0,0,0,0,0,0,0,0,0,0,0,0,0,0,0,0,0,0,0,0,0,0,0,0,0,0,0,0,0,0,0,0,0,0,0,0,0,0,0,0,0,0,0,0,0,0,0,0,0,0
0,0,0,0,0,0,0,0,0,0,0,0,0,0,0,0,0,0,0,0,0,0,0,0,0,0,0,0,0,0,0,0,0,0,0,0,0,0,0,0,0,0,0,0,0,0,0,0,0,0,0,0,0,0,0,0,0,0,0,0,0,0,0,0,0,0,0,0,0,0,0,0,0,0,0,0,0,0,0,0,0,0,0,0,0,0,0,0,0,0,0,0,0,0,0,0,0,0,0,0
0,0,0,0,0,0,0,0,0,0,0,0,0,0,0,0,0,0,0,0,0,0,0,0,0,0,0,0,0,0,0,0,0,0,0,0,0,0,0,0,0,0,0,0,0,0,0,0,0,0,0,0,0,0,0,0,0,0,0,0,0,0,0,0,0,0,0,0,0,0,0,0,0,0,0,0,0,0,0,0,0,0,0,0,0,0,0,0,0,0,0,0,0,0,0,0,0,0,0,0
0,0,0,0,0,0,0,0,0,0,0,0,0,0,0,0,0,0,0,0,0,0,0,0,0,0,0,0,0,0,0,0,0,0,0,0,0,0,0,0,0,0,0,0,0,0,0,0,0,0,0,0,0,0,0,0,0,0,0,0,0,0,0,0,0,0,0,0,0,0,0,0,0,0,0,0,0,0,0,0,0,0,0,0,0,0,0,0,0,0,0,0,0,0,0,0,0,0,0,0
0,0,0,0,0,0,0,0,0,0,0,0,0,0,0,0,0,0,0,0,0,0,0,0,0,0,0,0,0,0,0,0,0,0,0,0,0,0,0,0,0,0,0,0,0,0,0,0,0,0,0,0,0,0,0,0,0,0,0,0,0,0,0,0,0,0,0,0,0,0,0,0,0,0,0,0,0,0,0,0,0,0,0,0,0,0,0,0,0,0,0,0,0,0,0,0,0,0,0,0
0,0,0,0,0,0,0,0,0,0,0,0,0,0,0,0,0,0,0,0,0,0,0,0,0,0,0,0,0,0,0,0,0,0,0,0,0,0,0,0,0,0,0,0,0,0,0,0,0,0,0,0,0,0,0,0,0,0,0,0,0,0,0,0,0,0,0,0,0,0,0,0,0,0,0,0,0,0,0,0,0,0,0,0,0,0,0,0,0,0,0,0,0,0,0,0,0,0,0,0
0,0,0,0,0,0,0,0,0,0,0,0,0,0,0,0,0,0,0,0,0,0,0,0,0,0,0,0,0,0,0,0,0,0,0,0,0,0,0,0,0,0,0,0,0,0,0,0,0,0,0,0,0,0,0,0,0,0,0,0,0,0,0,0,0,0,0,0,0,0,0,0,0,0,0,0,0,0,0,0,0,0,0,0,0,0,0,0,0,0,0,0,0,0,0,0,0,0,0,0
0,0,0,0,0,0,0,0,0,0,0,0,0,0,0,0,0,0,0,0,0,0,0,0,0,0,0,0,0,0,0,0,0,0,0,0,0,0,0,0,0,0,0,0,0,0,0,0,0,0,0,0,0,0,0,0,0,0,0,0,0,0,0,0,0,0,0,0,0,0,0,0,0,0,0,0,0,0,0,0,0,0,0,0,0,0,0,0,0,0,0,0,0,0,0,0,0,0,0,0
0,0,0,0,0,0,0,0,0,0,0,0,0,0,0,0,0,0,0,0,0,0,0,0,0,0,0,0,0,0,0,0,0,0,0,0,0,0,0,0,0,0,0,0,0,0,0,0,0,0,0,0,0,0,0,0,0,0,0,0,0,0,0,0,0,0,0,0,0,0,0,0,0,0,0,0,0,0,0,0,0,0,0,0,0,0,0,0,0,0,0,0,0,0,0,0,0,0,0,0
0,0,0,0,0,0,0,0,0,0,0,0,0,0,0,0,0,0,0,0,0,0,0,0,0,0,0,0,0,0,0,0,0,0,0,0,0,0,0,0,0,0,0,0,0,0,0,0,0,0,0,0,0,0,0,0,0,0,0,0,0,0,0,0,0,0,0,0,0,0,0,0,0,0,0,0,0,0,0,0,0,0,0,0,0,0,0,0,0,0,0,0,0,0,0,0,0,0,0,0
0,0,0,0,0,0,0,0,0,0,0,0,0,0,0,0,0,0,0,0,0,0,0,0,0,0,0,0,0,0,0,0,0,0,0,0,0,0,0,0,0,0,0,0,0,0,0,0,0,0,0,0,0,0,0,0,0,0,0,0,0,0,0,0,0,0,0,0,0,0,0,0,0,0,0,0,0,0,0,0,0,0,0,0,0,0,0,0,0,0,0,0,0,0,0,0,0,0,0,0
0,0,0,0,0,0,0,0,0,0,0,0,0,0,0,0,0,0,0,0,0,0,0,0,0,0,0,0,0,0,0,0,0,0,0,0,0,0,0,0,0,0,0,0,0,0,0,0,0,0,0,0,0,0,0,0,0,0,0,0,0,0,0,0,0,0,0,0,0,0,0,0,0,0,0,0,0,0,0,0,0,0,0,0,0,0,0,0,0,0,0,0,0,0,0,0,0,0,0,0
0,0,0,0,0,0,0,0,0,0,0,0,0,0,0,0,0,0,0,0,0,0,0,0,0,0,0,0,0,0,0,0,0,0,0,0,0,0,0,0,0,0,0,0,0,0,0,0,0,0,0,0,0,0,0,0,0,0,0,0,0,0,0,0,0,0,0,0,0,0,0,0,0,0,0,0,0,0,0,0,0,0,0,0,0,0,0,0,0,0,0,0,0,0,0,0,0,0,0,0
0,0,0,0,0,0,0,0,0,0,0,0,0,0,0,0,0,0,0,0,0,0,0,0,0,0,0,0,0,0,0,0,0,0,0,0,0,0,0,0,0,0,0,0,0,0,0,0,0,0,0,0,0,0,0,0,0,0,0,0,0,0,0,0,0,0,0,0,0,0,0,0,0,0,0,0,0,0,0,0,0,0,0,0,0,0,0,0,0,0,0,0,0,0,0,0,0,0,0,0
0,0,0,0,0,0,0,0,0,0,0,0,0,0,0,0,0,0,0,0,0,0,0,0,0,0,0,0,0,0,0,0,0,0,0,0,0,0,0,0,0,0,0,0,0,0,0,0,0,0,0,0,0,0,0,0,0,0,0,0,0,0,0,0,0,0,0,0,0,0,0,0,0,0,0,0,0,0,0,0,0,0,0,0,0,0,0,0,0,0,0,0,0,0,0,0,0,0,0,0
0,0,0,0,0,0,0,0,0,0,0,0,0,0,0,0,0,0,0,0,0,0,0,0,0,0,0,0,0,0,0,0,0,0,0,0,0,0,0,0,0,0,0,0,0,0,0,0,0,0,0,0,0,0,0,0,0,0,0,0,0,0,0,0,0,0,0,0,0,0,0,0,0,0,0,0,0,0,0,0,0,0,0,0,0,0,0,0,0,0,0,0,0,0,0,0,0,0,0,0
0,0,0,0,0,0,0,0,0,0,0,0,0,0,0,0,0,0,0,0,0,0,0,0,0,0,0,0,0,0,0,0,0,0,0,0,0,0,0,0,0,0,0,0,0,0,0,0,0,0,0,0,0,0,0,0,0,0,0,0,0,0,0,0,0,0,0,0,0,0,0,0,0,0,0,0,0,0,0,0,0,0,0,0,0,0,0,0,0,0,0,0,0,0,0,0,0,0,0,0
0,0,0,0,0,0,0,0,0,0,0,0,0,0,0,0,0,0,0,0,0,0,0,0,0,0,0,0,0,0,0,0,0,0,0,0,0,0,0,0,0,0,0.000140162517126078,3.2784440731688e-05,0,0,0,0,0,0,0,0,0,0,0,0,0,0,0,0,0,0,0,0,0,0,0,0,0,0,0,0,0,0,0,0,0,0,0,0,0,0,0,0,0,0,0,0,0,0,0,0,0,0,0,0,0,0,0,0
0,0,0,0,0,0,0,0,0,0,0,0,0,0,0,0,0,0,0,0,0,0,0,0,0,0,0,0,0,0,0,0,0,0,0,0,2.86157167775281e-05,0.000316042143774246,8.86544202943145e-05,9.85293101871402e-05,6.77892054366262e-05,0,0.000265055703715221,0.000122043820749564,0.000168386104661992,0,0,0,0,0,0,0,0,0,0,0,0,0,0,0,0,0,0,0,0,0,0,0,0,0,0,0,0,0,0,0,0,0,0,0,0,0,0,0,0,0,0,0,0,0,0,0,0,0,0,0,0,0,0,0
0,0,0,0,0,0,0,0,0,0,0,0,0,0,0,0,0,0,0,0,0,0,0,0,0,0,0,0,0,0,0,0,0,0,0,0,2.66038084578588e-05,0.000374398268213913,0.000204104792301954,0.000203823287769181,0.000420084104822907,0.000120507576073866,7.90960388549553e-05,7.1385033458982e-05,0.000358571786434552,8.89616150429612e-05,0,0,0,0,0,0,0,0,0,0,0,0,0,0,0,0,0,0,0,0,0,0,0,0,0,0,0,0,0,0,0,0,0,0,0,0,0,0,0,0,0,0,0,0,0,0,0,0,0,0,0,0,0,0
0,0,0,0,0,0,0,0,0,0,0,0,0,0,0,0,0,0,0,0,0,0,0,0,0,0,0,0,0,0,0,0,0,3.20056755870647e-05,0.00025482113892921,0.000181065176818532,0.000222006583810633,4.45662342395307e-05,0.000870840658710422,7.71206956935986e-05,0.000268306349624114,0.000411702679673435,0.000243935169311511,0.000216162582875182,0.000428793301638417,0.000324529234727988,0.000254217952379692,0,0,0,8.65440945801517e-05,0.00034769981585764,0,0,0,0,0,0,0,0,0,0,0,0,0,0,0,0,0,0,0,0,0,0,0,0,0,0,0,0,0,0,0,0,0,0,0,0,0,0,0,0,0,0,0,0,0,0,0,0
0,0,0,0,0,0,0,0,0,0,0,0,0,0,0,0,0,0,0,0,0,0,0,0,0,0,0,0,0,0,0,0,0,9.12451774536249e-05,0.000311581364964871,0.000306558747245286,0.000378419409464772,0.000118759721474413,0.000689017942690229,0.000461395021119165,0.000349933715061314,0.000682862585862652,0.000706406340668521,0.000466026986607484,0.000465279866585739,0.000306532199694767,0.000184366633988551,0,0,0,1.31050801116714e-05,5.26510094505373e-05,0,0,0,0,0,0,0,0,0,0,0,0,0,0,0,0,0,0,0,0,0,0,0,0,0,0,0,0,0,0,0,0,0,0,0,0,0,0,0,0,0,0,0,0,0,0,0,0
0,0,0,0,0,0,0,0,0,0,0,0,0,0,0,0,0,0,0,0,0,0,0,0,0,0,0,0,0,0,0,0.000136421987353836,6.38754139931914e-06,0.000369771861442641,0.00141291702654567,0.000798093872112133,0.000914838747079541,0.000884113452432177,0.00160094504553288,0.000933994374531163,0.00064837541616854,0.000458839908759915,0.000483802454824349,0.000308705094580497,0.000502890459406184,0.00122555003120163,0.000128436961783834,0,3.55557670111256e-05,7.38153606634711e-06,0,0,0,0,0,0,0,0,0,0,0,0,0,0,0,0,0,0,0,0,0,0,0,0,0,0,0,0,0,0,0,0,0,0,0,0,0,0,0,0,0,0,0,0,0,0,0,0,0,0
0,0,0,0,0,0,0,0,0,0,0,0,0,0,0,0,0,0,0,0,0,0,0,0,0,0,0,3.57252892229152e-05,0.000270218884039144,0,0,0.000679925508383868,0.000120025076304823,3.00768355568593e-05,0.000162445247164187,0.000213587255384848,0.000319910536659936,0.000680928523395397,0.000305330525426287,0.000600364603691814,0.000382454695619239,0.000907493003846495,0.000658364898554552,0.000782970759899032,0.000314398432576581,0.000394712209228528,2.96639028959743e-05,8.08218806477917e-05,0.000675956226663603,0.000525505044207749,5.08894423848669e-05,0,0.000271241115172327,2.92977398922821e-05,0,0,0,0,0,0,0,0,0,0,0,0,0,0,0,0,0,0,0,0,0,0,0,0,0,0,0,0,0,0,0,0,0,0,0,0,0,0,0,0,0,0,0,0,0,0
0,0,0,0,0,0,0,0,0,0,0,0,0,0,0,0,0,0,0,0,0,0,0,0,0,0,0,2.26600182042578e-05,0.000183719816404382,0.000205986860392105,0,4.37884948197968e-05,5.35561394791307e-05,0.00059743790636613,0.000154059572072271,0.000249310292496388,0.000820954933939343,0.00071801304513378,0.000488719044800656,0.000780002533530488,4.20354228347483e-05,1.0759951582632e-05,0.000174384317590383,0.000214978816967617,0.000210373668555998,0.000546108713178349,0.000422199444958556,0.000760900192658948,0.000989367965404947,0.000411916672347486,3.63190352890588e-05,2.51620584333948e-05,0.00018970802606918,1.94442769860077e-05,0,0,0,0,0,0,0,0,0,0,0,0,0,0,0,0,0,0,0,0,0,0,0,0,0,0,0,0,0,0,0,0,0,0,0,0,0,0,0,0,0,0,0,0,0,0
0,0,0,0,0,0,0,0,0,0,0,0,0,0,0,0,0,0,0,0,0,0,0,0,0,0,0,0,1.59018151695526e-05,0.000265787316567643,0.000206698427993227,0.000125665588969397,0.000590199104666682,0.00156957276915755,0.000800269257765363,0.000524384917427373,0.000582067143965262,0.000515599646442673,0.000585544125395604,0.00112644795847515,0.00041209287660745,0.000346334670037586,0.000760982523173987,0.000386599332993633,0.000127214518342242,0.000183627595350543,6.68331031944829e-06,0.000523482550743365,0.000849751706696163,0.000322779882707505,0.000424502320692356,0.000429932974476424,0.000410249180324704,2.62984286063536e-05,0,6.31219474752874e-05,5.26435585199579e-05,0,0,0,0,0,0,0,0,0,0,0,0,0,0,0,0,0,0,0,0,0,0,0,0,0,0,0,0,0,0,0,0,0,0,0,0,0,0,0,0,0,0,0
0,0,0,0,0,0,0,0,0,0,0,0,0,0,0,0,0,0,0,0,0,0,0,0,0,0.000129982557548688,8.37599343169122e-05,3.81424375825457e-05,0.000131093220055752,3.77463078132301e-05,0.000288917681884574,0.000369431198379779,0.000852766747295319,0.000748930333128996,0.000160884507164978,0.000398239647352604,0.000290674559112099,0.00034052331060829,0.000314631807849215,0.000134005603917863,0.000981935549130253,0.000572765201040364,0.00122740647635663,0.00105157362991776,0.000426975926473215,0.000701957718446306,0.000627456825967129,0.000407640562869511,0.000801028824995361,0.000827377332209222,0.000968607175933093,0.0012914704328686,0.000996186248575344,0.000546339817478879,4.6195818935638e-05,0.000440724885205367,0.000443509608799388,0,0,0,0,0,0,0,0,0,0,0,0,0,0,0,0,0,0,0,0,0,0,0,0,0,0,0,0,0,0,0,0,0,0,0,0,0,0,0,0,0,0,0
0,0,0,0,0,0,0,0,0,0,0,0,0,0,0,0,0,0,0,0,0,0,0,0,0,0.00018478565703215,0.000181507154172902,0.000381822259346803,0.000257125172018523,0.000574086133422912,0.000906691997408542,0.00101073161027765,0.000722818550350779,0.00120228363875801,0.000406413900276062,0.000279780236340112,0.000988642762049798,0.000859178852339952,0.000576778804173916,0.000420660572610832,0.000538346037866854,0.000285881640270296,0.000165767518060912,0.000494612392629769,0.000756766646453874,0.000478722639322919,0.000395085970098846,0.000884618017158833,0.000264330359151578,0.000395652688082793,0.000983311669430316,0.000756997898123481,0.000501636948099756,0.000337835740289013,8.67070454511158e-05,0,0,0,0,0,0,0,0,0,0,0,0,0,0,0,0,0,0,0,0,0,0,0,0,0,0,0,0,0,0,0,0,0,0,0,0,0,0,0,0,0,0,0,0,0
0,0,0,0,0,0,0,0,0,0,0,0,0,0,0,0,0,0,0,0,0,0,0,0,0,0,0,0,0.000269469480470637,0.000422573814066322,0.000479717162770793,0.00101938177397359,0.000434600360710472,0.000240933897608424,0.00074484374640128,0.000744289885312156,0.00139266683889855,0.000529423432916739,0.000528294008459331,0.000427190607060699,0.000968546944939061,0.000360049957853124,8.80678991013506e-05,0.00071831351230456,0.00115115517100868,0.000218195770333084,7.88512677619719e-05,0.000271035571909972,0.000182742333901616,0.00117509115457706,0.00106044678152339,0.000271354633222362,0.000265040726514101,0.000484326923236499,0.000151579894788954,0.000100554556355113,0.00067828624895052,4.54136601156416e-06,0,0,0,0,0,0,0,0,0,0,0,0,0,0,0,0,0,0,0,0,0,0,0,0,0,0,0,0,0,0,0,0,0,0,0,0,0,0,0,0,0,0
0,0,0,0,0,0,0,0,0,0,0,0,0,0,0,0,0,0,0,0,0,0,0,0,0,0,0,4.22407327023697e-05,0.000401063837077854,0.000478362312766652,0.000516429944299353,0.000476238549510116,0.000644229995340366,0.0007653416511936,0.00105363416193338,0.00156389061144955,0.00110627227929656,0.00117354418158359,0.000434132530080526,0.000166166016811611,0.000515987429909284,0.000617335049998458,0.000288799598520737,0.00103479978408896,0.000749338319439633,0.000145298778777084,5.36407942788552e-05,0.000509180077395043,0.000653767228282845,0.00132552236587444,0.00105745430239529,0.000184727056562437,0.000963907028484107,0.000858034518291706,0.000895809001018482,0.00021017674446234,0.000166529854275041,3.99077002194356e-07,0,0,0,0,0,0,0,0,0,0,0,0,0,0,0,0,0,0,0,0,0,0,0,0,0,0,0,0,0,0,0,0,0,0,0,0,0,0,0,0,0,0
0,0,0,0,0,0,0,0,0,0,0,0,0,0,0,0,0,0,0,0,0,0,0,0,0,0.000123942725361545,9.78461282475712e-05,6.53757898998693e-05,0.000226242331173785,0.000436666442694068,0.00139739406792722,0.000551471075582705,0.000521562114666425,0.00142281253047486,0.00058430531571367,0.00128513239889459,0.000958688489934166,0.000489596241436188,0.000456343242101565,0.000702142923205782,0.000662461585062285,0.000920142191467756,0.000741100456059476,0.00063168545221358,0.0012763289785992,0.000457634425181452,8.7004620674643e-05,0.000915736725720824,0.000453992014011217,0.000942750482153997,0.000724972047881163,0.000314647823645259,0.000998838092060282,0.000911133968847721,0.000678859845791817,0.000228821749160085,0,0,0,0,0,0,0,0,0,0,0,0,0,0,0,0,0,0,0,0,0,0,0,0,0,0,0,0,0,0,0,0,0,0,0,0,0,0,0,0,0,0,0,0
0,0,0,0,0,0,0,0,0,0,0,0,0,0,0,0,0,0,0,0,0,0,0,0,0,0.000647804909256549,0.000336802965659789,0.000307188801323149,0.000534851015439965,0.000301394354822173,0.000517936585239341,0.00119828681806025,0.00179878609356259,0.000785454330265272,0.000928269362637875,0.00133563073214026,0.00172764111555666,0.00176757767827131,0.00119927326082999,0.000909617423411355,0.00108088524572244,0.000842221359101826,0.000777924200389815,0.000375572885846016,0.0012678868700767,0.000243033846139652,2.80355538665311e-05,0.00017240158999149,0.000106204080120087,0.00064644606430701,0.000988998003835821,0.000977936758049571,0.000408843975239071,0.00101541284665844,0.000334843807465124,0.000787953101371223,0.000600973750039265,3.31685372777752e-05,0,0,0,0,0,0,0,0,0,0,0,0,0,0,0,0,0,0,0,0,0,0,0,0,0,0,0,0,0,0,0,0,0,0,0,0,0,0,0,0,0,0
0,0,0,0,0,0,0,0,0,0,0,0,0,0,0,0,0,0,0,0,0,0,0,0,0,0.000303088300045487,0.00132484650832298,0.000377354978787433,0.000526186171046874,0.000195157101929606,0.00135267956447509,0.00119950380747698,0.00127538233735859,0.00128872086234567,0.00125102246908962,0.00156861210022959,0.00101252424225268,0.00069132597241256,0.000912738965636529,0.000468288871661356,0.000785269031262648,0.000465418621431131,0.000327424917111772,0.000503958761778663,0.000985304800075532,0.000148586679512996,0.000878268973869931,0.000971810032197086,0.000515891121678337,0.000535385824383103,0.00168377065313173,0.000646131326336159,0.000939784393191818,0.000584727742825658,0.000587641789191539,0.000489330265319615,0.000535271506025227,0.000187404756771214,0,0,0,0,0,0,0,0,0,0,0,0,0,0,0,0,0,0,0,0,0,0,0,0,0,0,0,0,0,0,0,0,0,0,0,0,0,0,0,0,0,0
0,0,0,0,0,0,0,0,0,0,0,0,0,0,0,0,0,0,0,0,0,0,0,0,0,2.53096724117725e-06,0.000812625335667552,0.000175607809168099,0.000611865281924438,0.000339067908679618,0.00062522517885113,0.000526025515341616,0.00128865729209282,0.000594878796511374,0.000473118723901239,8.27937357193579e-05,0.000321416377582563,0.000496654357620594,0.000890653080748495,0.00122280142677423,0.00109727343204815,0.000797180627437794,0.00095124090731064,0.00083236074437878,0.000104110174862097,9.82850778768113e-05,0.00106107379355935,0.00112548093358331,0.00034923070534933,0.000320371638698043,0.000352004525392872,0.000297125016460229,0.000662210712366087,0.00148264532749238,0.00111599176504928,0.000900722312923034,0.000229673667422233,0,0,0,0,0,0,0,0,0,0,0,0,0,0,0,0,0,0,0,0,0,0,0,0,0,0,0,0,0,0,0,0,0,0,0,0,0,0,0,0,0,0,0
0,0,0,0,0,0,0,0,0,0,0,0,0,0,0,0,0,0,0,0,0,0,0,0,0,0,0,9.20767064515468e-05,0.000272058114661186,0.000134192366238187,0.000116470636847914,0.000293910433643049,0.00164638015394807,0.000449067565739513,0.000279469261507307,7.46959829543456e-05,0.000527540268927606,0.000135808668756768,0.000103967539731916,0.000626208592634561,0.000669943756062865,0.00117737440587675,0.000615503597863114,0.0010885153408284,0.000371076491589461,0.000125952948289202,0.000274448496812483,0.000191745741385871,0.000103315388399566,0.000338038512252195,0.000752094271991544,0.00133338588436449,0.00067596819945857,0.00160321360390495,0.000920887594616991,0.000767805965056182,0.000616951902112311,5.56456355344128e-05,0,0,0,0,0,0,0,0,0,0,0,0,0,0,0,0,0,0,0,0,0,0,0,0,0,0,0,0,0,0,0,0,0,0,0,0,0,0,0,0,0,0
0,0,0,0,0,0,0,0,0,0,0,0,0,0,0,0,0,0,0,0,0,0,0,0,0,0,0.000284917535381267,0.000345844089169695,0.00142676255374726,0.000774613206036688,4.93153755497346e-05,0.000754486238348104,0.0012453661860933,0.000431521066994074,0.000181914622479817,0.000413012772895294,0.000158220949959797,0.000634843654009318,0.000662572405212156,0.000885735311616082,0.00115218159753625,0.000860624119345717,0.000888235139101936,0.000542038569675152,0.000295094240161645,0.00047492420313859,0.000502485490242974,0.000547866093448387,0.000519824149513673,0.000297025211001453,0.000750804267996079,0.00171734149833309,0.000675104421301669,0.000855528591409727,0.000219740482085154,7.95776528582672e-05,0.000411979076741068,0.000103870074983938,0,0,0,0,0,0,0,0,0,0,0,0,0,0,0,0,0,0,0,0,0,0,0,0,0,0,0,0,0,0,0,0,0,0,0,0,0,0,0,0,0,0
0,0,0,0,0,0,0,0,0,0,0,0,0,0,0,0,0,0,0,0,0,0,0,0,0,3.02998342329476e-06,0.000108681817590417,0.000209454830600478,0.000860880178730931,0.00122130011369757,0.000387112793918759,0.000423638667629714,0.00120490525551506,0.00113980896831681,0.00100146686180789,0.00111022203981329,0.00067781409570794,0.00084818142528722,0.000579755572421478,0.000678172617840622,0.00129697779805667,0.000812821545179612,0.00110428820752542,0.000578111028383354,0.000203748432351224,0.000471907773602056,0.000638364985107708,0.00040218856853917,0.00044975962884676,0.000307879593619536,0.000896506566553177,0.00132149204709065,0.00117903520313239,0.00136017019078599,0.000522935927048956,0.000499712290280522,0.000770172171885781,0.000298731141542906,0.000203482529965816,0,0,0,0,0,0,0,0,0,0,0,0,0,0,0,0,0,0,0,0,0,0,0,0,0,0,0,0,0,0,0,0,0,0,0,0,0,0,0,0,0
0,0,0,0,0,0,0,0,0,0,0,0,0,0,0,0,0,0,0,0,0,0,0,0,0,2.24487631477268e-05,0.000618847372330729,0.000461868573714904,0.00039194629167019,0.000617865874801591,0.00106455288976366,0.00147060522188725,0.000915678673382323,0.000775382429011144,0.00113229627623741,0.000189607291302606,0.000654739395707017,0.00113659871619074,0.000402565699080701,0.000110384280400323,0.000766740789639412,0.000327683719680027,0.000959314783241673,0.000247144684878761,0.000627087078907989,0.000524091480215424,0.000606664657554563,0.000257828968529585,0.000511466327437182,0.00109302000719002,0.00173111106883899,0.000840560798772738,0.00144068930550908,0.000901470035463204,0.000614380683556208,0.000665283042347911,0.000707446231543562,0.00035599914312201,0.000125364824261043,0,0,0,0,0,0,0,0,0,0,0,0,0,0,0,0,0,0,0,0,0,0,0,0,0,0,0,0,0,0,0,0,0,0,0,0,0,0,0,0,0
0,0,0,0,0,0,0,0,0,0,0,0,0,0,0,0,0,0,0,0,0,0,0,0,0,0,0.000310076837410086,0.000166927203924417,0.000344223316028646,0.000599403157010645,0.00143093036719875,0.00240873892274088,0.00152431358928921,0.000976554669104778,0.00154063461346684,0.000816196851065828,0.000968681307271256,0.0012956451146161,0.000876376731915516,0.00100185042401517,0.000263792354205939,9.29714917845081e-05,0.000334741922992851,0.000601066547099118,0.000471384973164981,0.000114503271443499,0.000807523983394082,0.00160484517870363,0.000423879065088558,0.000685379982263058,0.000696139140334166,0.000732036030218222,0.00184571114174911,0.00140248691210448,0.00134194145080002,0.000859533150929862,0.000572179469610767,0.000297128199489811,0,0,0,0,0,0,0,0,0,0,0,0,0,0,0,0,0,0,0,0,0,0,0,0,0,0,0,0,0,0,0,0,0,0,0,0,0,0,0,0,0,0
0,0,0,0,0,0,0,0,0,0,0,0,0,0,0,0,0,0,0,0,0,0,0,0,0,0,0.000262645596696717,0.000118071274355149,0.000563255711021003,0.00133912237766994,0.00121430042946873,0.000658054186144517,0.000616840248880739,0.000535102331365939,0.00127168204096264,0.000444821482534845,0.000815931371310699,0.000860371069700636,0.00118555345202578,0.000430962479931465,0.000817748012488772,0.00068686068594032,0.00104297048157798,0.000648260620805103,0.000491188157319556,0.000104069458564889,0.00058868937852624,0.00113639182002924,0.00110132911111654,0.00108316551483447,0.00140284795911089,0.000983542081110557,0.0018043786880823,0.00199109560937757,0.00274129730184914,0.00180186078094737,0.000667319557106588,0.000168533509121363,0,0,0,0,0,0,0,0,0,0,0,0,0,0,0,0,0,0,0,0,0,0,0,0,0,0,0,0,0,0,0,0,0,0,0,0,0,0,0,0,0,0
0,0,0,0,0,0,0,0,0,0,0,0,0,0,0,0,0,0,0,0,0,0,0,0,0,0,0,0,9.34630327991268e-05,0.00111679889542331,0.0015070650017147,0.00131216221239756,0.00122857152599431,0.00144278755301781,0.00135869290395904,0.000585852508561442,0.000975301788961825,0.000806493489939314,0.000925800596186085,0.000819335269204809,0.000909597605356395,0.00104486743255967,0.000812378351725919,0.000677624718983393,0.000305443739575612,0.000979318152244949,0.000589043500785768,0.0012080880441138,0.00158060457108583,0.00130400845601413,0.000828691908496988,0.0017281690440433,0.00109723780050534,0.0020379869747723,0.00231833058715269,0.00106725194903775,0.00135067534022804,0.000642127120732388,0.000354998046183261,0,0,0,0,0,0,0,0,0,0,0,0,0,0,0,0,0,0,0,0,0,0,0,0,0,0,0,0,0,0,0,0,0,0,0,0,0,0,0,0,0
0,0,0,0,0,0,0,0,0,0,0,0,0,0,0,0,0,0,0,0,0,0,0,0,0,0,0,0,0.000425286540253269,0.000716782418047341,0.000894369417378386,0.00243391671331773,0.00173740694800505,0.00167765047291478,0.00167469405913155,0.00141682319017151,0.000904775391877335,0.000955249853028246,0.000156142714111334,0.000282401822852964,0.000553224397971574,0.000762388423591762,0.000597023610530731,0.00069011427122994,0.000429378149845582,0.00135138587492861,0.00126860745383631,0.000822373642942326,0.000452963405349071,0.00041787414489304,0.000696003575501968,0.000763105988882318,0.00176888878270937,0.0031934498860822,0.00300508179470575,0.00170904756106589,0.000272462222061211,0.000185574154883603,0.000235766054945579,0,0,0,0,0,0,0,0,0,0,0,0,0,0,0,0,0,0,0,0,0,0,0,0,0,0,0,0,0,0,0,0,0,0,0,0,0,0,0,0,0
0,0,0,0,0,0,0,0,0,0,0,0,0,0,0,0,0,0,0,0,0,0,0,0,0,0,0.000166978122013056,0.000331704854466906,1.96540769173928e-05,7.51062484693477e-05,0.000460913440631942,0.000949519689312495,0.00114276490449694,0.00199317834076067,0.00281911165294667,0.00107146700134209,0.00108996255771679,0.000425626650707113,0.000535787010616859,0.000465581687711039,0.000653052579291447,0.000982598566572677,0.00027960893820795,0.000724740738384507,0.000464873780571062,0.00127352499889929,0.000781670821216206,0.000433662435773485,0.000558031043443797,0.000989724906394927,0.00104247837215829,0.00100877168869714,0.00180993519935267,0.00209238257518001,0.00140241797931056,0.000301011737744352,0.000362961781578492,2.48088417604841e-05,0,0,0,0,0,0,0,0,0,0,0,0,0,0,0,0,0,0,0,0,0,0,0,0,0,0,0,0,0,0,0,0,0,0,0,0,0,0,0,0,0,0
0,0,0,0,0,0,0,0,0,0,0,0,0,0,0,0,0,0,0,0,0,0,0,0,0,0,4.40989815965289e-07,8.76033704072419e-07,0,0.000318858413888188,0.00134340031342258,0.00103225175338389,0.00152948732175882,0.00380899469078477,0.00290902272188808,0.00174557176832629,0.00230574711324698,0.00178980861424667,0.00132004542788101,0.00114964084575727,0.00100396381104505,0.00028282106552906,0.000117131313777623,0.0010579710077192,0.00136189155642469,0.00117499456293937,0.00144327527694467,0.000724048575331191,0.000404007993386021,0.00064936221426419,0.00187410453689089,0.00236103772570723,0.00190862277304213,0.00126115830022224,0.00159701623218695,0.000300371895975389,0.000371043932867871,3.48667115741598e-05,0,0,0,0,0,0,0,0,0,0,0,0,0,0,0,0,0,0,0,0,0,0,0,0,0,0,0,0,0,0,0,0,0,0,0,0,0,0,0,0,0,0
0,0,0,0,0,0,0,0,0,0,0,0,0,0,0,0,0,0,0,0,0,0,0,0,0,0,0,0,0,0.000188397579531477,0.00101812144734207,0.00154106040120618,0.00180764258269635,0.00361598278052526,0.00362944653220001,0.00243358138349046,0.00172199240584997,0.0011845406067299,0.00213331239098237,0.00114548672389984,0.00130339362521489,0.000864169357635779,0.00170449048322843,0.00260723683383811,0.00233190395304209,0.00203422754507502,0.00130611361743964,0.00159412676126775,0.00209677101444959,0.00226888738777492,0.00220077422837337,0.00236764766399332,0.00239276902242534,0.0015380698716758,0.000719014295713437,4.18440095037874e-05,0,0,0,0,0,0,0,0,0,0,0,0,0,0,0,0,0,0,0,0,0,0,0,0,0,0,0,0,0,0,0,0,0,0,0,0,0,0,0,0,0,0,0,0
0,0,0,0,0,0,0,0,0,0,0,0,0,0,0,0,0,0,0,0,0,0,0,0,0,0,0,0,0,0,0.000321768853596644,0.000589364375633832,0.00116757054514366,0.00295125122500486,0.00322291282646067,0.00351660833254615,0.00432911152200093,0.00377785386680216,0.00274963883287311,0.00207813712463785,0.00292119444835322,0.00371763933495597,0.00294340498576852,0.00209118298538282,0.00358617823935207,0.00267806853324513,0.00179188507935587,0.00161331360076094,0.00228490130663506,0.00219161775741237,0.00413886173406658,0.00272323331069923,0.00204450385765602,0.001323605265056,0.000695363396660826,2.40920474625454e-05,0,0,0,0,0,0,0,0,0,0,0,0,0,0,0,0,0,0,0,0,0,0,0,0,0,0,0,0,0,0,0,0,0,0,0,0,0,0,0,0,0,0,0,0
0,0,0,0,0,0,0,0,0,0,0,0,0,0,0,0,0,0,0,0,0,0,0,0,0,0,0,0,0,0,1.65004532378239e-05,1.4983682915017e-05,0.00032870842909781,0.00151180605440668,0.00209286844912906,0.00211128315918173,0.00319829360375557,0.00358459215466043,0.00358811601409524,0.00335230464601483,0.00348520764017075,0.00431090707466756,0.00373206371409898,0.00361174642870798,0.00290705048483106,0.00348222932967436,0.00363529391178754,0.00375300885900266,0.00302729510388756,0.00358293262810442,0.00324046455977532,0.0035740844655835,0.00250078016136276,0.00107988827450105,0.000374652696579714,0.000357113667116419,0,0,0,0,0,0,0,0,0,0,0,0,0,0,0,0,0,0,0,0,0,0,0,0,0,0,0,0,0,0,0,0,0,0,0,0,0,0,0,0,0,0,0,0
0,0,0,0,0,0,0,0,0,0,0,0,0,0,0,0,0,0,0,0,0,0,0,0,0,0,0,0,0,0,0.000245543471958691,0.000222972391888468,0.000386318258065699,0.00121076877231641,0.00230769409853254,0.00235163330124498,0.00217077954251626,0.00282251529508956,0.00281890307178632,0.00370406421282346,0.0037870184948719,0.00416134646774765,0.00473593199897862,0.00424415814149236,0.00400601880409596,0.00406307460193516,0.00391050126252036,0.00638080501633393,0.00638687089575468,0.00267212308459837,0.00202395681916677,0.00192841637932795,0.00142256838321932,0.000389277945079504,0.000288517415445756,1.91276319991406e-05,0,0,0,0,0,0,0,0,0,0,0,0,0,0,0,0,0,0,0,0,0,0,0,0,0,0,0,0,0,0,0,0,0,0,0,0,0,0,0,0,0,0,0,0
0,0,0,0,0,0,0,0,0,0,0,0,0,0,0,0,0,0,0,0,0,0,0,0,0,0,0,0,0,0,0,0.000249989047338689,0.000159436374120028,0.000277740614887431,0.00159425162759247,0.00250634886852445,0.00269280979632392,0.00296187938909331,0.00441352613182966,0.00598389960530166,0.00553713493788087,0.00509967170159703,0.00571425029373897,0.00631167526061849,0.00481176305656531,0.00532768940388024,0.00617085095179845,0.00681657256293543,0.00561122533260749,0.00383616789634488,0.00193469276450519,0.00172382650451057,0.00108248265203733,0.000520679831217088,0.000582457554422983,0.000110985953434885,0,0,0,0,0,0,0,0,0,0,0,0,0,0,0,0,0,0,0,0,0,0,0,0,0,0,0,0,0,0,0,0,0,0,0,0,0,0,0,0,0,0,0,0
0,0,0,0,0,0,0,0,0,0,0,0,0,0,0,0,0,0,0,0,0,0,0,0,0,0,0,0,0,0,0,5.53034848739152e-05,3.52710936673674e-05,0.00020513789964983,0.000623199753607517,0.0012179165560128,0.00291264302065504,0.00365436904808345,0.00436558747802843,0.00360390149229366,0.00541446928785203,0.00555971397045394,0.00329178108802748,0.0057673027158773,0.0030728043139575,0.00641851891840155,0.00759660252785072,0.00659872760199801,0.00461357115161733,0.00264103529250805,0.00131359793572711,0.00101581978197408,0.000589007316295782,4.55970898531137e-05,9.81566685880055e-05,1.54098773868966e-05,0,0,0,0,0,0,0,0,0,0,0,0,0,0,0,0,0,0,0,0,0,0,0,0,0,0,0,0,0,0,0,0,0,0,0,0,0,0,0,0,0,0,0,0
0,0,0,0,0,0,0,0,0,0,0,0,0,0,0,0,0,0,0,0,0,0,0,0,0,0,0,0,0,0,0,0,0,4.23891539338614e-05,0.000303897129082568,0.000277022646014888,0.00191836339428794,0.00108713396705508,0.0027786702408019,0.00299370350299284,0.00326619946947683,0.00506429446027461,0.00547576399252471,0.00434439526829799,0.00466271027774769,0.00697279328681491,0.00499244731268752,0.00396956132099233,0.00252213219467072,0.000923003445752655,0.000973733954600957,8.90315613630774e-05,5.31760194842448e-05,0,0,0,0,0,0,0,0,0,0,0,0,0,0,0,0,0,0,0,0,0,0,0,0,0,0,0,0,0,0,0,0,0,0,0,0,0,0,0,0,0,0,0,0,0,0,0
0,0,0,0,0,0,0,0,0,0,0,0,0,0,0,0,0,0,0,0,0,0,0,0,0,0,0,0,0,0,0,0,0,0,0,0,0,0.00088239512589911,0.00117253927422488,0.00157094992744768,0.00234745333655203,0.00590701336531528,0.00583304921155404,0.00396057402685887,0.0037111709830427,0.0043682573129564,0.00180306252628236,0.00234631882454127,0.00159847187843557,0.000583882475985138,0.000724012682422724,0.000158041923949059,0,0,0,0,0,0,0,0,0,0,0,0,0,0,0,0,0,0,0,0,0,0,0,0,0,0,0,0,0,0,0,0,0,0,0,0,0,0,0,0,0,0,0,0,0,0,0,0
0,0,0,0,0,0,0,0,0,0,0,0,0,0,0,0,0,0,0,0,0,0,0,0,0,0,0,0,0,0,0,0,0,0,0,0,0,5.10106707038836e-05,0.000500159727134782,0.000289154819338795,0.000663814188628257,0.00283088418145448,0.00226142570725656,0.00287479034905231,0.00203285569873354,0.00190055078236702,0.00130808740487181,0.00138937313158932,0.000751285468902549,0.000255308752348977,2.67482540102401e-05,0,0,0,0,0,0,0,0,0,0,0,0,0,0,0,0,0,0,0,0,0,0,0,0,0,0,0,0,0,0,0,0,0,0,0,0,0,0,0,0,0,0,0,0,0,0,0,0,0
0,0,0,0,0,0,0,0,0,0,0,0,0,0,0,0,0,0,0,0,0,0,0,0,0,0,0,0,0,0,0,0,0,0,0,0,0,4.16415882774885e-05,0.000359361922125853,0.000592853268404499,0.00087233954958402,0.000214848437876512,0.000113230334835974,0.000762479734530703,0.000974396825037365,6.29502035250863e-07,0.000491320090287405,0.000433504356136275,0.000378574892932535,0,0,0,0,0,0,0,0,0,0,0,0,0,0,0,0,0,0,0,0,0,0,0,0,0,0,0,0,0,0,0,0,0,0,0,0,0,0,0,0,0,0,0,0,0,0,0,0,0,0,0
0,0,0,0,0,0,0,0,0,0,0,0,0,0,0,0,0,0,0,0,0,0,0,0,0,0,0,0,0,0,0,0,0,0,0,0,0,0,0,0,0,3.96389878625421e-05,4.49925999649229e-05,0.000561631048897029,0.000373736714912812,0,0,0,0,0,0,0,0,0,0,0,0,0,0,0,0,0,0,0,0,0,0,0,0,0,0,0,0,0,0,0,0,0,0,0,0,0,0,0,0,0,0,0,0,0,0,0,0,0,0,0,0,0,0,0
0,0,0,0,0,0,0,0,0,0,0,0,0,0,0,0,0,0,0,0,0,0,0,0,0,0,0,0,0,0,0,0,0,0,0,0,0,0,0,0,0,0.000279387178532062,0.000188438636382146,0.000255526493094307,0,0,0,0,0,0,0,0,0,0,0,0,0,0,0,0,0,0,0,0,0,0,0,0,0,0,0,0,0,0,0,0,0,0,0,0,0,0,0,0,0,0,0,0,0,0,0,0,0,0,0,0,0,0,0,0
0,0,0,0,0,0,0,0,0,0,0,0,0,0,0,0,0,0,0,0,0,0,0,0,0,0,0,0,0,0,0,0,0,0,0,0,0,0,0,0,0,0,0,0,0,0,0,0,0,0,0,0,0,0,0,0,0,0,0,0,0,0,0,0,0,0,0,0,0,0,0,0,0,0,0,0,0,0,0,0,0,0,0,0,0,0,0,0,0,0,0,0,0,0,0,0,0,0,0,0
0,0,0,0,0,0,0,0,0,0,0,0,0,0,0,0,0,0,0,0,0,0,0,0,0,0,0,0,0,0,0,0,0,0,0,0,0,0,0,0,0,0,0,0,0,0,0,0,0,0,0,0,0,0,0,0,0,0,0,0,0,0,0,0,0,0,0,0,0,0,0,0,0,0,0,0,0,0,0,0,0,0,0,0,0,0,0,0,0,0,0,0,0,0,0,0,0,0,0,0
0,0,0,0,0,0,0,0,0,0,0,0,0,0,0,0,0,0,0,0,0,0,0,0,0,0,0,0,0,0,0,0,0,0,0,0,0,0,0,0,0,0,0,0,0,0,0,0,0,0,0,0,0,0,0,0,0,0,0,0,0,0,0,0,0,0,0,0,0,0,0,0,0,0,0,0,0,0,0,0,0,0,0,0,0,0,0,0,0,0,0,0,0,0,0,0,0,0,0,0
0,0,0,0,0,0,0,0,0,0,0,0,0,0,0,0,0,0,0,0,0,0,0,0,0,0,0,0,0,0,0,0,0,0,0,0,0,0,0,0,0,0,0,0,0,0,0,0,0,0,0,0,0,0,0,0,0,0,0,0,0,0,0,0,0,0,0,0,0,0,0,0,0,0,0,0,0,0,0,0,0,0,0,0,0,0,0,0,0,0,0,0,0,0,0,0,0,0,0,0
0,0,0,0,0,0,0,0,0,0,0,0,0,0,0,0,0,0,0,0,0,0,0,0,0,0,0,0,0,0,0,0,0,0,0,0,0,0,0,0,0,0,0,0,0,0,0,0,0,0,0,0,0,0,0,0,0,0,0,0,0,0,0,0,0,0,0,0,0,0,0,0,0,0,0,0,0,0,0,0,0,0,0,0,0,0,0,0,0,0,0,0,0,0,0,0,0,0,0,0
0,0,0,0,0,0,0,0,0,0,0,0,0,0,0,0,0,0,0,0,0,0,0,0,0,0,0,0,0,0,0,0,0,0,0,0,0,0,0,0,0,0,0,0,0,0,0,0,0,0,0,0,0,0,0,0,0,0,0,0,0,0,0,0,0,0,0,0,0,0,0,0,0,0,0,0,0,0,0,0,0,0,0,0,0,0,0,0,0,0,0,0,0,0,0,0,0,0,0,0
0,0,0,0,0,0,0,0,0,0,0,0,0,0,0,0,0,0,0,0,0,0,0,0,0,0,0,0,0,0,0,0,0,0,0,0,0,0,0,0,0,0,0,0,0,0,0,0,0,0,0,0,0,0,0,0,0,0,0,0,0,0,0,0,0,0,0,0,0,0,0,0,0,0,0,0,0,0,0,0,0,0,0,0,0,0,0,0,0,0,0,0,0,0,0,0,0,0,0,0
0,0,0,0,0,0,0,0,0,0,0,0,0,0,0,0,0,0,0,0,0,0,0,0,0,0,0,0,0,0,0,0,0,0,0,0,0,0,0,0,0,0,0,0,0,0,0,0,0,0,0,0,0,0,0,0,0,0,0,0,0,0,0,0,0,0,0,0,0,0,0,0,0,0,0,0,0,0,0,0,0,0,0,0,0,0,0,0,0,0,0,0,0,0,0,0,0,0,0,0
0,0,0,0,0,0,0,0,0,0,0,0,0,0,0,0,0,0,0,0,0,0,0,0,0,0,0,0,0,0,0,0,0,0,0,0,0,0,0,0,0,0,0,0,0,0,0,0,0,0,0,0,0,0,0,0,0,0,0,0,0,0,0,0,0,0,0,0,0,0,0,0,0,0,0,0,0,0,0,0,0,0,0,0,0,0,0,0,0,0,0,0,0,0,0,0,0,0,0,0
0,0,0,0,0,0,0,0,0,0,0,0,0,0,0,0,0,0,0,0,0,0,0,0,0,0,0,0,0,0,0,0,0,0,0,0,0,0,0,0,0,0,0,0,0,0,0,0,0,0,0,0,0,0,0,0,0,0,0,0,0,0,0,0,0,0,0,0,0,0,0,0,0,0,0,0,0,0,0,0,0,0,0,0,0,0,0,0,0,0,0,0,0,0,0,0,0,0,0,0
0,0,0,0,0,0,0,0,0,0,0,0,0,0,0,0,0,0,0,0,0,0,0,0,0,0,0,0,0,0,0,0,0,0,0,0,0,0,0,0,0,0,0,0,0,0,0,0,0,0,0,0,0,0,0,0,0,0,0,0,0,0,0,0,0,0,0,0,0,0,0,0,0,0,0,0,0,0,0,0,0,0,0,0,0,0,0,0,0,0,0,0,0,0,0,0,0,0,0,0
0,0,0,0,0,0,0,0,0,0,0,0,0,0,0,0,0,0,0,0,0,0,0,0,0,0,0,0,0,0,0,0,0,0,0,0,0,0,0,0,0,0,0,0,0,0,0,0,0,0,0,0,0,0,0,0,0,0,0,0,0,0,0,0,0,0,0,0,0,0,0,0,0,0,0,0,0,0,0,0,0,0,0,0,0,0,0,0,0,0,0,0,0,0,0,0,0,0,0,0
0,0,0,0,0,0,0,0,0,0,0,0,0,0,0,0,0,0,0,0,0,0,0,0,0,0,0,0,0,0,0,0,0,0,0,0,0,0,0,0,0,0,0,0,0,0,0,0,0,0,0,0,0,0,0,0,0,0,0,0,0,0,0,0,0,0,0,0,0,0,0,0,0,0,0,0,0,0,0,0,0,0,0,0,0,0,0,0,0,0,0,0,0,0,0,0,0,0,0,0
0,0,0,0,0,0,0,0,0,0,0,0,0,0,0,0,0,0,0,0,0,0,0,0,0,0,0,0,0,0,0,0,0,0,0,0,0,0,0,0,0,0,0,0,0,0,0,0,0,0,0,0,0,0,0,0,0,0,0,0,0,0,0,0,0,0,0,0,0,0,0,0,0,0,0,0,0,0,0,0,0,0,0,0,0,0,0,0,0,0,0,0,0,0,0,0,0,0,0,0
0,0,0,0,0,0,0,0,0,0,0,0,0,0,0,0,0,0,0,0,0,0,0,0,0,0,0,0,0,0,0,0,0,0,0,0,0,0,0,0,0,0,0,0,0,0,0,0,0,0,0,0,0,0,0,0,0,0,0,0,0,0,0,0,0,0,0,0,0,0,0,0,0,0,0,0,0,0,0,0,0,0,0,0,0,0,0,0,0,0,0,0,0,0,0,0,0,0,0,0
0,0,0,0,0,0,0,0,0,0,0,0,0,0,0,0,0,0,0,0,0,0,0,0,0,0,0,0,0,0,0,0,0,0,0,0,0,0,0,0,0,0,0,0,0,0,0,0,0,0,0,0,0,0,0,0,0,0,0,0,0,0,0,0,0,0,0,0,0,0,0,0,0,0,0,0,0,0,0,0,0,0,0,0,0,0,0,0,0,0,0,0,0,0,0,0,0,0,0,0
0,0,0,0,0,0,0,0,0,0,0,0,0,0,0,0,0,0,0,0,0,0,0,0,0,0,0,0,0,0,0,0,0,0,0,0,0,0,0,0,0,0,0,0,0,0,0,0,0,0,0,0,0,0,0,0,0,0,0,0,0,0,0,0,0,0,0,0,0,0,0,0,0,0,0,0,0,0,0,0,0,0,0,0,0,0,0,0,0,0,0,0,0,0,0,0,0,0,0,0
0,0,0,0,0,0,0,0,0,0,0,0,0,0,0,0,0,0,0,0,0,0,0,0,0,0,0,0,0,0,0,0,0,0,0,0,0,0,0,0,0,0,0,0,0,0,0,0,0,0,0,0,0,0,0,0,0,0,0,0,0,0,0,0,0,0,0,0,0,0,0,0,0,0,0,0,0,0,0,0,0,0,0,0,0,0,0,0,0,0,0,0,0,0,0,0,0,0,0,0
0,0,0,0,0,0,0,0,0,0,0,0,0,0,0,0,0,0,0,0,0,0,0,0,0,0,0,0,0,0,0,0,0,0,0,0,0,0,0,0,0,0,0,0,0,0,0,0,0,0,0,0,0,0,0,0,0,0,0,0,0,0,0,0,0,0,0,0,0,0,0,0,0,0,0,0,0,0,0,0,0,0,0,0,0,0,0,0,0,0,0,0,0,0,0,0,0,0,0,0
0,0,0,0,0,0,0,0,0,0,0,0,0,0,0,0,0,0,0,0,0,0,0,0,0,0,0,0,0,0,0,0,0,0,0,0,0,0,0,0,0,0,0,0,0,0,0,0,0,0,0,0,0,0,0,0,0,0,0,0,0,0,0,0,0,0,0,0,0,0,0,0,0,0,0,0,0,0,0,0,0,0,0,0,0,0,0,0,0,0,0,0,0,0,0,0,0,0,0,0
0,0,0,0,0,0,0,0,0,0,0,0,0,0,0,0,0,0,0,0,0,0,0,0,0,0,0,0,0,0,0,0,0,0,0,0,0,0,0,0,0,0,0,0,0,0,0,0,0,0,0,0,0,0,0,0,0,0,0,0,0,0,0,0,0,0,0,0,0,0,0,0,0,0,0,0,0,0,0,0,0,0,0,0,0,0,0,0,0,0,0,0,0,0,0,0,0,0,0,0
0,0,0,0,0,0,0,0,0,0,0,0,0,0,0,0,0,0,0,0,0,0,0,0,0,0,0,0,0,0,0,0,0,0,0,0,0,0,0,0,0,0,0,0,0,0,0,0,0,0,0,0,0,0,0,0,0,0,0,0,0,0,0,0,0,0,0,0,0,0,0,0,0,0,0,0,0,0,0,0,0,0,0,0,0,0,0,0,0,0,0,0,0,0,0,0,0,0,0,0
0,0,0,0,0,0,0,0,0,0,0,0,0,0,0,0,0,0,0,0,0,0,0,0,0,0,0,0,0,0,0,0,0,0,0,0,0,0,0,0,0,0,0,0,0,0,0,0,0,0,0,0,0,0,0,0,0,0,0,0,0,0,0,0,0,0,0,0,0,0,0,0,0,0,0,0,0,0,0,0,0,0,0,0,0,0,0,0,0,0,0,0,0,0,0,0,0,0,0,0
0,0,0,0,0,0,0,0,0,0,0,0,0,0,0,0,0,0,0,0,0,0,0,0,0,0,0,0,0,0,0,0,0,0,0,0,0,0,0,0,0,0,0,0,0,0,0,0,0,0,0,0,0,0,0,0,0,0,0,0,0,0,0,0,0,0,0,0,0,0,0,0,0,0,0,0,0,0,0,0,0,0,0,0,0,0,0,0,0,0,0,0,0,0,0,0,0,0,0,0
0,0,0,0,0,0,0,0,0,0,0,0,0,0,0,0,0,0,0,0,0,0,0,0,0,0,0,0,0,0,0,0,0,0,0,0,0,0,0,0,0,0,0,0,0,0,0,0,0,0,0,0,0,0,0,0,0,0,0,0,0,0,0,0,0,0,0,0,0,0,0,0,0,0,0,0,0,0,0,0,0,0,0,0,0,0,0,0,0,0,0,0,0,0,0,0,0,0,0,0
0,0,0,0,0,0,0,0,0,0,0,0,0,0,0,0,0,0,0,0,0,0,0,0,0,0,0,0,0,0,0,0,0,0,0,0,0,0,0,0,0,0,0,0,0,0,0,0,0,0,0,0,0,0,0,0,0,0,0,0,0,0,0,0,0,0,0,0,0,0,0,0,0,0,0,0,0,0,0,0,0,0,0,0,0,0,0,0,0,0,0,0,0,0,0,0,0,0,0,0
0,0,0,0,0,0,0,0,0,0,0,0,0,0,0,0,0,0,0,0,0,0,0,0,0,0,0,0,0,0,0,0,0,0,0,0,0,0,0,0,0,0,0,0,0,0,0,0,0,0,0,0,0,0,0,0,0,0,0,0,0,0,0,0,0,0,0,0,0,0,0,0,0,0,0,0,0,0,0,0,0,0,0,0,0,0,0,0,0,0,0,0,0,0,0,0,0,0,0,0
0,0,0,0,0,0,0,0,0,0,0,0,0,0,0,0,0,0,0,0,0,0,0,0,0,0,0,0,0,0,0,0,0,0,0,0,0,0,0,0,0,0,0,0,0,0,0,0,0,0,0,0,0,0,0,0,0,0,0,0,0,0,0,0,0,0,0,0,0,0,0,0,0,0,0,0,0,0,0,0,0,0,0,0,0,0,0,0,0,0,0,0,0,0,0,0,0,0,0,0
0,0,0,0,0,0,0,0,0,0,0,0,0,0,0,0,0,0,0,0,0,0,0,0,0,0,0,0,0,0,0,0,0,0,0,0,0,0,0,0,0,0,0,0,0,0,0,0,0,0,0,0,0,0,0,0,0,0,0,0,0,0,0,0,0,0,0,0,0,0,0,0,0,0,0,0,0,0,0,0,0,0,0,0,0,0,0,0,0,0,0,0,0,0,0,0,0,0,0,0
0,0,0,0,0,0,0,0,0,0,0,0,0,0,0,0,0,0,0,0,0,0,0,0,0,0,0,0,0,0,0,0,0,0,0,0,0,0,0,0,0,0,0,0,0,0,0,0,0,0,0,0,0,0,0,0,0,0,0,0,0,0,0,0,0,0,0,0,0,0,0,0,0,0,0,0,0,0,0,0,0,0,0,0,0,0,0,0,0,0,0,0,0,0,0,0,0,0,0,0
0,0,0,0,0,0,0,0,0,0,0,0,0,0,0,0,0,0,0,0,0,0,0,0,0,0,0,0,0,0,0,0,0,0,0,0,0,0,0,0,0,0,0,0,0,0,0,0,0,0,0,0,0,0,0,0,0,0,0,0,0,0,0,0,0,0,0,0,0,0,0,0,0,0,0,0,0,0,0,0,0,0,0,0,0,0,0,0,0,0,0,0,0,0,0,0,0,0,0,0
0,0,0,0,0,0,0,0,0,0,0,0,0,0,0,0,0,0,0,0,0,0,0,0,0,0,0,0,0,0,0,0,0,0,0,0,0,0,0,0,0,0,0,0,0,0,0,0,0,0,0,0,0,0,0,0,0,0,0,0,0,0,0,0,0,0,0,0,0,0,0,0,0,0,0,0,0,0,0,0,0,0,0,0,0,0,0,0,0,0,0,0,0,0,0,0,0,0,0,0
0,0,0,0,0,0,0,0,0,0,0,0,0,0,0,0,0,0,0,0,0,0,0,0,0,0,0,0,0,0,0,0,0,0,0,0,0,0,0,0,0,0,0,0,0,0,0,0,0,0,0,0,0,0,0,0,0,0,0,0,0,0,0,0,0,0,0,0,0,0,0,0,0,0,0,0,0,0,0,0,0,0,0,0,0,0,0,0,0,0,0,0,0,0,0,0,0,0,0,0
0,0,0,0,0,0,0,0,0,0,0,0,0,0,0,0,0,0,0,0,0,0,0,0,0,0,0,0,0,0,0,0,0,0,0,0,0,0,0,0,0,0,0,0,0,0,0,0,0,0,0,0,0,0,0,0,0,0,0,0,0,0,0,0,0,0,0,0,0,0,0,0,0,0,0,0,0,0,0,0,0,0,0,0,0,0,0,0,0,0,0,0,0,0,0,0,0,0,0,0
