0,0,0,0,0,0,0,0,0,0,0,0,0,0,0,0,0,0,0,0,0,0,0,0,0,0,0,0,0,0,0,0,0,0,0,0,0,0,0,0,0,0,0,0,0,0,0,0,0,0,0,0,0,0,0,0,0,0,0,0,0,0,0,0,0,0,0,0,0,0,0,0,0,0,0,0,0,0,0,0,0,0,0,0,0,0,0,0,0,0,0,0,0,0,0,0,0,0,0,0
0,0,0,0,0,0,0,0,0,0,0,0,0,0,0,0,0,0,0,0,0,0,0,0,0,0,0,0,0,0,0,0,0,0,0,0,0,0,0,0,0,0,0,0,0,0,0,0,0,0,0,0,0,0,0,0,0,0,0,0,0,0,0,0,0,0,0,0,0,0,0,0,0,0,0,0,0,0,0,0,0,0,0,0,0,0,0,0,0,0,0,0,0,0,0,0,0,0,0,0
0,0,0,0,0,0,0,0,0,0,0,0,0,0,0,0,0,0,0,0,0,0,0,0,0,0,0,0,0,0,0,0,0,0,0,0,0,0,0,0,0,0,0,0,0,0,0,0,0,0,0,0,0,0,0,0,0,0,0,0,0,0,0,0,0,0,0,0,0,0,0,0,0,0,0,0,0,0,0,0,0,0,0,0,0,0,0,0,0,0,0,0,0,0,0,0,0,0,0,0
0,0,0,0,0,0,0,0,0,0,0,0,0,0,0,0,0,0,0,0,0,0,0,0,0,0,0,0,0,0,0,0,0,0,0,0,0,0,0,0,0,0,0,0,0,0,0,0,0,0,0,0,0,0,0,0,0,0,0,0,0,0,0,0,0,0,0,0,0,0,0,0,0,0,0,0,0,0,0,0,0,0,0,0,0,0,0,0,0,0,0,0,0,0,0,0,0,0,0,0
0,0,0,0,0,0,0,0,0,0,0,0,0,0,0,0,0,0,0,0,0,0,0,0,0,0,0,0,0,0,0,0,0,0,0,0,0,0,0,0,0,0,0,0,0,0,0,0,0,0,0,0,0,0,0,0,0,0,0,0,0,0,0,0,0,0,0,0,0,0,0,0,0,0,0,0,0,0,0,0,0,0,0,0,0,0,0,0,0,0,0,0,0,0,0,0,0,0,0,0
0,0,0,0,0,0,0,0,0,0,0,0,0,0,0,0,0,0,0,0,0,0,0,0,0,0,0,0,0,0,0,0,0,0,0,0,0,0,0,0,0,0,0,0,0,0,0,0,0,0,0,0,0,0,0,0,0,0,0,0,0,0,0,0,0,0,0,0,0,0,0,0,0,0,0,0,0,0,0,0,0,0,0,0,0,0,0,0,0,0,0,0,0,0,0,0,0,0,0,0
0,0,0,0,0,0,0,0,0,0,0,0,0,0,0,0,0,0,0,0,0,0,0,0,0,0,0,0,0,0,0,0,0,0,0,0,0,0,0,0,0,0,0,0,0,0,0,0,0,0,0,0,0,0,0,0,0,0,0,0,0,0,0,0,0,0,0,0,0,0,0,0,0,0,0,0,0,0,0,0,0,0,0,0,0,0,0,0,0,0,0,0,0,0,0,0,0,0,0,0
0,0,0,0,0,0,0,0,0,0,0,0,0,0,0,0,0,0,0,0,0,0,0,0,0,0,0,0,0,0,0,0,0,0,0,0,0,0,0,0,0,0,0,0,0,0,0,0,0,0,0,0,0,0,0,0,0,0,0,0,0,0,0,0,0,0,0,0,0,0,0,0,0,0,0,0,0,0,0,0,0,0,0,0,0,0,0,0,0,0,0,0,0,0,0,0,0,0,0,0
0,0,0,0,0,0,0,0,0,0,0,0,0,0,0,0,0,0,0,0,0,0,0,0,0,0,0,0,0,0,0,0,0,0,0,0,0,0,0,0,0,0,0,0,0,0,0,0,0,0,0,0,0,0,0,0,0,0,0,0,0,0,0,0,0,0,0,0,0,0,0,0,0,0,0,0,0,0,0,0,0,0,0,0,0,0,0,0,0,0,0,0,0,0,0,0,0,0,0,0
0,0,0,0,0,0,0,0,0,0,0,0,0,0,0,0,0,0,0,0,0,0,0,0,0,0,0,0,0,0,0,0,0,0,0,0,0,0,0,0,0,0,0,0,0,0,0,0,0,0,0,0,0,0,0,0,0,0,0,0,0,0,0,0,0,0,0,0,0,0,0,0,0,0,0,0,0,0,0,0,0,0,0,0,0,0,0,0,0,0,0,0,0,0,0,0,0,0,0,0
0,0,0,0,0,0,0,0,0,0,0,0,0,0,0,0,0,0,0,0,0,0,0,0,0,0,0,0,0,0,0,0,0,0,0,0,0,0,0,0,0,0,0,0,0,0,0,0,0,0,0,0,0,0,0,0,0,0,0,0,0,0,0,0,0,0,0,0,0,0,0,0,0,0,0,0,0,0,0,0,0,0,0,0,0,0,0,0,0,0,0,0,0,0,0,0,0,0,0,0
0,0,0,0,0,0,0,0,0,0,0,0,0,0,0,0,0,0,0,0,0,0,0,0,0,0,0,0,0,0,0,0,0,0,0,0,0,0,0,0,0,0,0,0,0,0,0,0,0,0,0,0,0,0,0,0,0,0,0,0,0,0,0,0,0,0,0,0,0,0,0,0,0,0,0,0,0,0,0,0,0,0,0,0,0,0,0,0,0,0,0,0,0,0,0,0,0,0,0,0
0,0,0,0,0,0,0,0,0,0,0,0,0,0,0,0,0,0,0,0,0,0,0,0,0,0,0,0,0,0,0,0,0,0,0,0,0,0,0,0,0,0,0,0,0,0,0,0,0,0,0,0,0,0,0,0,0,0,0,0,0,0,0,0,0,0,0,0,0,0,0,0,0,0,0,0,0,0,0,0,0,0,0,0,0,0,0,0,0,0,0,0,0,0,0,0,0,0,0,0
0,0,0,0,0,0,0,0,0,0,0,0,0,0,0,0,0,0,0,0,0,0,0,0,0,0,0,0,0,0,0,0,0,0,0,0,0,0,0,0,0,0,0,0,0,0,0,0,0,0,0,0,0,0,0,0,0,0,0,0,0,0,0,0,0,0,0,0,0,0,0,0,0,0,0,0,0,0,0,0,0,0,0,0,0,0,0,0,0,0,0,0,0,0,0,0,0,0,0,0
0,0,0,0,0,0,0,0,0,0,0,0,0,0,0,0,0,0,0,0,0,0,0,0,0,0,0,0,0,0,0,0,0,0,0,0,0,0,0,0,0,0,0,0,0,0,0,0,0,0,0,0,0,0,0,0,0,0,0,0,0,0,0,0,0,0,0,0,0,0,0,0,0,0,0,0,0,0,0,0,0,0,0,0,0,0,0,0,0,0,0,0,0,0,0,0,0,0,0,0
0,0,0,0,0,0,0,0,0,0,0,0,0,0,0,0,0,0,0,0,0,0,0,0,0,0,0,0,0,0,0,0,0,0,0,0,0,0,0,0,0,0,0,0,0,0,0,0,0,0,0,0,0,0,0,0,0,0,0,0,0,0,0,0,0,0,0,0,0,0,0,0,0,0,0,0,0,0,0,0,0,0,0,0,0,0,0,0,0,0,0,0,0,0,0,0,0,0,0,0
0,0,0,0,0,0,0,0,0,0,0,0,0,0,0,0,0,0,0,0,0,0,0,0,0,0,0,0,0,0,0,0,0,0,0,0,0,0,0,0,0,0,0,0,0,0,0,0,0,0,0,0,0,0,0,0,0,0,0,0,0,0,0,0,0,0,0,0,0,0,0,0,0,0,0,0,0,0,0,0,0,0,0,0,0,0,0,0,0,0,0,0,0,0,0,0,0,0,0,0
0,0,0,0,0,0,0,0,0,0,0,0,0,0,0,0,0,0,0,0,0,0,0,0,0,0,0,0,0,0,0,0,0,0,0,0,0,0,0,0,0,0,0,0,0,0,0,0,0,0,0,0,0,0,0,0,0,0,0,0,0,0,0,0,0,0,0,0,0,0,0,0,0,0,0,0,0,0,0,0,0,0,0,0,0,0,0,0,0,0,0,0,0,0,0,0,0,0,0,0
0,0,0,0,0,0,0,0,0,0,0,0,0,0,0,0,0,0,0,0,0,0,0,0,0,0,0,0,0,0,0,0,0,0,0,0,0,0,0,0,0,0,0,0,0,0,0,0,0,0,0,0,0,0,0,0,0,0,0,0,0,0,0,0,0,0,0,0,0,0,0,0,0,0,0,0,0,0,0,0,0,0,0,0,0,0,0,0,0,0,0,0,0,0,0,0,0,0,0,0
0,0,0,0,0,0,0,0,0,0,0,0,0,0,0,0,0,0,0,0,0,0,0,0,0,0,0,0,0,0,0,0,0,0,0,0,0,0,0,0,0,0,0,0,0,0,0,0,0,0,0,0,0,0,0,0,0,0,0,0,0,0,0,0,0,0,0,0,0,0,0,0,0,0,0,0,0,0,0,0,0,0,0,0,0,0,0,0,0,0,0,0,0,0,0,0,0,0,0,0
0,0,0,0,0,0,0,0,0,0,0,0,0,0,0,0,0,0,0,0,0,0,0,0,0,0,0,0,0,0,0,0,0,0,0,0,0,0,0,0,0,0,0,0,0,0,0,0,0,0,0,0,0,0,0,0,0,0,0,0,0,0,0,0,0,0,0,0,0,0,0,0,0,0,0,0,0,0,0,0,0,0,0,0,0,0,0,0,0,0,0,0,0,0,0,0,0,0,0,0
0,0,0,0,0,0,0,0,0,0,0,0,0,0,0,0,0,0,0,0,0,0,0,0,0,0,0,0,0,0,0,0,0,0,0,0,0,0,0,0,0,0,0,0,0,0,0,0,0,0,0,0,0,0,0,0,0,0,0,0,0,0,0,0,0,0,0,0,0,0,0,0,0,0,0,0,0,0,0,0,0,0,0,0,0,0,0,0,0,0,0,0,0,0,0,0,0,0,0,0
0,0,0,0,0,0,0,0,0,0,0,0,0,0,0,0,0,0,0,0,0,0,0,0,0,0,0,0,0,0,0,0,0,0,0,0,0,0,0,0,0,0,0,0,0,0,0,0,0,0,0,0,0,0,0,0,0,0,0,0,0,0,0,0,0,0,0,0,0,0,0,0,0,0,0,0,0,0,0,0,0,0,0,0,0,0,0,0,0,0,0,0,0,0,0,0,0,0,0,0
0,0,0,0,0,0,0,0,0,0,0,0,0,0,0,0,0,0,0,0,0,0,0,0,0,0,0,0,0,0,0,0,0,0,0,0,0,0,0,0,0,0,0,0,0,0,0,0,0,0,0,0,0,0,0,0,0,0,0,0,0,0,0,0,0,0,0,0,0,0,0,0,0,0,0,0,0,0,0,0,0,0,0,0,0,0,0,0,0,0,0,0,0,0,0,0,0,0,0,0
0,0,0,0,0,0,0,0,0,0,0,0,0,0,0,0,0,0,0,0,0,0,0,0,0,0,0,0,0,0,0,0,0,0,0,0,0,0,0,0,0,0,0,0,0,0,0,0,0,0,0,0,0,0,0,0,0,0,0,0,0,0,0,0,0,0,0,0,0,0,0,0,0,0,0,0,0,0,0,0,0,0,0,0,0,0,0,0,0,0,0,0,0,0,0,0,0,0,0,0
0,0,0,0,0,0,0,0,0,0,0,0,0,0,0,0,0,0,0,0,0,0,0,0,0,0,0,0,0,0,0,0,0,0,0,0,0,0,0,0,0,0,0,0,0,0,0,0,0,0,0,0,0,0,0,0,0,0,0,0,0,0,0,0,0,0,0,0,0,0,0,0,0,0,0,0,0,0,0,0,0,0,0,0,0,0,0,0,0,0,0,0,0,0,0,0,0,0,0,0
0,0,0,0,0,0,0,0,0,0,0,0,0,0,0,0,0,0,0,0,0,0,0,0,0,0,0,0,0,0,0,0,0,0,0,0,0,0,0,0,0,0,0,0,0,0,0,0,0,0,0,0,0,0,0,0,0,0,0,0,0,0,0,0,0,0,0,0,0,0,0,0,0,0,0,0,0,0,0,0,0,0,0,0,0,0,0,0,0,0,0,0,0,0,0,0,0,0,0,0
0,0,0,0,0,0,0,0,0,0,0,0,0,0,0,0,0,0,0,0,0,0,0,0,0,0,0,0,0,0,0,0,0,0,0,0,0,0,0,0,0,0,0,0,0,0,0,0,0,0,0,0,0,0,0,0,0,0,0,0,0,0,0,0,0,0,0,0,0,0,0,0,0,0,0,0,0,0,0,0,0,0,0,0,0,0,0,0,0,0,0,0,0,0,0,0,0,0,0,0
0,0,0,0,0,0,0,0,0,0,0,0,0,0,0,0,0,0,0,0,0,0,0,0,0,0,0,0,0,0,0,0,0,0,0,0,0,0,0,0,0,0,0,0,0,0,0,0,0,0,0,0,0,0,0,0,0,0,0,0,0,0,0,0,0.000162763016977921,0.000184255389311689,4.90036780134492e-05,0.000161379585892751,0,1.06978169034012e-06,3.85604198779622e-05,0,0,0,0,0,0,0,0,0,0,0,0,0,0,0,0,0,0,0,0,0,0,0,0,0,0,0,0,0
0,0,0,0,0,0,0,0,0,0,0,0,0,0,0,0,0,0,0,0,0,0,0,0,0,0,0,0,0,0,0,0,0,0,0,0,0,0,0,0,0,0,0,0,0,0,0,0,0,0,0,0,0,0,0,0,0,0,0,0,0,0,0,0.000263235252430677,0.000119514336137396,8.12282074833402e-05,6.745919337564e-05,0.000235885212241888,5.27229484879239e-05,2.46197345657023e-05,0.000463321376409215,0,0,0.000252210828452967,4.70263915651116e-05,0,0,0,0,0,0,0,0,0,0,0,0,0,0,0,0,0,0,0,0,0,0,0,0,0
0,0,0,0,0,0,0,0,0,0,0,0,0,0,0,0,0,0,0,0,0,0,0,0,0,0,0,0,0,0,0,0,0,0,0,0,0,0,0,0,0,0,0,0,0,0,0,0,0,0,0,0,0,0,0,0,0,0,0,0,0,7.09512326739359e-05,0.000176807434969824,0.000159977716810063,2.90260808489134e-05,0,0.000170600081406334,0.000215635178524963,0.000589789415264266,0.000444106156620546,0.000336249438023046,0.000277294762204074,0,0.000169212062118149,0.000104146215743035,3.3137704604907e-05,1.54727459128809e-06,5.9932992552872e-07,0,0,0,0,0,0,0,0,0,0,0,0,0,0,0,0,0,0,0,0,0,0
0,0,0,0,0,0,0,0,0,0,0,0,0,0,0,0,0,0,0,0,0,0,0,0,0,0,0,0,0,0,0,0,0,0,0,0,0,0,0,0,0,0,0,0,0,0,0,0,0,0,0,0,0,0,0,0,0,0,0,0.000396129556255478,0.000353879367226976,8.78805361080616e-05,0.000180006388440073,0.000118178671765264,0.000299252988413207,0.000102073193900738,0.000217803030165897,0.00045742107062853,0.000271176554408711,0.000228355038326524,0.000440924291430978,0.001143823817998,0.000193625627455191,0,0.000270700156530389,0.000123566640985442,0.000384418001996389,0.000357923928214976,0.000525414294209546,0.000119030891038411,0,0,0,0,0,0,0,0,0,0,0,0,0,0,0,0,0,0,0,0
0,0,0,0,0,0,0,0,0,0,0,0,0,0,0,0,0,0,0,0,0,0,0,0,0,0,0,0,0,0,0,0,0,0,0,0,0,0,0,0,0,0,0,0,0,0,0,0,0,0,0,0,0,0,0,0,0.000215151380641576,8.75943579180735e-05,0.00022755610456925,0.000522566414030228,0.000425962251425459,1.62210374542166e-05,0.000312775508225809,0.00110039344684368,0.00123333180787226,0.000607713444376141,0.000131304638019433,0.000157691947730659,0.000154114790325927,0.000245552697429801,0.000481588605660272,0.000555178719874076,0.000579357707778964,0,5.19810873524601e-05,0.000178305304043492,0.000508294402247497,7.84771664648609e-05,5.95856987276957e-05,2.21350902573123e-06,0,0,0,0,0,0,0,0,0,0,0,0,0,0,0,0,0,0,0,0
0,0,0,0,0,0,0,0,0,0,0,0,0,0,0,0,0,0,0,0,0,0,0,0,0,0,0,0,0,0,0,0,0,0,0,0,0,0,0,0,0,0,0,0,0,0,0,0,0,0,0,0,0,0,0,0,0.000189269608358255,9.08231871633694e-05,0.000264557438230946,0.000158205265415067,0.00046472011092978,0.000568053055671781,0.00084756041368163,0.00106346163561601,0.00117810202089164,0.000281237042000122,0.000701300349861134,0.000469739788932678,0.00054564219400789,0.000574830062243894,0.000153054091631607,1.72100710102266e-06,2.75994293546403e-05,0.000661987227584699,0.000723579040991258,0.000639734469883114,0.000166278513075314,0,0,0.000402155899554475,4.32920679648426e-05,0,0,0,0,0,0,0,0,0,0,0,0,0,0,0,0,0,0,0
0,0,0,0,0,0,0,0,0,0,0,0,0,0,0,0,0,0,0,0,0,0,0,0,0,0,0,0,0,0,0,0,0,0,0,0,0,0,0,0,0,0,0,0,0,0,0,0,0,0,0,0,0,0,0,9.69124409281408e-06,0.000245151558400728,0.000381303928369203,0.000595380842239393,0.000821905393396218,0.000188621416968032,0.000544986696432434,0.000428552550005249,0.00105859984110114,0.000641689652493076,0.000368134280554815,0.000396894913879466,0.000348148899777077,0.000347917946033113,0.000217987279652125,0.000439138016716622,0.000346606036985251,0.00023018199831064,0.000309203625846996,0.000302813788580212,0.000129855348164059,1.07133877774384e-05,0,4.22849548146364e-05,0.00058150101662982,8.111261757007e-05,0,0,0,0,0,0,0,0,0,0,0,0,0,0,0,0,0,0,0
0,0,0,0,0,0,0,0,0,0,0,0,0,0,0,0,0,0,0,0,0,0,0,0,0,0,0,0,0,0,0,0,0,0,0,0,0,0,0,0,0,0,0,0,0,0,0,0,0,0,0,0,0,0,0,9.32291678987295e-06,0.000235834280716585,0.000192025178298453,0.000384807399526317,0.000722784340392189,0.00045697706985673,0.000883981643127327,0.000236982283027554,0.000169095409429303,0.00020174001370072,0.000157184327377799,0.000220955833413686,2.6203801383282e-05,0.000228468430313437,0.000241925594677097,6.03709625813552e-05,0.000324053938106858,0.000352424267697949,0.000633708509727593,0.000337627438967127,0.000396225309125825,0.000261370406338839,0.000477925762310706,0.00022196932944352,0.000358630983114146,0,0,0,0,0,0,0,0,0,0,0,0,0,0,0,0,0,0,0,0
0,0,0,0,0,0,0,0,0,0,0,0,0,0,0,0,0,0,0,0,0,0,0,0,0,0,0,0,0,0,0,0,0,0,0,0,0,0,0,0,0,0,0,0,0,0,0,0,0,0,0,0,0,6.71847489478943e-06,7.41012567545247e-06,0.000297294278392659,0.000815061162986188,0.000795982657231708,0.000373305573446685,0.0010187833417878,0.000149803340491038,0.000406501574148534,0.000247271879925013,0.000825608023519498,0.000778062568284304,0.000561465152566996,0.000431969786432198,0.000514430865044903,0.000204220325684618,0.00057857430319572,0.000642084866313864,0.000561189623348715,0.000145248048739819,0.00102197913916138,0.00106098581018531,0.000710429426904932,7.53019959596131e-05,0.000782086778916307,0.000179001917220663,0.0014510186435578,0.000199321099110984,5.95395577661806e-05,2.15388224921205e-05,0,0,0,0,0,0,0,0,0,0,0,0,0,0,0,0,0
0,0,0,0,0,0,0,0,0,0,0,0,0,0,0,0,0,0,0,0,0,0,0,0,0,0,0,0,0,0,0,0,0,0,0,0,0,0,0,0,0,0,0,0,0,0,0,0,0,0,0,0,0.000691289517731493,0.000315640829525092,0.000468491360729329,0.000869027595732975,0.00103235525266282,0.00120325604701155,0.00117108083213352,0.00117965629768026,0.000186446066668276,0.000102048213459097,8.43192257820125e-07,0.00066453236404016,0.00126684879854928,0.000901647643071595,0.000657178859437134,0.00113129627076908,8.79743572639734e-05,0.000384224298983056,0.000872540184000442,0.00104544205960335,0.00038979280872205,0.000273504913856432,0.000317561241645691,0.000787346848652416,0.000924199143026642,0.000577822325821266,0.000489198234979158,0.00068993485732939,0.000149121374035088,0.000307633279039996,0.000111288340701703,0,0,0.000233022760879243,9.63949360049743e-05,0,0,0,0,0,0,0,0,0,0,0,0,0
0,0,0,0,0,0,0,0,0,0,0,0,0,0,0,0,0,0,0,0,0,0,0,0,0,0,0,0,0,0,0,0,0,0,0,0,0,0,0,0,0,0,0,0,0,0,0,0,0,0,0,0,0.000190753184479534,6.26607792148223e-05,0.00104975867323478,0.000423961693892105,0.000358593956620303,0.000666024734988983,0.00138411506401517,0.00056420840832919,0.000155030051750856,0.000576352839269739,0.000999484562824401,0.000770623607049483,0.00130886169266518,0.000425490870563858,0.000369811832823927,0.00131145833770644,0.000181995096509748,0.00101682830515159,0.000310158694050271,0.000326693821659466,0.000491312071552182,0.000304079399831799,0.000449084263456004,0.000160912853492119,0.000137330184050575,0.000620991368614795,0.000836690832365764,0.000844088495227958,0.00075392798884358,0.000310725188724346,0.000194605898938768,0,0,0.000120666131799078,4.99161713167051e-05,0,0,0,0,0,0,0,0,0,0,0,0,0
0,0,0,0,0,0,0,0,0,0,0,0,0,0,0,0,0,0,0,0,0,0,0,0,0,0,0,0,0,0,0,0,0,0,0,0,0,0,0,0,0,0,0,0,0,0,0,0,0,4.1698535340625e-05,0.000111853184745148,2.89574163857052e-05,0.000243156115354896,0.000529097746641436,0.00052586175218713,0.000343900230893226,0.000717787753834959,0.00112309041954847,0.000565878210021388,0.0010819661929152,0.000178254120983298,5.87243968535901e-05,0.000912806252796073,0.000645431761299617,0.000304505942725497,0.000352947723092283,0.000494682717911981,0.000539787713590127,0.000492347493381714,0.000488066284386721,0.000550797706993944,0.000810791418471364,0.000548937151553553,0.000216495985951919,0.00065736278529592,0.000276489710842492,0.000150812174069493,0.000616425497951809,0.000628522806118459,0.000136267658006242,0.000654381944912246,0.00120838321700543,0.000444515650188002,0,0,0,0,0,0,0,0,0,0,0,0,0,0,0,0,0
0,0,0,0,0,0,0,0,0,0,0,0,0,0,0,0,0,0,0,0,0,0,0,0,0,0,0,0,0,0,0,0,0,0,0,0,0,0,0,0,0,0,0,0,0,0,0,0,0,9.40815631087202e-05,0.000252366716805507,2.42509194888032e-05,0.000203635548770596,0.000311737142268404,0.000687557390960499,0.00108475137283658,0.00124208990408436,0.000650524470950139,0.000462686900110421,0.000963752303183566,0.000366892597034641,0.000352010553231064,0.000104534529332239,0.000359019659809628,0.000656676020780486,0.000370877898023793,0.000699512214531651,0.000555646193915874,0.000333600733076268,0.000195587092879666,0.00133715127675612,0.000856942361585762,0.000665925369353075,0.000159882718635187,0.000110162565835226,0.000241806288322175,0.000360860403138204,0.00029014370811126,0.000456040183525745,0.000570409902322401,0.000623575850586637,0.000643370456041539,0.000247319240825376,0.000135810322991727,3.11706485584434e-05,0,0,0,0,0,0,0,0,0,0,0,0,0,0,0
0,0,0,0,0,0,0,0,0,0,0,0,0,0,0,0,0,0,0,0,0,0,0,0,0,0,0,0,0,0,0,0,0,0,0,0,0,0,0,0,0,0,0,0,0,0,0,0,0,0,0,0,0,0.000388409445629068,0.00108555226641445,0.00134602135743336,0.000769125316279375,0.000669733363376472,0.000649296200821519,0.000314543593521595,0.000613070905133394,0.000643509840269304,0.00021656791863645,4.27150960738106e-05,0.000310602220944276,0.000323047981976055,0.000580637165047911,0.000770362636617906,0.000877820018105662,0.000389448652371678,0.000499240773994935,0.000557335017781593,0.000391715049932748,0.000155375825003024,0.000532499770821969,0.000325974012066758,0.000334566750159261,0.000819240238201973,0.000395607198400862,0.000484255882330493,0.000665270592574109,0.000375120717788721,0.00123869205657342,0.000481025701172651,0.000219079025324686,0.000113412881389237,0,0,0,0,0,0,0,0,0,0,0,0,0,0
0,0,0,0,0,0,0,0,0,0,0,0,0,0,0,0,0,0,0,0,0,0,0,0,0,0,0,0,0,0,0,0,0,0,0,0,0,0,0,0,0,0,0,0,0,0,0,0,0,0,9.35237831732342e-05,0.000332327820033497,0.000372944107489359,0.000730695336774669,0.00145399158262679,0.000414313220476099,0.000430074162298498,0.000836146037061511,0.000409499756879612,0.000185694721742129,0.000436895891137477,0.000257774608474305,0.000250446223132443,0.000354635352421485,0.000426998420862011,0.000302748523703215,0.000714670856758193,2.12582112341514e-06,0.000647561000121972,0.000107326746658638,0.000104437776425285,0.000349490152423406,0.000119231790011644,9.73132934749886e-05,0.000147155424025593,8.12416210888848e-05,0.000200777626790733,0.0006715765823665,0.000589315592382215,0.000706809070365291,0.00266853647095857,0.000851105545253918,0.000905389775488764,0.000535194551615797,0.000136939687388772,0.000131911413095558,0,0,0,0,0,0,0,0,0,0,0,0,0,0
0,0,0,0,0,0,0,0,0,0,0,0,0,0,0,0,0,0,0,0,0,0,0,0,0,0,0,0,0,0,0,0,0,0,0,0,0,0,0,0,0,0,0,0,0,0,0,0,0,0,0.000262048703256906,0.000338409108053755,0.000208797403043854,0.000586101128844244,0.00155167367748975,0.000771427665695607,0.000412195727394174,0.00128142129340913,0.000809723339887312,0.000946672199543105,0.000549135943378699,0.00049569937948059,0.000665992942302806,0.00071030414368569,0.000323049763851249,9.66769301316399e-05,0.0009329281794211,0,0.00017790270320777,0.000160972294060649,0.000222839653134375,6.7701424462627e-05,2.24188351460637e-07,1.43660956152238e-06,0,0.000281157130390946,0.00031385358753994,0.000345341784323932,0.00030582837316819,0.0010480644644919,0.00144249616864686,0.000646804016765451,0.000736171510228996,0.000407053720729637,1.3871820482129e-06,0,0,0,0,0,0,0,0,0,0,0,0,0,0,0
0,0,0,0,0,0,0,0,0,0,0,0,0,0,0,0,0,0,0,0,0,0,0,0,0,0,0,0,0,0,0,0,0,0,0,0,0,0,0,0,0,0,0,0,0,0,0,0,0,0,0.000620929492511031,0.000173945670744256,0,0.00012937835311019,0.000773667970883172,0.000931818875389459,0.000573793162523034,0.000570839366617455,0.000729047086433492,0.000380023070975038,0.000566664347247397,0.000777716508049866,0.000427591455819088,0.000746321538097403,0.000711365192891071,0.000352185337089616,5.86256806271756e-05,0.000196282553008525,0.000432990000503174,0.000774404537289546,0.000837760690871982,0.00109325287453365,0.000492398278143484,0.000447529101351249,0.000381510773859611,0.000583020849241511,0.000487569341452269,0.000800520783623928,0.00074534897661313,0.00101595837855542,0.0012900141772049,0.000387286520741725,0.000163076315434778,0.000373294490897341,4.278144715783e-06,0,0,0,0,0,0,0,0,0,0,0,0,0,0,0
0,0,0,0,0,0,0,0,0,0,0,0,0,0,0,0,0,0,0,0,0,0,0,0,0,0,0,0,0,0,0,0,0,0,0,0,0,0,0,0,0,0,0,0,0,0,0,0,0,0,0.000386108230877867,0.000540479330941458,0.000900480559742379,0.00108274756957145,0.00194020695408036,0.00143763416467759,0.000799225958671642,0.000546625108878164,0.00066687803649753,0.0013769045915676,0.000759057266906589,0.00040938629513569,0.000352557335065483,0.000631590979802693,0.000488951169006723,0.000771185687774733,0,0.000212831621343228,0.00104096744982887,0.000444546914795022,0.000188441183808809,0.000383499546372953,0.000261485760586063,0.000265365232330236,0.00107379461110765,0.000762119831335873,0.00105540371709325,0.000280775249456048,0.000202377327832385,0.000562041301056388,0.000415423139015121,0.000498482166394677,0.000502543446106028,0,0,0,0,0,0,0,0,0,0,0,0,0,0,0,0,0
0,0,0,0,0,0,0,0,0,0,0,0,0,0,0,0,0,0,0,0,0,0,0,0,0,0,0,0,0,0,0,0,0,0,0,0,0,0,0,0,0,0,0,0,0,0,0,0,0,0,0,0.000524994949913882,0.00196514873435938,0.00146976800363748,0.000862500463033522,0.00035400346554273,0.000753815253628946,0.0007546433044252,0.000527927518828182,0.00136184328194168,0.00101602083590443,0.000755015323940932,0.000118979537593519,0.000933420145578427,0.00135493175961628,0.000253740699162391,0.000464142826359332,0.000547430954653831,0.000743507075973676,5.99796351156178e-05,0.000583872937599783,0.000654688986856956,0.000413749684307726,0.000584396509428512,0.000456813587561418,0.000687661518988124,0.000586939457140014,9.50852837293167e-05,0.000153301686791166,0.000688496826614565,0.00122397354204391,0.000797478612911443,0.000395574709402625,6.85626498589747e-05,0,0,0,0,0,0,0,0,0,0,0,0,0,0,0,0
0,0,0,0,0,0,0,0,0,0,0,0,0,0,0,0,0,0,0,0,0,0,0,0,0,0,0,0,0,0,0,0,0,0,0,0,0,0,0,0,0,0,0,0,0,0,0,0,0,0,2.40923576691678e-05,0.00078128237765542,0.0013954420606146,0.00217529740500712,0.000871386972204767,0.000568648593544587,0.000165146037446352,0.000585749184701685,0.00114645653201445,0.000531807705317347,0.000407996889547429,0.000948593364557926,0.00130066637420132,0.000847301338429213,0.000626909172947536,0.000150346021661241,0.000219549382048781,0.000463491940275189,0.000557369604511973,0.00043304467442425,0.000325776924024492,0.000230653286381822,0.000693899973956347,0.000994743109420642,0.00147229788006775,0.000752901841023921,0.00100060217065392,0.000884267083520723,0.000404499330846042,0.000223883787415003,0.00125168470838096,0.000363163790819973,0.000643911708353065,0.000445664381438494,0,0,0,0,0,0,0,0,0,0,0,0,0,0,0,0
0,0,0,0,0,0,0,0,0,0,0,0,0,0,0,0,0,0,0,0,0,0,0,0,0,0,0,0,0,0,0,0,0,0,0,0,0,0,0,0,0,0,0,0,0,0,0,0,0,0,0.000433904290355766,0.00073434612115723,0.000995471820983119,0.00156006746977432,0.00110556394318754,0.00143502779293397,0.000176888670628585,0.000210582700647091,0.000888528469805227,0.000570598254802742,0.000485010987984545,0.00078921747033988,0.00102756273878879,0.00113670306042026,3.28284941907963e-05,0.000304909365416362,0.00035377799252764,0.000910578475261428,0.000387615239425832,0.00165857432440347,0.000512631813993929,0.000354574080718851,0.000579341937357595,0.000828021964979586,0.00173529792272343,0.000961880015946078,0.00045288066827577,0.00166645472418504,0.00171872063375453,0.00159938189788665,0.00150774575555004,0.000919872679873376,0.000979987874082012,0.000142542725974784,0,0,0,0,0,0,0,0,0,0,0,0,0,0,0,0
0,0,0,0,0,0,0,0,0,0,0,0,0,0,0,0,0,0,0,0,0,0,0,0,0,0,0,0,0,0,0,0,0,0,0,0,0,0,0,0,0,0,0,0,0,0,0,0,0,0.000311238349351512,0.000326886404997103,0.00108875733072559,0.00140252639967814,0.00140690796014324,0.00106268592883395,0.00129527066237331,0.00081388123652156,0.000376626298238962,0.00161199950947531,0.000456003453713943,0.00088689700442202,0.000479412247470051,0.000347737088596533,0.000951675484278883,0.000415382307569067,0.000474938989565191,0.00071696519273888,0.000687016180137462,0.000593629163148953,0.000894076750692068,0.000405297336045057,0.000851851712327932,0.00105607833100474,0.000547676436185183,0.00202791646483416,0.0013110020155336,0.000835465746518861,0.00123534304888839,0.000880396950163682,0.000793958051464336,0.000791507690365058,0.000423068938786022,0.000288823638241293,2.56542180918584e-06,0,0,0,0,0,0,0,0,0,0,0,0,0,0,0,0
0,0,0,0,0,0,0,0,0,0,0,0,0,0,0,0,0,0,0,0,0,0,0,0,0,0,0,0,0,0,0,0,0,0,0,0,0,0,0,0,0,0,0,0,0,0,0,0,8.72617422306685e-06,0.000107172819443094,0.000277562944578644,0.000919559141426807,0.0019429401067107,0.0013376584630309,0.000994556616121403,0.000923502923616923,0.000629640969733275,0.000420678194872202,0.000729209599821946,5.90092308574092e-05,0.000398108983371304,0.000522828922226387,0.000483297200507535,0.000189146478712328,0.000666170464163805,0.00114770348486376,0.000554322176204722,0.000221499257788526,0.000523276022720004,0.00115360899908082,0.000607781929483021,0.000969427646807326,0.000733420093707642,0.000219013729930172,0.00104069644063865,0.00114117831363276,0.00140820630271109,0.00113085546289627,0.000937943522202576,0.00146218694967135,0.00158704230183837,0.000841292336908847,0.000171793271796182,0,0,0,0,0,0,0,0,0,0,0,0,0,0,0,0,0
0,0,0,0,0,0,0,0,0,0,0,0,0,0,0,0,0,0,0,0,0,0,0,0,0,0,0,0,0,0,0,0,0,0,0,0,0,0,0,0,0,0,0,0,0,0,0,0,3.21565504650932e-05,0.00036112142587299,0.000304985196678241,0.000870846425747856,0.00163478640197492,0.000648471595515059,0.00101951589321818,0.00130960928848841,0.000702217212963207,0.0011752983558354,0.000962253311325612,0.000420057483423959,0.000246605735810765,0.000804108759517053,0.000148803413286218,2.17629118656141e-05,0.000235662736965441,0.000856365008459572,0.000937110806545421,0.000614990470237329,6.22508175949352e-05,0.000446814558995402,0.0006416101488911,0.000622093398605624,0.00101031722609156,0.000902191028363976,0.000611973072418622,0.00106186086110282,0.000801024529124154,0.00109600569901704,0.00112602856881669,0.0013137266577302,0.000513590108152203,0.000295806316824321,6.11867014092798e-05,0,0,0,0,0,0,0,0,0,0,0,0,0,0,0,0,0
0,0,0,0,0,0,0,0,0,0,0,0,0,0,0,0,0,0,0,0,0,0,0,0,0,0,0,0,0,0,0,0,0,0,0,0,0,0,0,0,0,0,0,0,0,0,0,0,0,0,0.000203949525933424,0.000279382510858316,0.00121822006939817,0.00148639308315653,0.00138507513284286,0.00188620817360085,0.00125321893909971,0.00067557763963709,0.000508008783515714,0.000540996616101027,0.00018629186242877,0.000360990374916202,0.00035820908854414,0.000291371125283761,0.000695206008615233,0.000501215164031681,0.00037396630757498,0.000358308255059724,0.000563354066021454,0.000513888068876342,0.000449772192949447,0.000881408848085555,0.00106369709884611,0.000768119899944926,0.00130998127767908,0.00166587589650961,0.00207479782824334,0.00227806755712872,0.00158617817026098,0.000352789705753467,0.000551789050668843,0.000358433099619952,0,0,0,0,0,0,0,0,0,0,0,0,0,0,0,0,0,0
0,0,0,0,0,0,0,0,0,0,0,0,0,0,0,0,0,0,0,0,0,0,0,0,0,0,0,0,0,0,0,0,0,0,0,0,0,0,0,0,0,0,0,0,0,0,0,0,0,0,0.000128491464305729,6.47630802275641e-05,0.0004532163117433,0.00125779597411243,0.00205911703274137,0.00226939086419242,0.00195143776154407,0.00142358618631565,0.00125684110457053,0.000701606328688567,0.00155039503181925,0.000593139632721354,0.001112637398048,0.000665933548513512,0.000435125045728418,0.000888709150442271,0.00149841289305764,0.000430837011033212,0.000411458249097283,0.000807746479642944,0.00077350415962977,0.000600606901774787,0.00181988497181761,0.0015832580439358,0.00184039178160767,0.00251876104041855,0.00239611782417955,0.00180008984482247,0.00212242322267065,0.000970909948207285,0.00145581667581907,0.000433488919305063,0,0,0,0,0,0,0,0,0,0,0,0,0,0,0,0,0,0
0,0,0,0,0,0,0,0,0,0,0,0,0,0,0,0,0,0,0,0,0,0,0,0,0,0,0,0,0,0,0,0,0,0,0,0,0,0,0,0,0,0,0,0,0,0,0,0,0,0,0,0,0.000845293385483253,0.00140701202449496,0.00231058148576432,0.00171163350509659,0.00190156321799212,0.00184397702782842,0.0012519909914084,0.00153261073748342,0.00125285719929813,0.000866126380250193,0.00123461871712368,0.000693631758166179,0.00140721134972296,0.00140204765997501,0.000809231487602538,0.000714665851877488,0.0026567481112933,0.00214173272271329,0.000816757878140472,0.00096791660667475,0.00208479131136643,0.00137255643746895,0.00157511418711432,0.00125619681746988,0.00264542909742395,0.00188058614899758,0.000802372004274789,0.00123751401492676,0.00057438946539971,0.000247785713138582,0,0,0,0,0,0,0,0,0,0,0,0,0,0,0,0,0,0
0,0,0,0,0,0,0,0,0,0,0,0,0,0,0,0,0,0,0,0,0,0,0,0,0,0,0,0,0,0,0,0,0,0,0,0,0,0,0,0,0,0,0,0,0,0,0,0,0,0,0,1.45951135147285e-05,0.000920914542014397,0.00151312307839404,0.0019521890861874,0.00372846981802856,0.00298153677173702,0.00283303239518508,0.00302212140004714,0.00178086485138884,0.00109135255109393,0.00175672796087818,0.000899190478697065,0.00062269834501753,0.00166788657856031,0.00227251645899678,0.000850599287281922,0.0010465504326829,0.00191358776390481,0.00126692872940499,0.00135918828026725,0.00297986194425852,0.00171122580134067,0.00222878629997568,0.00219000203753004,0.000895237469661544,0.00169306858976918,0.00112886415755654,0.000205960660747715,0.000394166978255616,0.000117009578829249,0,0,0,0,0,0,0,0,0,0,0,0,0,0,0,0,0,0,0
0,0,0,0,0,0,0,0,0,0,0,0,0,0,0,0,0,0,0,0,0,0,0,0,0,0,0,0,0,0,0,0,0,0,0,0,0,0,0,0,0,0,0,0,0,0,0,0,0,0,0,2.3757970829387e-06,0.000328012224342116,0.00084226095457402,0.00130382036467347,0.00272133232465071,0.00349024846615519,0.00441291432512862,0.00369569647261172,0.00240842154587469,0.00211429938190601,0.00213472010068073,0.00234478733278123,0.00276854908139752,0.00239072946987557,0.00239692503175407,0.00141433843542528,0.0016910504105089,0.00321956859743624,0.00233034418940687,0.00246653529670852,0.00431986740003502,0.00277831724356822,0.00223933078679099,0.00283156772468924,0.00190419427392447,0.00168021783794167,0.00135706169363508,0.000597688698560904,0.000414865990289051,0,0,0,0,0,0,0,0,0,0,0,0,0,0,0,0,0,0,0,0
0,0,0,0,0,0,0,0,0,0,0,0,0,0,0,0,0,0,0,0,0,0,0,0,0,0,0,0,0,0,0,0,0,0,0,0,0,0,0,0,0,0,0,0,0,0,0,0,0,0,0,0,0.000156688598647993,0.000476752404019172,0.00122302065612387,0.0023121221789369,0.00379413512929652,0.00491848436142482,0.00443718481644579,0.00361126821588381,0.00369136054970211,0.00468248772423323,0.00411030900360528,0.00304218250028719,0.00205321178428043,0.00219075795615249,0.00272452195641313,0.00268494371696182,0.00279418465380332,0.00350949223832779,0.00301166362401754,0.00337390054999259,0.0036354254555824,0.00392563888956645,0.00235131141820546,0.00145375593818797,0.000512731738847983,0.000715119458034421,0.000324559698850436,0.000295151722702425,0,0,0,0,0,0,0,0,0,0,0,0,0,0,0,0,0,0,0,0
0,0,0,0,0,0,0,0,0,0,0,0,0,0,0,0,0,0,0,0,0,0,0,0,0,0,0,0,0,0,0,0,0,0,0,0,0,0,0,0,0,0,0,0,0,0,0,0,0,0,0,0,1.11657447528047e-05,0.000328093993713776,0.000321117942730374,0.0010095194811476,0.00184978094951922,0.00369600331646511,0.00334219115299759,0.00299492893149112,0.00346602184284696,0.0042933956992996,0.00549704952717455,0.00378444307589552,0.00209458165559849,0.00346258192300771,0.00343789292811679,0.00315411586354228,0.00431145704420751,0.0054591790316576,0.00334952024148308,0.00351903264906309,0.00422234418457595,0.00518647486971031,0.00195460964007145,0.000576604449905542,0.0007208705432478,8.55878430377187e-05,5.75702309726645e-05,0.000192079188862433,0,0,0,0,0,0,0,0,0,0,0,0,0,0,0,0,0,0,0,0
0,0,0,0,0,0,0,0,0,0,0,0,0,0,0,0,0,0,0,0,0,0,0,0,0,0,0,0,0,0,0,0,0,0,0,0,0,0,0,0,0,0,0,0,0,0,0,0,0,0,0,0,5.29029686780248e-06,0.000155580247924871,0.000117638211166873,0.00154253971524929,0.00176102293740483,0.00228139005029965,0.00264264375550364,0.00427771013299933,0.00426288819019737,0.00509525952126811,0.00679849411970301,0.00386659816627046,0.00340279159957055,0.00389748469070615,0.00374395539683792,0.00503484159539226,0.00578278716785608,0.00502194379266308,0.00438643771440202,0.00295956763993621,0.00398255518839187,0.00445595635546808,0.00136495413904315,5.33907186315497e-05,0.000146241065041314,0,0,0,0,0,0,0,0,0,0,0,0,0,0,0,0,0,0,0,0,0,0,0
0,0,0,0,0,0,0,0,0,0,0,0,0,0,0,0,0,0,0,0,0,0,0,0,0,0,0,0,0,0,0,0,0,0,0,0,0,0,0,0,0,0,0,0,0,0,0,0,0,0,0,0,0,0.000250994442032868,0.000252009934804876,0.000363114380761681,0.000660314102560713,0.00223707757949676,0.00369189336330306,0.00433101936437298,0.00297551262975323,0.00406162010551826,0.00655492800634255,0.00680642068754368,0.0064310433118915,0.00568668873632856,0.00509585055811597,0.00383704096555122,0.00395718141081844,0.00321733026367011,0.00393354274762981,0.00187806308426137,0.00301736430888194,0.00124488830018085,0.000619230562164123,0,0,0,0,0,0,0,0,0,0,0,0,0,0,0,0,0,0,0,0,0,0,0,0,0
0,0,0,0,0,0,0,0,0,0,0,0,0,0,0,0,0,0,0,0,0,0,0,0,0,0,0,0,0,0,0,0,0,0,0,0,0,0,0,0,0,0,0,0,0,0,0,0,0,0,0,0,0,0,0,0.000365044694477528,0.000375711785411957,0.000447494357023667,0.00195157671409627,0.00299489642130866,0.00185898374408455,0.00465599741256214,0.00609907777978556,0.00558374691784164,0.00681374335789398,0.00431930935797492,0.0039247711835545,0.00225847186573159,0.00374912748569768,0.00390886253764749,0.00251467269717003,0.00116206163300342,0.00116434457970273,3.55101552142264e-05,0.000140796006912238,0.000132738428005152,0,0,0,0,0,0,0,0,0,0,0,0,0,0,0,0,0,0,0,0,0,0,0,0
0,0,0,0,0,0,0,0,0,0,0,0,0,0,0,0,0,0,0,0,0,0,0,0,0,0,0,0,0,0,0,0,0,0,0,0,0,0,0,0,0,0,0,0,0,0,0,0,0,0,0,0,0,0,0,0,2.28254128296906e-05,0.000587190510275968,0.000420785548311846,0.000500397669053286,0.00085809788840375,0.00254815088989284,0.00381780963073447,0.00330739784398998,0.00356124871634804,0.0031762683926044,0.00272848023337208,0.00110618675044494,0.00239381443138389,0.00254951349772628,0.00113587438481825,0.000592329778323038,0,0,6.70775349540136e-05,0.000266813256858934,0,0,0,0,0,0,0,0,0,0,0,0,0,0,0,0,0,0,0,0,0,0,0,0
0,0,0,0,0,0,0,0,0,0,0,0,0,0,0,0,0,0,0,0,0,0,0,0,0,0,0,0,0,0,0,0,0,0,0,0,0,0,0,0,0,0,0,0,0,0,0,0,0,0,0,0,0,0,0,0,3.30354172416755e-06,0.000207452629946741,0.000107348320609947,9.30827331187054e-05,0.000688995348678385,0.00149912758918108,0.0018833000775665,0.00185793219834452,0.00175533778546863,0.00113333065774523,0.000999123687737054,0.000540466247442441,0.00102295045999235,0.000986640065275817,0.000526524520393081,9.05770903316774e-05,0,0,0,0,0,0,0,0,0,0,0,0,0,0,0,0,0,0,0,0,0,0,0,0,0,0,0,0
0,0,0,0,0,0,0,0,0,0,0,0,0,0,0,0,0,0,0,0,0,0,0,0,0,0,0,0,0,0,0,0,0,0,0,0,0,0,0,0,0,0,0,0,0,0,0,0,0,0,0,0,0,0,0,0,0,0,4.98318464715491e-06,0.000202838389360833,0.000485625807294049,0.000554916189792979,0.00019972522685545,0.000487523944015066,0.000740393228599592,0.00089365424057828,0.000320399615566157,0.000408060728145923,0.000223068243198697,8.15752951467266e-05,0.000224631431636099,0,0,0,0,0,0,0,0,0,0,0,0,0,0,0,0,0,0,0,0,0,0,0,0,0,0,0,0,0
0,0,0,0,0,0,0,0,0,0,0,0,0,0,0,0,0,0,0,0,0,0,0,0,0,0,0,0,0,0,0,0,0,0,0,0,0,0,0,0,0,0,0,0,0,0,0,0,0,0,0,0,0,0,0,0,0,0,7.40738553352277e-06,0.000698289339029134,0.000101046653101994,0.000449050698110776,5.63446545703099e-05,0.000403204320439612,0.000107628674784374,0.000262370256612631,7.85407964220352e-05,5.79327074776206e-05,5.60230272958347e-05,0,0,0,0,0,0,0,0,0,0,0,0,0,0,0,0,0,0,0,0,0,0,0,0,0,0,0,0,0,0,0
0,0,0,0,0,0,0,0,0,0,0,0,0,0,0,0,0,0,0,0,0,0,0,0,0,0,0,0,0,0,0,0,0,0,0,0,0,0,0,0,0,0,0,0,0,0,0,0,0,0,0,0,0,0,0,0,0,0,0,0,0,0,0,0,0,0,0,0,0,0,0,0,0,0,0,0,0,0,0,0,0,0,0,0,0,0,0,0,0,0,0,0,0,0,0,0,0,0,0,0
0,0,0,0,0,0,0,0,0,0,0,0,0,0,0,0,0,0,0,0,0,0,0,0,0,0,0,0,0,0,0,0,0,0,0,0,0,0,0,0,0,0,0,0,0,0,0,0,0,0,0,0,0,0,0,0,0,0,0,0,0,0,0,0,0,0,0,0,0,0,0,0,0,0,0,0,0,0,0,0,0,0,0,0,0,0,0,0,0,0,0,0,0,0,0,0,0,0,0,0
0,0,0,0,0,0,0,0,0,0,0,0,0,0,0,0,0,0,0,0,0,0,0,0,0,0,0,0,0,0,0,0,0,0,0,0,0,0,0,0,0,0,0,0,0,0,0,0,0,0,0,0,0,0,0,0,0,0,0,0,0,0,0,0,0,0,0,0,0,0,0,0,0,0,0,0,0,0,0,0,0,0,0,0,0,0,0,0,0,0,0,0,0,0,0,0,0,0,0,0
0,0,0,0,0,0,0,0,0,0,0,0,0,0,0,0,0,0,0,0,0,0,0,0,0,0,0,0,0,0,0,0,0,0,0,0,0,0,0,0,0,0,0,0,0,0,0,0,0,0,0,0,0,0,0,0,0,0,0,0,0,0,0,0,0,0,0,0,0,0,0,0,0,0,0,0,0,0,0,0,0,0,0,0,0,0,0,0,0,0,0,0,0,0,0,0,0,0,0,0
0,0,0,0,0,0,0,0,0,0,0,0,0,0,0,0,0,0,0,0,0,0,0,0,0,0,0,0,0,0,0,0,0,0,0,0,0,0,0,0,0,0,0,0,0,0,0,0,0,0,0,0,0,0,0,0,0,0,0,0,0,0,0,0,0,0,0,0,0,0,0,0,0,0,0,0,0,0,0,0,0,0,0,0,0,0,0,0,0,0,0,0,0,0,0,0,0,0,0,0
0,0,0,0,0,0,0,0,0,0,0,0,0,0,0,0,0,0,0,0,0,0,0,0,0,0,0,0,0,0,0,0,0,0,0,0,0,0,0,0,0,0,0,0,0,0,0,0,0,0,0,0,0,0,0,0,0,0,0,0,0,0,0,0,0,0,0,0,0,0,0,0,0,0,0,0,0,0,0,0,0,0,0,0,0,0,0,0,0,0,0,0,0,0,0,0,0,0,0,0
0,0,0,0,0,0,0,0,0,0,0,0,0,0,0,0,0,0,0,0,0,0,0,0,0,0,0,0,0,0,0,0,0,0,0,0,0,0,0,0,0,0,0,0,0,0,0,0,0,0,0,0,0,0,0,0,0,0,0,0,0,0,0,0,0,0,0,0,0,0,0,0,0,0,0,0,0,0,0,0,0,0,0,0,0,0,0,0,0,0,0,0,0,0,0,0,0,0,0,0
0,0,0,0,0,0,0,0,0,0,0,0,0,0,0,0,0,0,0,0,0,0,0,0,0,0,0,0,0,0,0,0,0,0,0,0,0,0,0,0,0,0,0,0,0,0,0,0,0,0,0,0,0,0,0,0,0,0,0,0,0,0,0,0,0,0,0,0,0,0,0,0,0,0,0,0,0,0,0,0,0,0,0,0,0,0,0,0,0,0,0,0,0,0,0,0,0,0,0,0
0,0,0,0,0,0,0,0,0,0,0,0,0,0,0,0,0,0,0,0,0,0,0,0,0,0,0,0,0,0,0,0,0,0,0,0,0,0,0,0,0,0,0,0,0,0,0,0,0,0,0,0,0,0,0,0,0,0,0,0,0,0,0,0,0,0,0,0,0,0,0,0,0,0,0,0,0,0,0,0,0,0,0,0,0,0,0,0,0,0,0,0,0,0,0,0,0,0,0,0
0,0,0,0,0,0,0,0,0,0,0,0,0,0,0,0,0,0,0,0,0,0,0,0,0,0,0,0,0,0,0,0,0,0,0,0,0,0,0,0,0,0,0,0,0,0,0,0,0,0,0,0,0,0,0,0,0,0,0,0,0,0,0,0,0,0,0,0,0,0,0,0,0,0,0,0,0,0,0,0,0,0,0,0,0,0,0,0,0,0,0,0,0,0,0,0,0,0,0,0
0,0,0,0,0,0,0,0,0,0,0,0,0,0,0,0,0,0,0,0,0,0,0,0,0,0,0,0,0,0,0,0,0,0,0,0,0,0,0,0,0,0,0,0,0,0,0,0,0,0,0,0,0,0,0,0,0,0,0,0,0,0,0,0,0,0,0,0,0,0,0,0,0,0,0,0,0,0,0,0,0,0,0,0,0,0,0,0,0,0,0,0,0,0,0,0,0,0,0,0
0,0,0,0,0,0,0,0,0,0,0,0,0,0,0,0,0,0,0,0,0,0,0,0,0,0,0,0,0,0,0,0,0,0,0,0,0,0,0,0,0,0,0,0,0,0,0,0,0,0,0,0,0,0,0,0,0,0,0,0,0,0,0,0,0,0,0,0,0,0,0,0,0,0,0,0,0,0,0,0,0,0,0,0,0,0,0,0,0,0,0,0,0,0,0,0,0,0,0,0
0,0,0,0,0,0,0,0,0,0,0,0,0,0,0,0,0,0,0,0,0,0,0,0,0,0,0,0,0,0,0,0,0,0,0,0,0,0,0,0,0,0,0,0,0,0,0,0,0,0,0,0,0,0,0,0,0,0,0,0,0,0,0,0,0,0,0,0,0,0,0,0,0,0,0,0,0,0,0,0,0,0,0,0,0,0,0,0,0,0,0,0,0,0,0,0,0,0,0,0
0,0,0,0,0,0,0,0,0,0,0,0,0,0,0,0,0,0,0,0,0,0,0,0,0,0,0,0,0,0,0,0,0,0,0,0,0,0,0,0,0,0,0,0,0,0,0,0,0,0,0,0,0,0,0,0,0,0,0,0,0,0,0,0,0,0,0,0,0,0,0,0,0,0,0,0,0,0,0,0,0,0,0,0,0,0,0,0,0,0,0,0,0,0,0,0,0,0,0,0
0,0,0,0,0,0,0,0,0,0,0,0,0,0,0,0,0,0,0,0,0,0,0,0,0,0,0,0,0,0,0,0,0,0,0,0,0,0,0,0,0,0,0,0,0,0,0,0,0,0,0,0,0,0,0,0,0,0,0,0,0,0,0,0,0,0,0,0,0,0,0,0,0,0,0,0,0,0,0,0,0,0,0,0,0,0,0,0,0,0,0,0,0,0,0,0,0,0,0,0
0,0,0,0,0,0,0,0,0,0,0,0,0,0,0,0,0,0,0,0,0,0,0,0,0,0,0,0,0,0,0,0,0,0,0,0,0,0,0,0,0,0,0,0,0,0,0,0,0,0,0,0,0,0,0,0,0,0,0,0,0,0,0,0,0,0,0,0,0,0,0,0,0,0,0,0,0,0,0,0,0,0,0,0,0,0,0,0,0,0,0,0,0,0,0,0,0,0,0,0
0,0,0,0,0,0,0,0,0,0,0,0,0,0,0,0,0,0,0,0,0,0,0,0,0,0,0,0,0,0,0,0,0,0,0,0,0,0,0,0,0,0,0,0,0,0,0,0,0,0,0,0,0,0,0,0,0,0,0,0,0,0,0,0,0,0,0,0,0,0,0,0,0,0,0,0,0,0,0,0,0,0,0,0,0,0,0,0,0,0,0,0,0,0,0,0,0,0,0,0
0,0,0,0,0,0,0,0,0,0,0,0,0,0,0,0,0,0,0,0,0,0,0,0,0,0,0,0,0,0,0,0,0,0,0,0,0,0,0,0,0,0,0,0,0,0,0,0,0,0,0,0,0,0,0,0,0,0,0,0,0,0,0,0,0,0,0,0,0,0,0,0,0,0,0,0,0,0,0,0,0,0,0,0,0,0,0,0,0,0,0,0,0,0,0,0,0,0,0,0
0,0,0,0,0,0,0,0,0,0,0,0,0,0,0,0,0,0,0,0,0,0,0,0,0,0,0,0,0,0,0,0,0,0,0,0,0,0,0,0,0,0,0,0,0,0,0,0,0,0,0,0,0,0,0,0,0,0,0,0,0,0,0,0,0,0,0,0,0,0,0,0,0,0,0,0,0,0,0,0,0,0,0,0,0,0,0,0,0,0,0,0,0,0,0,0,0,0,0,0
0,0,0,0,0,0,0,0,0,0,0,0,0,0,0,0,0,0,0,0,0,0,0,0,0,0,0,0,0,0,0,0,0,0,0,0,0,0,0,0,0,0,0,0,0,0,0,0,0,0,0,0,0,0,0,0,0,0,0,0,0,0,0,0,0,0,0,0,0,0,0,0,0,0,0,0,0,0,0,0,0,0,0,0,0,0,0,0,0,0,0,0,0,0,0,0,0,0,0,0
0,0,0,0,0,0,0,0,0,0,0,0,0,0,0,0,0,0,0,0,0,0,0,0,0,0,0,0,0,0,0,0,0,0,0,0,0,0,0,0,0,0,0,0,0,0,0,0,0,0,0,0,0,0,0,0,0,0,0,0,0,0,0,0,0,0,0,0,0,0,0,0,0,0,0,0,0,0,0,0,0,0,0,0,0,0,0,0,0,0,0,0,0,0,0,0,0,0,0,0
0,0,0,0,0,0,0,0,0,0,0,0,0,0,0,0,0,0,0,0,0,0,0,0,0,0,0,0,0,0,0,0,0,0,0,0,0,0,0,0,0,0,0,0,0,0,0,0,0,0,0,0,0,0,0,0,0,0,0,0,0,0,0,0,0,0,0,0,0,0,0,0,0,0,0,0,0,0,0,0,0,0,0,0,0,0,0,0,0,0,0,0,0,0,0,0,0,0,0,0
0,0,0,0,0,0,0,0,0,0,0,0,0,0,0,0,0,0,0,0,0,0,0,0,0,0,0,0,0,0,0,0,0,0,0,0,0,0,0,0,0,0,0,0,0,0,0,0,0,0,0,0,0,0,0,0,0,0,0,0,0,0,0,0,0,0,0,0,0,0,0,0,0,0,0,0,0,0,0,0,0,0,0,0,0,0,0,0,0,0,0,0,0,0,0,0,0,0,0,0
0,0,0,0,0,0,0,0,0,0,0,0,0,0,0,0,0,0,0,0,0,0,0,0,0,0,0,0,0,0,0,0,0,0,0,0,0,0,0,0,0,0,0,0,0,0,0,0,0,0,0,0,0,0,0,0,0,0,0,0,0,0,0,0,0,0,0,0,0,0,0,0,0,0,0,0,0,0,0,0,0,0,0,0,0,0,0,0,0,0,0,0,0,0,0,0,0,0,0,0
0,0,0,0,0,0,0,0,0,0,0,0,0,0,0,0,0,0,0,0,0,0,0,0,0,0,0,0,0,0,0,0,0,0,0,0,0,0,0,0,0,0,0,0,0,0,0,0,0,0,0,0,0,0,0,0,0,0,0,0,0,0,0,0,0,0,0,0,0,0,0,0,0,0,0,0,0,0,0,0,0,0,0,0,0,0,0,0,0,0,0,0,0,0,0,0,0,0,0,0
0,0,0,0,0,0,0,0,0,0,0,0,0,0,0,0,0,0,0,0,0,0,0,0,0,0,0,0,0,0,0,0,0,0,0,0,0,0,0,0,0,0,0,0,0,0,0,0,0,0,0,0,0,0,0,0,0,0,0,0,0,0,0,0,0,0,0,0,0,0,0,0,0,0,0,0,0,0,0,0,0,0,0,0,0,0,0,0,0,0,0,0,0,0,0,0,0,0,0,0
0,0,0,0,0,0,0,0,0,0,0,0,0,0,0,0,0,0,0,0,0,0,0,0,0,0,0,0,0,0,0,0,0,0,0,0,0,0,0,0,0,0,0,0,0,0,0,0,0,0,0,0,0,0,0,0,0,0,0,0,0,0,0,0,0,0,0,0,0,0,0,0,0,0,0,0,0,0,0,0,0,0,0,0,0,0,0,0,0,0,0,0,0,0,0,0,0,0,0,0
0,0,0,0,0,0,0,0,0,0,0,0,0,0,0,0,0,0,0,0,0,0,0,0,0,0,0,0,0,0,0,0,0,0,0,0,0,0,0,0,0,0,0,0,0,0,0,0,0,0,0,0,0,0,0,0,0,0,0,0,0,0,0,0,0,0,0,0,0,0,0,0,0,0,0,0,0,0,0,0,0,0,0,0,0,0,0,0,0,0,0,0,0,0,0,0,0,0,0,0
0,0,0,0,0,0,0,0,0,0,0,0,0,0,0,0,0,0,0,0,0,0,0,0,0,0,0,0,0,0,0,0,0,0,0,0,0,0,0,0,0,0,0,0,0,0,0,0,0,0,0,0,0,0,0,0,0,0,0,0,0,0,0,0,0,0,0,0,0,0,0,0,0,0,0,0,0,0,0,0,0,0,0,0,0,0,0,0,0,0,0,0,0,0,0,0,0,0,0,0
0,0,0,0,0,0,0,0,0,0,0,0,0,0,0,0,0,0,0,0,0,0,0,0,0,0,0,0,0,0,0,0,0,0,0,0,0,0,0,0,0,0,0,0,0,0,0,0,0,0,0,0,0,0,0,0,0,0,0,0,0,0,0,0,0,0,0,0,0,0,0,0,0,0,0,0,0,0,0,0,0,0,0,0,0,0,0,0,0,0,0,0,0,0,0,0,0,0,0,0
0,0,0,0,0,0,0,0,0,0,0,0,0,0,0,0,0,0,0,0,0,0,0,0,0,0,0,0,0,0,0,0,0,0,0,0,0,0,0,0,0,0,0,0,0,0,0,0,0,0,0,0,0,0,0,0,0,0,0,0,0,0,0,0,0,0,0,0,0,0,0,0,0,0,0,0,0,0,0,0,0,0,0,0,0,0,0,0,0,0,0,0,0,0,0,0,0,0,0,0
0,0,0,0,0,0,0,0,0,0,0,0,0,0,0,0,0,0,0,0,0,0,0,0,0,0,0,0,0,0,0,0,0,0,0,0,0,0,0,0,0,0,0,0,0,0,0,0,0,0,0,0,0,0,0,0,0,0,0,0,0,0,0,0,0,0,0,0,0,0,0,0,0,0,0,0,0,0,0,0,0,0,0,0,0,0,0,0,0,0,0,0,0,0,0,0,0,0,0,0
0,0,0,0,0,0,0,0,0,0,0,0,0,0,0,0,0,0,0,0,0,0,0,0,0,0,0,0,0,0,0,0,0,0,0,0,0,0,0,0,0,0,0,0,0,0,0,0,0,0,0,0,0,0,0,0,0,0,0,0,0,0,0,0,0,0,0,0,0,0,0,0,0,0,0,0,0,0,0,0,0,0,0,0,0,0,0,0,0,0,0,0,0,0,0,0,0,0,0,0
0,0,0,0,0,0,0,0,0,0,0,0,0,0,0,0,0,0,0,0,0,0,0,0,0,0,0,0,0,0,0,0,0,0,0,0,0,0,0,0,0,0,0,0,0,0,0,0,0,0,0,0,0,0,0,0,0,0,0,0,0,0,0,0,0,0,0,0,0,0,0,0,0,0,0,0,0,0,0,0,0,0,0,0,0,0,0,0,0,0,0,0,0,0,0,0,0,0,0,0
