0,0,0,0,0,0,0,0,0,0,0,0,0,0,0,0,0,0,0,0,0,0,0,0,0,0,0,0,0,0,0,0,0,0,0,0,0,0,0,0,0,0,0,0,0,0,0,0,0,0,0,0,0,0,0,0,0,0,0,0,0,0,0,0,0,0,0,0,0,0,0,0,0,0,0,0,0,0,0,0,0,0,0,0,0,0,0,0,0,0,0,0,0,0,0,0,0,0,0,0
0,0,0,0,0,0,0,0,0,0,0,0,0,0,0,0,0,0,0,0,0,0,0,0,0,0,0,0,0,0,0,0,0,0,0,0,0,0,0,0,0,0,0,0,0,0,0,0,0,0,0,0,0,0,0,0,0,0,0,0,0,0,0,0,0,0,0,0,0,0,0,0,0,0,0,0,0,0,0,0,0,0,0,0,0,0,0,0,0,0,0,0,0,0,0,0,0,0,0,0
0,0,0,0,0,0,0,0,0,0,0,0,0,0,0,0,0,0,0,0,0,0,0,0,0,0,0,0,0,0,0,0,0,0,0,0,0,0,0,0,0,0,0,0,0,0,0,0,0,0,0,0,0,0,0,0,0,0,0,0,0,0,0,0,0,0,0,0,0,0,0,0,0,0,0,0,0,0,0,0,0,0,0,0,0,0,0,0,0,0,0,0,0,0,0,0,0,0,0,0
0,0,0,0,0,0,0,0,0,0,0,0,0,0,0,0,0,0,0,0,0,0,0,0,0,0,0,0,0,0,0,0,0,0,0,0,0,0,0,0,0,0,0,0,0,0,0,0,0,0,0,0,0,0,0,0,0,0,0,0,0,0,0,0,0,0,0,0,0,0,0,0,0,0,0,0,0,0,0,0,0,0,0,0,0,0,0,0,0,0,0,0,0,0,0,0,0,0,0,0
0,0,0,0,0,0,0,0,0,0,0,0,0,0,0,0,0,0,0,0,0,0,0,0,0,0,0,0,0,0,0,0,0,0,0,0,0,0,0,0,0,0,0,0,0,0,0,0,0,0,0,0,0,0,0,0,0,0,0,0,0,0,0,0,0,0,0,0,0,0,0,0,0,0,0,0,0,0,0,0,0,0,0,0,0,0,0,0,0,0,0,0,0,0,0,0,0,0,0,0
0,0,0,0,0,0,0,0,0,0,0,0,0,0,0,0,0,0,0,0,0,0,0,0,0,0,0,0,0,0,0,0,0,0,0,0,0,0,0,0,0,0,0,0,0,0,0,0,0,0,0,0,0,0,0,0,0,0,0,0,0,0,0,0,0,0,0,0,0,0,0,0,0,0,0,0,0,0,0,0,0,0,0,0,0,0,0,0,0,0,0,0,0,0,0,0,0,0,0,0
0,0,0,0,0,0,0,0,0,0,0,0,0,0,0,0,0,0,0,0,0,0,0,0,0,0,0,0,0,0,0,0,0,0,0,0,0,0,0,0,0,0,0,0,0,0,0,0,0,0,0,0,0,0,0,0,0,0,0,0,0,0,0,0,0,0,0,0,0,0,0,0,0,0,0,0,0,0,0,0,0,0,0,0,0,0,0,0,0,0,0,0,0,0,0,0,0,0,0,0
0,0,0,0,0,0,0,0,0,0,0,0,0,0,0,0,0,0,0,0,0,0,0,0,0,0,0,0,0,0,0,0,0,0,0,0,0,0,0,0,0,0,0,0,0,0,0,0,0,0,0,0,0,0,0,0,0,0,0,0,0,0,0,0,0,0,0,0,0,0,0,0,0,0,0,0,0,0,0,0,0,0,0,0,0,0,0,0,0,0,0,0,0,0,0,0,0,0,0,0
0,0,0,0,0,0,0,0,0,0,0,0,0,0,0,0,0,0,0,0,0,0,0,0,0,0,0,0,0,0,0,0,0,0,0,0,0,0,0,0,0,0,0,0,0,0,0,0,0,0,0,0,0,0,0,0,0,0,0,0,0,0,0,0,0,0,0,0,0,0,0,0,0,0,0,0,0,0,0,0,0,0,0,0,0,0,0,0,0,0,0,0,0,0,0,0,0,0,0,0
0,0,0,0,0,0,0,0,0,0,0,0,0,0,0,0,0,0,0,0,0,0,0,0,0,0,0,0,0,0,0,0,0,0,0,0,0,0,0,0,0,0,0,0,0,0,0,0,0,0,0,0,0,0,0,0,0,0,0,0,0,0,0,0,0,0,0,0,0,0,0,0,0,0,0,0,0,0,0,0,0,0,0,0,0,0,0,0,0,0,0,0,0,0,0,0,0,0,0,0
0,0,0,0,0,0,0,0,0,0,0,0,0,0,0,0,0,0,0,0,0,0,0,0,0,0,0,0,0,0,0,0,0,0,0,0,0,0,0,0,0,0,0,0,0,0,0,0,0,0,0,0,0,0,0,0,0,0,0,0,0,0,0,0,0,0,0,0,0,0,0,0,0,0,0,0,0,0,0,0,0,0,0,0,0,0,0,0,0,0,0,0,0,0,0,0,0,0,0,0
0,0,0,0,0,0,0,0,0,0,0,0,0,0,0,0,0,0,0,0,0,0,0,0,0,0,0,0,0,0,0,0,0,0,0,0,0,0,0,0,0,0,0,0,0,0,0,0,0,0,0,0,0,0,0,0,0,0,0,0,0,0,0,0,0,0,0,0,0,0,0,0,0,0,0,0,0,0,0,0,0,0,0,0,0,0,0,0,0,0,0,0,0,0,0,0,0,0,0,0
0,0,0,0,0,0,0,0,0,0,0,0,0,0,0,0,0,0,0,0,0,0,0,0,0,0,0,0,0,0,0,0,0,0,0,0,0,0,0,0,0,0,0,0,0,0,0,0,0,0,0,0,0,0,0,0,0,0,0,0,0,0,0,0,0,0,0,0,0,0,0,0,0,0,0,0,0,0,0,0,0,0,0,0,0,0,0,0,0,0,0,0,0,0,0,0,0,0,0,0
0,0,0,0,0,0,0,0,0,0,0,0,0,0,0,0,0,0,0,0,0,0,0,0,0,0,0,0,0,0,0,0,0,0,0,0,0,0,0,0,0,0,0,0,0,0,0,0,0,0,0,0,0,0,0,0,0,0,0,0,0,0,0,0,0,0,0,0,0,0,0,0,0,0,0,0,0,0,0,0,0,0,0,0,0,0,0,0,0,0,0,0,0,0,0,0,0,0,0,0
0,0,0,0,0,0,0,0,0,0,0,0,0,0,0,0,0,0,0,0,0,0,0,0,0,0,0,0,0,0,0,0,0,0,0,0,0,0,0,0,0,0,0,0,0,0,0,0,0,0,0,0,0,0,0,0,0,0,0,0,0,0,0,0,0,0,0,0,0,0,0,0,0,0,0,0,0,0,0,0,0,0,0,0,0,0,0,0,0,0,0,0,0,0,0,0,0,0,0,0
0,0,0,0,0,0,0,0,0,0,0,0,0,0,0,0,0,0,0,0,0,0,0,0,0,0,0,0,0,0,0,0,0,0,0,0,0,0,0,0,0,0,0,0,0,0,0,0,0,0,0,0,0,0,0,0,0,0,0,0,0,0,0,0,0,0,0,0,0,0,0,0,0,0,0,0,0,0,0,0,0,0,0,0,0,0,0,0,0,0,0,0,0,0,0,0,0,0,0,0
0,0,0,0,0,0,0,0,0,0,0,0,0,0,0,0,0,0,0,0,0,0,0,0,0,0,0,0,0,0,0,0,0,0,0,0,0,0,0,0,0,0,0,0,0,0,0,0,0,0,0,0,0,0,0,0,0,0,0,0,0,0,0,0,0,0,0,0,0,0,0,0,0,0,0,0,0,0,0,0,0,0,0,0,0,0,0,0,0,0,0,0,0,0,0,0,0,0,0,0
0,0,0,0,0,0,0,0,0,0,0,0,0,0,0,0,0,0,0,0,0,0,0,0,0,0,0,0,0,0,0,0,0,0,0,0,0,0,0,0,0,0,0,0,0,0,0,0,0,0,0,0,0,0,0,0,0,0,0,0,0,0,0,0,0,0,0,0,0,0,0,0,0,0,0,0,0,0,0,0,0,0,0,0,0,0,0,0,0,0,0,0,0,0,0,0,0,0,0,0
0,0,0,0,0,0,0,0,0,0,0,0,0,0,0,0,0,0,0,0,0,0,0,0,0,0,0,0,0,0,0,0,0,0,0,0,0,0,0,0,0,0,0,0,0,0,0,0,0,0,0,0,0,0,0,0,0,0,0,0,0,0,0,0,0,0,0,0,0,0,0,0,0,0,0,0,0,0,0,0,0,0,0,0,0,0,0,0,0,0,0,0,0,0,0,0,0,0,0,0
0,0,0,0,0,0,0,0,0,0,0,0,0,0,0,0,0,0,0,0,0,0,0,0,0,0,0,0,0,0,0,0,0,0,0,0,0,0,0,0,0,0,0,0,0,0,0,0,0,0,0,0,0,0,0,0,0,0,0,0,0,0,0,0,0,0,0,0,0,0,0,0,0,0,0,0,0,0,0,0,0,0,0,0,0,0,0,0,0,0,0,0,0,0,0,0,0,0,0,0
0,0,0,0,0,0,0,0,0,0,0,0,0,0,0,0,0,0,0,0,0,0,0,0,0,0,0,0,0,0,0,0,0,0,0,0,0,0,0,0,0,0,0,0,0,0,0,0,0,0,0,0,0,0,0,0,0,0,0,0,0,0,0,0,0,0,0,0,0,0,0,0,0,0,0,0,0,0,0,0,0,0,0,0,0,0,0,0,0,0,0,0,0,0,0,0,0,0,0,0
0,0,0,0,0,0,0,0,0,0,0,0,0,0,0,0,0,0,0,0,0,0,0,0,0,0,0,0,0,0,0,0,0,0,0,0,0,0,0,0,0,0,0,0,0,0,0,0,0,0,0,0,0,0,0,0,0,0,0,0,0,0,0,0,0,0,0,0,0,0,0,0,0,0,0,0,0,0,0,0,0,0,0,0,0,0,0,0,0,0,0,0,0,0,0,0,0,0,0,0
0,0,0,0,0,0,0,0,0,0,0,0,0,0,0,0,0,0,0,0,0,0,0,0,0,0,0,0,0,0,0,0,0,0,0,0,0,0,0,0,0,0,0,0,0,0,0,0,0,0,0,0,0,0,0,0,0,0,0,0,0,0,0,0,0,0,0,0,0,0,0,0,0,0,0,0,0,0,0,0,0,0,0,0,0,0,0,0,0,0,0,0,0,0,0,0,0,0,0,0
0,0,0,0,0,0,0,0,0,0,0,0,0,0,0,0,0,0,0,0,0,0,0,0,0,0,0,0,0,0,0,0,0,0,0,0,0,0,0,0,0,0,0,0,0,0,0,0,0,0,0,0,0,0,0,0,0,0,0,0,0,0,0,0,0,0,0,0,0,0,0,0,0,0,0,0,0,0,0,0,0,0,0,0,0,0,0,0,0,0,0,0,0,0,0,0,0,0,0,0
0,0,0,0,0,0,0,0,0,0,0,0,0,0,0,0,0,0,0,0,0,0,0,0,0,0,0,0,0,0,0,0,0,0,0,0,0,0,0,0,0,0,0,0,0,0,0,0,0,0,0,0,0,0,0,0,0,0,0,0,0,0,0,0,0,0,0,0,0,0,0,0,0,0,0,0,0,0,0,0,0,0,0,0,0,0,0,0,0,0,0,0,0,0,0,0,0,0,0,0
0,0,0,0,0,0,0,0,0,0,0,0,0,0,0,0,0,0,0,0,0,0,0,0,0,0,0,0,0,0,0,0,0,0,0,0,0,0,0,0,0,0,0,0,0,0,0,0,0,0,0,0,0,0,0,0,0,0,0,0,0,0,0,0,0,0,0,0,0,0,0,0,0,0,0,0,0,0,0,0,0,0,0,0,0,0,0,0,0,0,0,0,0,0,0,0,0,0,0,0
0,0,0,0,0,0,0,0,0,0,0,0,0,0,0,0,0,0,0,0,0,0,0,0,0,0,0,0,0,0,0,0,0,0,0,0,0,0,0,0,0,0,0,0,0,0,0,0,0,0,0,0,0,0,0,0,0,0,0,0,0,0,0,0,0,0,0,0,0,0,0,0,0,0,0,0,0,0,0,0,0,0,0,0,0,0,0,0,0,0,0,0,0,0,0,0,0,0,0,0
0,0,0,0,0,0,0,0,0,0,0,0,0,0,0,0,0,0,0,0,0,0,0,0,0,0,0,0,0,0,0,0,0,0,0,0,0,0,0,0,0,0,0,0,0,0,0,0,0,0,0,0,0,0,0,0,0,0,0,0,0,0,0,0,0,0,0,0,0,0,0,0,0,0,0,0,0,0,0,0,0,0,0,0,0,0,0,0,0,0,0,0,0,0,0,0,0,0,0,0
0,0,0,0,0,0,0,0,0,0,0,0,0,0,0,0,0,0,0,0,0,0,0,0,0,0,0,0,0,0,0,0,0,0,0,0,0,0,0,0,0,0,0,0,0,0,0,0,0,0,0,0,0,0,0,0,0,0,0,0,0,0,0,0,0,0,0,0,0,0,0,0,0,0,0,0,0,0,0,0,0,0,0,0,0,0,0,0,0,0,0,0,0,0,0,0,0,0,0,0
0,0,0,0,0,0,0,0,0,0,0,0,0,0,0,0,0,0,0,0,0,0,0,0,0,0,0,0,0,0,0,0,0,0,0,0,0,0,0,0,0,0,0,0,0,0,0,0,0,0,0,0,0,0,0,0,0,0,0,0,0,0,0,0,0,0,0,0,0,0,0,0,0,0,0,0,0,0,0,0,0,0,0,0,0,0,0,0,0,0,0,0,0,0,0,0,0,0,0,0
0,0,0,0,0,0,0,0,0,0,0,0,0,0,0,0,0,0,0,0,0,0,0,0,0,0,0,0,0,0,0,0,0,0,0,0,0,0,0,0,0,0,0,0,0,0,0,0,0,0,0,0,0,0,0,0,0,0,0,0,0,0,0,0,0,0,0,0,0,0,0,0,0,0,0,0,0,0,0,0,0,0,0,0,0,0,0,0,0,0,0,0,0,0,0,0,0,0,0,0
0,0,0,0,0,0,0,0,0,0,0,0,0,0,0,0,0,0,0,0,0,0,0,0,0,0,0,0,0,0,0,0,0,0,0,0,0,0,0,0,0,0,0,0,0,0,0,0,0,0,0,0,0,0,0,0,0,0,0,0,0,0,0,0,0,0,0,0,0,0,0,0,0,0,0,0,0,0,0,0,0,0,0,0,0,0,0,0,0,0,0,0,0,0,0,0,0,0,0,0
0,0,0,0,0,0,0,0,0,0,0,0,0,0,0,0,0,0,0,0,0,0,0,0,0,0,0,0,0,0,0,0,0,0,0,0,0,0,0,0,0,0,0,0,0,0,0,0,0,0,0,0,0,0,0,0,0,0,0,0,0,0,0,0,0,0,0,0,0,0,0,0,0,0,0,0,0,0,0,0,0,0,0,0,0,0,0,0,0,0,0,0,0,0,0,0,0,0,0,0
0,0,0,0,0,0,0,0,0,0,0,0,0,0,0,0,0,0,0,0,0,0,0,0,0,0,0,0,0,0,0,0,0,0,0,0,0,0,0,0,0,0,0,0,0,0,0,0,0,0,0,0,0,0,0,0,0,0,0,0,0,0,0,0,0,0,0,0,0,0,0,0,0,0,0,0,0,0,0,0,0,0,0,0,0,0,0,0,0,0,0,0,0,0,0,0,0,0,0,0
0,0,0,0,0,0,0,0,0,0,0,0,0,0,0,0,0,0,0,0,0,0,0,0,0,0,0,0,0,0,0,0,0,0,0,0,0,0,0,0,0,0,0,0,0,0,0,0,0,0,0,0,0,0,0,0,0,0,0,0,0,0,0,0,0,0,0,0,0,0,0,0,0,0,0,0,0,0,0,0,0,0,0,0,0,0,0,0,0,0,0,0,0,0,0,0,0,0,0,0
0,0,0,0,0,0,0,0,0,0,0,0,0,0,0,0,0,0,0,0,0,0,0,0,0,0,0,0,0,0,0,0,0,0,0,0,0,0,0,0,0,0,0,0,0,0,0,0,0,0,0,0,0,0,0,0,0,0,0,0,0,0,0,0,0,0,0,0,0,0,0,0,0,0,0,0,0,0,0,0,0,0,0,0,0,0,0,0,0,0,0,0,0,0,0,0,0,0,0,0
0,0,0,0,0,0,0,0,0,0,0,0,0,0,0,0,0,0,0,0,0,0,0,0,0,0,0,0,0,0,0,0,0,0,0,0,0,0,0,0,0,0,0,0,0,0,0,0,0,0,0,0,0,0,0,0,0,0,0,0,0,0,0,0,0,0,0,0,0,0,0,0,0,0,0,0,0,0,0,0,0,0,0,0,0,0,0,0,0,0,0,0,0,0,0,0,0,0,0,0
0,0,0,0,0,0,0,0,0,0,0,0,0,0,0,0,0,0,0,0,0,0,0,0,0,0,0,0,0,0,0,0,0,0,0,0,0,0,0,0,0,0,0,0,0,0,0,0,0,0,0,0,0,0,0,0,0,0,0,0,0,0,0,0,0,0,0,0,0,0,0,0,0,0,0,0,0,0,0,0,0,0,0,0,0,0,0,0,0,0,0,0,0,0,0,0,0,0,0,0
0,0,0,0,0,0,0,0,0,0,0,0,0,0,0,0,0,0,0,0,0,0,0,0,0,0,0,0,0,0,0,0,0,0,0,0,0,0,0,0,0,0,0,0,0,0,0,0,0,0,0,0,0,0,0,0,0,0,0,0,0,0,0,0,0,0,0,0,0,0,0,0,0,0,0,0,0,0,0,0,0,0,0,0,0,0,0,0,0,0,0,0,0,0,0,0,0,0,0,0
0,0,0,0,0,0,0,0,0,0,0,0,0,0,0,0,0,0,0,0,0,0,0,0,0,0,0,0,0,0,0,0,0,0,0,0,0,0,0,0,0,0,0,0,0,0,0,0,0,0,0,0,0,0,0,0,0,0,0,0,0,0,0,0,0,0,0,0,0,0,0,0,0,0,0,0,0,0,0,0,0,0,0,0,0,0,0,0,0,0,0,0,0,0,0,0,0,0,0,0
0,0,0,0,0,0,0,0,0,0,0,0,0,0,0,0,0,0,0,0,0,0,0,0,0,0,0,0,0,0,0,0,0,0,0,0,0,0,0,0,0,0,0,0,0,0,0,0,0,0,0,0,0,0,0,0,0,0,0,0,0,0,0,0,0,0,0,0,0,0,0,0,0,0,0,0,0,0,0,0,0,0,0,0,0,0,0,0,0,0,0,0,0,0,0,0,0,0,0,0
0,0,0,0,0,0,0,0,0,0,0,0,0,0,0,0,0,0,0,0,0,0,0,0,0,0,0,0,0,0,0,0,0,0,0,0,0,0,0,0,0,0,0,0,0,0,0,0,0,0,0,0,0,0,0,0,0,0,0,0,0,0,0,0,0,0,0,0,0,0,0,0,0,0,0,0,0,0,0,0,0,0,0,0,0,0,0,0,0,0,0,0,0,0,0,0,0,0,0,0
0,0,0,0,0,0,0,0,0,0,0,0,0,0,0,0,0,0,0,0,0,0,0,0,0,0,0,0,0,0,0,0,0,0,0,0,0,0,0,0,0,0,0,0,0,0,0,0,0,0,0,0,0,0,0,0,0,0,0,0,0,0,0,0,0,0,0,0,0,0,0,0,0,0,0,0,0,0,0,0,0,0,0,0,0,0,0,0,0,0,0,0,0,0,0,0,0,0,0,0
0,0,0,0,0,0,0,0,0,0,0,0,0,0,0,0,0,0,0,0,0,0,0,0,0,0,0,0,0,0,0,0,0,0,0,0,0,0,0,0,0,0,0,0,0,0,0,0,0,0,0,5.09397568278737e-06,1.42261746208936e-06,0.000281791138689832,0.000121431648645811,0,0,0,0,0,0,0,0,0,0,0,0,0,0,0,0,0,0,0,0,0,0,0,0,0,0,0,0,0,0,0,0,0,0,0,0,0,0,0,0,0,0,0,0,0
0,0,0,0,0,0,0,0,0,0,0,0,0,0,0,0,0,0,0,0,0,0,0,0,0,0,0,0,0,0,0,0,0,0,0,0,0,0,0,0,0,0,0,0,0,0,0,0,0,0,0.00022655431532163,0.000681087758257652,0.00010773084896291,6.76324895626912e-05,2.91447231016655e-05,1.39024127985114e-06,0.000376329409458698,0.000513014464450442,0,0,0,0,0,0,1.69225508858012e-05,0.00023749153521585,0,0,0,0,0,0,0,0,0,0,0,0,0,0,0,0,0,0,0,0,0,0,0,0,0,0,0,0,0,0,0,0,0,0
0,0,0,0,0,0,0,0,0,0,0,0,0,0,0,0,0,0,0,0,0,0,0,0,0,0,0,0,0,0,0,0,0,0,0,0,0,0,0,0,0,0,0,0,0,0,0,0,0,0,0.000358116971111711,0.000243232368847631,0.000142030676417391,0,0.000149837491828419,0.000479649902550852,0.000477984173567951,0.000114721586239459,0,0,0,0,0,0,1.63353381428743e-05,0.000229250575755475,0,0,0,0,0,0,0,0,0,0,0,0,0,0,0,0,0,0,0,0,0,0,0,0,0,0,0,0,0,0,0,0,0,0
0,0,0,0,0,0,0,0,0,0,0,0,0,0,0,0,0,0,0,0,0,0,0,0,0,0,0,0,0,0,0,0,0,0,0,0,0,0,0,0,0,0,0,0,0,0,0,0,0,0,0.000259361822104933,0.000315955249921776,0.000296893573309477,0,7.16066969020547e-05,0.000358835303245734,0,0,0.000253399605117289,0.000411760696647539,0.000272183869911554,0.000143737981498061,0.000253888480354073,6.73913345739422e-05,0,0,0.000208190733882145,0.000398669614385436,0,0,0,0,0,0,0,0,0,0,0,0,0,0,0,0,0,0,0,0,0,0,0,0,0,0,0,0,0,0,0,0
0,0,0,0,0,0,0,0,0,0,0,0,0,0,0,0,0,0,0,0,0,0,0,0,0,0,0,0,0,0,0,0,0,0,0,0,0,0,0,0,0,0,0,0,0,0,0.000110218681149756,0.000174394861723036,0.000124559372603864,0.000233674082302217,0.000299743597770372,6.35717903891328e-05,0.000663036520547388,0.000439220118033587,0.000435788069252622,0.00066951009122605,0.000363591242258554,0.000372201768712882,0.000251127876659047,0.000310249016604286,0.000410408586934787,0.000368618028984848,0.000638972234875013,4.83009862366842e-05,9.59414808257543e-06,0.000426746542457503,0.000284207556687487,0.000108932095044932,0,0,0,0,0,0,0,0,0,0,0,0,0,0,0,0,0,0,0,0,0,0,0,0,0,0,0,0,0,0,0,0
0,0,0,0,0,0,0,0,0,0,0,0,0,0,0,0,0,0,0,0,0,0,0,0,0,0,0,0,0,0,0,0,0,0,0,0,0,0,0,0,0,0,0,0,0,0,0.000468314442746941,0.000896679120158012,0.000688696657724454,0.00081351072683878,0.000868031499974782,0.000252511413523603,0.00103927225088386,0.00138466021653379,0.000933850168943342,0.00109684330793127,0.000900956080001277,0.000320415623630885,0,0.000376721222242664,0.000669276974963125,0.000304689835903882,0.000325125516608901,8.62842827630035e-06,0.000100650613895946,0.000179098882755392,0.000133528094684206,0.00010302918467439,0,0,0,0,0,0,0,0,0,0,0,0,0,0,0,0,0,0,0,0,0,0,0,0,0,0,0,0,0,0,0,0
0,0,0,0,0,0,0,0,0,0,0,0,0,0,0,0,0,0,0,0,0,0,0,0,0,0,0,0,0,0,0,0,0,0,0,0,0,0,0,0,0,0,0.000207640411049171,0.000106796406085687,0,2.1944158025821e-05,0.000426245871740549,0.000794047420578745,0.000749130476867883,0.00057090438215946,0.00111227451191932,0.000603538495705239,0.000325799662119669,0.000447360375614488,0.000510371441566521,0.000899860488017193,0.000424221828566157,0.000257452093420788,0,0.000552876916068535,0.000518153546788837,0.000712753265700006,0.000454426025005357,0.000278364091274901,0.000195405617057038,0.000175178099497684,0.000276924253505973,0.000126593861466313,0,0,6.39552262929952e-05,0.000291053210996354,0,0,0,0,0,0,0,0,0,0,0,0,0,0,0,0,0,0,0,0,0,0,0,0,0,0,0,0
0,0,0,0,0,0,0,0,0,0,0,0,0,0,0,0,0,0,0,0,0,0,0,0,0,0,0,0,0,0,0,0,0,0,0,0,0,0,0,0,0,0,0.000122537862826621,6.30253200385211e-05,0,0.000607769578168949,0.000691792741306755,0.000201613551277895,0.000164200822073618,0.000472042529290839,0.000435976130994662,0.000483005130680868,0.000369994509781833,0.000531926014137069,0.000634221399880176,0.000632886425391395,3.62240514064135e-05,6.46040326396472e-05,1.52152798002071e-05,0.000318361503273121,0.00066891554770476,0.00136555509409881,0.00126607802752512,0.00106507746181853,0.000406077195847163,0.000293113332796863,0.000356515840471659,3.04617597156339e-05,0.000451288439557978,2.62836283768057e-05,2.61204163893624e-05,0.000118871146321288,0,0,0,0,0,0,0,0,0,0,0,0,0,0,0,0,0,0,0,0,0,0,0,0,0,0,0,0
0,0,0,0,0,0,0,0,0,0,0,0,0,0,0,0,0,0,0,0,0,0,0,0,0,0,0,0,0,0,0,0,0,0,0,0,0,0,0,0,0,0,0,0,3.10537919457425e-05,0.000448732074875488,0.000847310005909932,0.000954718320953373,0.000508885425064576,0.000584226699126999,0.00101524107915088,0.000390812742914663,0.000705069084385467,0.000924373144769959,0.000320132826357064,0.0010419091759498,0.000197585753763823,0.000130458992462245,0.000623462175141822,0.000394127456274444,1.86391895341993e-05,0.000193276358619727,0.000145496661339779,0.000323237570225588,0.000457738440867924,0.000309808480685375,0.00049491212264381,6.59959024363644e-05,2.11935897088648e-05,1.02400752384086e-05,0.000102924855554625,0.000159119761568738,1.96882704877174e-05,0,0,0,0,0,0,0,0,0,0,0,0,0,0,0,0,0,0,0,0,0,0,0,0,0,0,0
0,0,0,0,0,0,0,0,0,0,0,0,0,0,0,0,0,0,0,0,0,0,0,0,0,0,0,0,0,0,0,0,0,0,0,0,0,0,0,0,0,0,1.12229060068586e-05,5.34421194796051e-05,0.000456032891722922,0.000650925697821053,0.00150798568885781,0.0017619238086629,0.000511767015747455,0.000129605863759932,0.000300768945142106,0.000299909479760405,0.000477902665511097,0.000459784845100866,0.000177596351054697,0.000193998206044755,0.0012047583640738,0.000525347935231877,0.000419449555919456,3.54569871455408e-05,0.000278710152879106,5.1919107703913e-05,0.000460235489735424,0.000221204827514993,0.000781847634159759,9.37541458000864e-05,0.000156955840214129,0.000661052685904071,0.000456317625700279,0.000672251232356785,0.000365694894090817,0.000621257140166598,0.000120158225408275,0,0,0,0,0,0,0,0,0,0,0,0,0,0,0,0,0,0,0,0,0,0,0,0,0,0,0
0,0,0,0,0,0,0,0,0,0,0,0,0,0,0,0,0,0,0,0,0,0,0,0,0,0,0,0,0,0,0,0,0,0,0,0,0,0,0,0,0,0,0.000436662714703724,6.38150914101667e-05,0.000535002664705833,0.00237529824045675,0.00110657954033048,0.000316057008863426,0.000359735167781121,0.000370224804800415,0.000272584128428268,0.00109917675771588,0.000245527417957987,0.000763795861415748,0.000993689186914155,9.99935182049399e-05,0.000666238373156701,0.000234371377487753,5.45331626041893e-05,5.73141869561418e-05,0.000600774841578411,0.000283076780440035,0.000325771176061739,3.60428153781965e-05,0.000399100420522984,0.000342269683296642,0.000134621806988444,0.000711599482590297,0.000380642616251602,0.000396756991915749,9.1292590341005e-05,0.000110480512191223,1.60972482287413e-05,0,0,0,0,0,0,0,0,0,0,0,0,0,0,0,0,0,0,0,0,0,0,0,0,0,0,0
0,0,0,0,0,0,0,0,0,0,0,0,0,0,0,0,0,0,0,0,0,0,0,0,0,0,0,0,0,0,0,0,0,0,0,0,0,0,0,0,0,0,1.13271181034488e-05,0.000168825485787744,0.000635240884725934,0.00245309431111528,0.00218698774428496,0.00140912494632793,0.000497217975968102,0.000510673074050919,0.000619407539660006,0.000561389218912758,0.000831051040793838,0.000636628837098189,0.000512213587070343,0.00038305723283226,0.00047057164575178,0.000377409270150666,0.000236673641363148,0,0.000157027646158465,0.000416520787665896,0.000822066501514619,0.00048978308477793,0.000198505927657851,0.00026053829516414,0.000273037890551666,0.00108419781371988,0.000897666154308476,0.000593538065522768,0.000363192681338091,0.000243755271044182,0,0,0,0,0,0,0,0,0,0,0,0,0,0,0,0,0,0,0,0,0,0,0,0,0,0,0,0
0,0,0,0,0,0,0,0,0,0,0,0,0,0,0,0,0,0,0,0,0,0,0,0,0,0,0,0,0,0,0,0,0,0,0,0,0,0,0,0,0,0,0.000391953299085877,0.000708289939309667,0.00170194731016805,0.00169433740794846,0.0014178137949924,0.000863902144080266,0.00152885745295552,0.00136626541594045,0.000154712875023009,8.57885274777898e-05,0.000469600093113821,0.000785417648449997,0.000439085020393043,0.000382082614490462,0.000299990541014349,0.000107872652244503,0.000251950310401169,0.000141469049828422,0.00129534186466616,0.000776679074234726,0.00076649687832329,0.000337342261876319,0.000481321465060907,0.000618309851764646,0.000169849598421771,0.000182570391233,0.000392791124430092,7.47605677478177e-05,0,0,0.000131917673511128,0.000153090734840022,0,0,0,0,0,0,0,0,0,0,0,0,0,0,0,0,0,0,0,0,0,0,0,0,0,0
0,0,0,0,0,0,0,0,0,0,0,0,0,0,0,0,0,0,0,0,0,0,0,0,0,0,0,0,0,0,0,0,0,0,0,0,0,0,0,0,2.25142113283097e-05,0.000347355826780303,0.000641275986066248,0.00130096830766269,0.00239032611747645,0.0020586259323965,0.00177801381341816,0.00037773639593108,0.000551448660355897,0.00105322076440828,0.000574513516453191,0.000220788775167765,0.000725564301883985,0.000662716898631613,0.000505420251442702,0.000402392740661,0.000328406762322571,0.000322828847161708,0.000709113136030451,0.000973427013656896,0.000442279647311364,0.00121177796896943,0.000707566785765982,0.000735608109023311,0.000154607717526604,0.000884394899301854,0.000453975534921214,0,0,2.01837376666668e-05,0.000670177900078064,3.24759581357539e-05,9.95100136127485e-05,0.000115481578036102,0,0,0,0,0,0,0,0,0,0,0,0,0,0,0,0,0,0,0,0,0,0,0,0,0,0
0,0,0,0,0,0,0,0,0,0,0,0,0,0,0,0,0,0,0,0,0,0,0,0,0,0,0,0,0,0,0,0,0,0,0,0,0,0,0,0,8.63777840480328e-05,0.000483426507500822,0.000660953925385965,0.00211361034631,0.00140175313297212,0.00155499331282888,0.000992916019201696,0.000941843221074727,0.000498707578068037,0.00153461226367712,0.00119515991693828,0.000710447534816301,0.000524244152777871,0.000571550341194067,0.000452454830217566,0.000242015073887058,0.000253513135914906,0.000367374890608485,0.000263698449813859,0.000283802683317444,5.261340632045e-05,0.000929411744000298,0.000766677024606185,0.000481031319179984,7.08711686102049e-05,0.000313651121065987,0.000390322869163986,1.2943813932373e-05,0.00013787208464977,5.11040273739725e-06,0.000307945765867805,0.000137162546622022,0.000326219893897195,0.000212978158377055,6.93953013520303e-06,0,0,0,0,0,0,0,0,0,0,0,0,0,0,0,0,0,0,0,0,0,0,0,0,0
0,0,0,0,0,0,0,0,0,0,0,0,0,0,0,0,0,0,0,0,0,0,0,0,0,0,0,0,0,0,0,0,0,0,0,0,0,0,0,0,2.73579515522551e-05,0.000261269357134789,0.001463489159381,0.00182828789699513,0.00304798008774299,0.00304385425890146,0.00103338861863639,0.000608221375635156,0.000913798500642959,0.00120759333213038,0.000864350237463271,0.000529246412989241,0.001161059557262,0.000591093278981857,0.00150435765084939,0.00022775398992525,0.000148183761449358,0.000247361388283087,1.4571005593235e-05,0,3.15200164085669e-05,0.000328907088624501,0.000183617172423359,7.14400312596394e-05,0,0,0.000375699424119313,0.000232908927642507,0.00116096145679675,0.000795855075723826,0.000686289567213943,0.00137840939061307,0.000404236634285526,0.000481902758270316,3.70131504348266e-05,0,0,0,0,0,0,0,0,0,0,0,0,0,0,0,0,0,0,0,0,0,0,0,0,0
0,0,0,0,0,0,0,0,0,0,0,0,0,0,0,0,0,0,0,0,0,0,0,0,0,0,0,0,0,0,0,0,0,0,0,0,0,0,0,0,0.00013090941924212,0.000949068969149479,0.00199229469995016,0.00302113534032017,0.00450479978159769,0.00199648877095074,0.000862601350890799,0.000995659474991578,0.000857673543753888,0.000785442940971169,0.00100844199816251,0.00107161860548658,0.000458603574190651,0.00010879471740864,0.000377726450575141,0.000259069318940631,0.000162279563160087,0.000412188048694705,2.01065142693713e-05,0,0,0.000150976119388775,0.000571945193038763,0.000277911234605263,0.000123765642783815,0.000676537711893359,0.000336832770982755,0.000313563594857153,0.000262835404294851,8.64950000407298e-05,0.000439640630816326,0.000448464062952053,0,0,0,0,0,0,0,0,0,0,0,0,0,0,0,0,0,0,0,0,0,0,0,0,0,0,0,0
0,0,0,0,0,0,0,0,0,0,0,0,0,0,0,0,0,0,0,0,0,0,0,0,0,0,0,0,0,0,0,0,0,0,0,0,0,0,0,0,0.000440787313652087,0.000418059228636259,0.00177800124156173,0.00305805891232026,0.00479372252482341,0.00220969251576997,0.00137302917750773,0.00149853484907053,0.000516958063984639,0.00125737093761227,0.000900096972733505,0.00130533661517286,0.00173841216302467,0.00123984731695624,0.00122433984511623,0.00114776620869083,0.000396874148898565,0.000505485423671532,8.12944157435398e-05,0.000183366813806412,0.000436429893403124,0.000223947412455974,0.000711985576879128,0.000916985259163861,0.000290653449512863,0.000271727237821128,0.000510362687447698,0.000177242176253815,0.000264169381144024,5.70519669405009e-05,0.000119566192202443,9.78057556729625e-05,0.000167810326478504,0,0,0,0,0,0,0,0,0,0,0,0,0,0,0,0,0,0,0,0,0,0,0,0,0,0,0
0,0,0,0,0,0,0,0,0,0,0,0,0,0,0,0,0,0,0,0,0,0,0,0,0,0,0,0,0,0,0,0,0,0,0,0,0,0,0,0,0.000367178486130892,0.00135029177079398,0.00157778082684335,0.00300835432003608,0.0042246544864707,0.00369816171407707,0.0022927980966485,0.000477509317953941,0.000526442309687671,0.000805253153716723,0.00042767845856251,0.000328663382504387,0.000308861754357522,0.000461121483949017,0.000744575141361105,0.000745133564816771,0.000754567330193312,0.000368281944487104,0.00014278572100818,0.00064846448695636,0.00135921140352845,0.000885362062319799,0.000100369029129138,0.000584285230406814,0.000468320112906347,0.000804581580504719,0.00114546469510374,0.000623961704265821,0.000243890402006887,0.00124069417799152,0.000538352992194567,0.000125642729545583,0.000949627045184543,5.13308003111113e-05,0,0,0,0,0,0,0,0,0,0,0,0,0,0,0,0,0,0,0,0,0,0,0,0,0,0
0,0,0,0,0,0,0,0,0,0,0,0,0,0,0,0,0,0,0,0,0,0,0,0,0,0,0,0,0,0,0,0,0,0,0,0,0,0,0,0,0.000515762749110278,0.00135963869431717,0.00230286045665419,0.00260361074869639,0.00427316963369254,0.00422613348219502,0.00335883682881563,0.000748339744702114,0.00161214146941207,0.00140991737518211,0.0012424927149616,0.000647296389699918,0.000469596651511822,0.000652924915354261,0.000420897797686683,0.0002603175142432,0.000342651862985574,0.00027374788327243,0.000837332597096658,0.000771476601098321,0.00137742133313526,0.000520320839099282,0.000239712016042033,0.000558455307578772,0.000537411836548181,0.000383708416038875,0.000643447550292359,0.000900441653912052,0.00019447880493062,0.00082542079433378,0.000414182761727066,7.73366146442359e-05,0.000954975887099782,7.71038902660259e-05,0,0,0,0,0,0,0,0,0,0,0,0,0,0,0,0,0,0,0,0,0,0,0,0,0,0
0,0,0,0,0,0,0,0,0,0,0,0,0,0,0,0,0,0,0,0,0,0,0,0,0,0,0,0,0,0,0,0,0,0,0,0,0,0,0.000140090238386765,0.000191009146425749,0.000138341722316597,0.000960726693181961,0.0034331202471166,0.0051922723894619,0.00398034344121759,0.00300130909697011,0.00312982880044146,0.00143523100419194,0.00151111028324032,0.00118934434316249,0.00235709865926187,0.00140955955551785,0.000972432099584624,0.0006289020385637,0.000629410209531614,0.000288915354431199,0.000287814603666827,0.000257945188738501,0.000212541789794942,0.000850364927206153,0.00048268679774938,0.000449612601371761,0.00063668694157633,0.000511654946702124,0.000281738583681048,0.000455489300869292,0.00122855974120927,0.000350150242682825,0.000316213986148772,0.000482096466638912,0.000313016086771839,4.5925262850027e-05,0,0,0,0,0,0,0,0,0,0,0,0,0,0,0,0,0,0,0,0,0,0,0,0,0,0,0,0
0,0,0,0,0,0,0,0,0,0,0,0,0,0,0,0,0,0,0,0,0,0,0,0,0,0,0,0,0,0,0,0,0,0,0,0,0,0,7.14629157607298e-05,0.000365626000220009,0.000505987043082199,0.0017382509942009,0.00371123748754588,0.00265326022212246,0.00230215189399708,0.00286683223965665,0.00204359747221146,0.00314613954252497,0.00156321066299246,0.00234077718817852,0.00200078401509713,0.00173625325048602,0.00218088625110428,0.000775140660292078,0.000533131163542638,0.000404176233906886,0.00068492421016774,0.00059070515997136,0.000298088448074854,0.000852780148559688,0.000321876325323547,0.000206035811528536,0.00057275245877847,0.000478003515260008,0.000286616452271379,0.000194687043078031,0.00103040503092784,0.000496339182055904,0.000437079129958623,0.000323711763846614,0.000651670106625431,0.000578989032088217,0,0,0,0,0,0,0,0,0,0,0,0,0,0,0,0,0,0,0,0,0,0,0,0,0,0,0,0
0,0,0,0,0,0,0,0,0,0,0,0,0,0,0,0,0,0,0,0,0,0,0,0,0,0,0,0,0,0,0,0,0,0,0,0,0,0,0,0.000121369412722532,5.43367704197086e-05,0.000976337229220566,0.00394535121449743,0.003625164036272,0.00332044618671224,0.00291089295337962,0.00419939462169963,0.00369613264651079,0.00296382215547481,0.00375791708027914,0.00260661901838845,0.00307075282178325,0.00303114311426472,0.00116303554261344,0.000344716436365144,0.000204504956085378,8.85581293392528e-05,0.00051870462117855,0.000166233353000175,0.000834836077131909,0.000377981455926781,0.000341206690709447,0.000574398295766141,0.000440727346674911,0.000342858912589709,0,0.000169219452892176,0.000386686427284335,0.0007327529986572,0.000503929314405989,0.00101063204272646,0.000501098507892102,0,0,0,0,0,0,0,0,0,0,0,0,0,0,0,0,0,0,0,0,0,0,0,0,0,0,0,0
0,0,0,0,0,0,0,0,0,0,0,0,0,0,0,0,0,0,0,0,0,0,0,0,0,0,0,0,0,0,0,0,0,0,0,0,0,0,0,0.000381448883933446,0.000296711314716332,0.000704585377301156,0.00295859577844952,0.00625733540540289,0.00557613898368409,0.00423363623906934,0.00476267027023333,0.00489567343509167,0.00705359391330247,0.00491507570066752,0.00480017436494692,0.00329976228760611,0.00222830421666855,0.00131711922330758,0.00113076649256465,0.000832296159988784,4.58872279637179e-05,0.000747362082052024,0.000802062203722839,0.000857463355911559,0.00120799230640308,0.00119017832591903,0.00123152646434428,0.000832009485310275,0.000601578608906793,0.000158876968210628,0.00045489012721694,0.000606274567645774,0.00125483696574443,0.00137891321541023,0.000427025740020666,0.000254785571508462,0.000164786243241794,0,0,0,0,0,0,0,0,0,0,0,0,0,0,0,0,0,0,0,0,0,0,0,0,0,0,0
0,0,0,0,0,0,0,0,0,0,0,0,0,0,0,0,0,0,0,0,0,0,0,0,0,0,0,0,0,0,0,0,0,0,0,0,0,0,0,0.000206271989977333,0.000265183652680477,0.000987083994761158,0.000895245079249389,0.00432900756814415,0.00504143920264698,0.00596286318387351,0.0040630882365636,0.00389745469606857,0.00506001576091245,0.0048746410077278,0.00368091879573873,0.00449142967020011,0.00195506242150832,0.000353410957597142,0.00066895813951407,0.000892922209478834,1.40723666573862e-05,0.000420772775076461,0.00124571689594474,0.00115557636238963,0.00143384705361629,0.00090792660865812,0.000670535197594898,0.00155578342743711,0.000343570796554849,0.000397748236192907,0.000540775876694941,0.000973328216217127,0.000926948208967799,0.000880351494388009,0,4.88401280158487e-05,3.15880572338952e-05,0,0,0,0,0,0,0,0,0,0,0,0,0,0,0,0,0,0,0,0,0,0,0,0,0,0,0
0,0,0,0,0,0,0,0,0,0,0,0,0,0,0,0,0,0,0,0,0,0,0,0,0,0,0,0,0,0,0,0,0,0,0,0,0,0,0,0,0.000332132698683696,0.00160163975551776,0.00135802677724819,0.00323191836099943,0.00510028756127265,0.00400003374824312,0.00458706757611348,0.00358169014217188,0.00371199138653014,0.00416429391774048,0.00272330685311672,0.00418398261501969,0.00261375800730384,0.00086136720671125,0.00139980383336712,0.00104764364713786,0.000522710653410025,0.000477017069883223,0.000775860738616122,0.00153891108186302,0.000958722013064315,0.000986824730298295,0.00048596184398547,0.00137914361874249,0.00103917200875269,7.74103041786552e-05,0.000368595294612966,0.000980907795847892,0.000458165508796772,9.23555496647774e-05,3.93349852446952e-06,0,0,0,0,0,0,0,0,0,0,0,0,0,0,0,0,0,0,0,0,0,0,0,0,0,0,0,0,0
0,0,0,0,0,0,0,0,0,0,0,0,0,0,0,0,0,0,0,0,0,0,0,0,0,0,0,0,0,0,0,0,0,0,0,0,0,0,0,0,4.291919489677e-05,0.000600127666705692,0.00200893257205165,0.00418555577558688,0.00503146332236274,0.00468494274841407,0.00291091456505297,0.00317310809867105,0.00437944448406541,0.00331567746748446,0.00253019437718476,0.00438606037134124,0.00117290826546191,0.00110717693615217,0.000579460345744322,0.000985211072314943,0.000493565576412799,0.00141571727592725,0.00132904460833556,0.00164054997944256,0.00125648831033538,0.000444542981403083,0.000410687383185487,0.000687600403349285,0.000321035546314509,0.000364176006588825,0.000148825489031504,0.000608214885300046,0.000928249826342654,0.000510027755898897,0.000106935152987019,0,0,0,0,0,0,0,0,0,0,0,0,0,0,0,0,0,0,0,0,0,0,0,0,0,0,0,0,0
0,0,0,0,0,0,0,0,0,0,0,0,0,0,0,0,0,0,0,0,0,0,0,0,0,0,0,0,0,0,0,0,0,0,0,0,0,0,0,0,0.00026984907391333,0.000519038393554825,0.00227576173804316,0.00449144492845208,0.00548716205551454,0.00495116808552728,0.00419017448305996,0.00502772788897432,0.00451551028044369,0.00352577233647327,0.00413379113734223,0.00310598817409937,0.002958586074674,0.00240480113137097,0.000872480793268275,0.00131026870708093,0.0015713844054921,0.00212493085690111,0.00154338628228701,0.00136149078037904,0.00124498752026853,0.00139667398322897,0.00152564335798613,0.00103086467108453,0.00111319985093707,0.00038254019915281,0.000316232837239832,0.000462998438930373,0.000956261119966725,0.000101608746915287,0,0,0,0,0,0,0,0,0,0,0,0,0,0,0,0,0,0,0,0,0,0,0,0,0,0,0,0,0,0
0,0,0,0,0,0,0,0,0,0,0,0,0,0,0,0,0,0,0,0,0,0,0,0,0,0,0,0,0,0,0,0,0,0,0,0,0,0,0,0,0,0.000277768410472521,0.00150161466270663,0.00273724095997699,0.00501339156701905,0.00628399455781491,0.00561214448437456,0.00539941712840316,0.00535167567577207,0.0033264681639239,0.00318787007871456,0.00364171954646989,0.00287147688208832,0.00325775586057919,0.00502471491815646,0.00242785020810734,0.00307022813030656,0.00211272362490114,0.00226119285922823,0.0025322223896261,0.00135791099602035,0.00186216770403564,0.00143743124116215,0.00077718910579796,0.000899310262901809,8.98371319336911e-05,0.000107979226187932,0.000146563932746916,0.000293481963694979,8.31865402250163e-05,0,0,0,0,0,0,0,0,0,0,0,0,0,0,0,0,0,0,0,0,0,0,0,0,0,0,0,0,0,0
0,0,0,0,0,0,0,0,0,0,0,0,0,0,0,0,0,0,0,0,0,0,0,0,0,0,0,0,0,0,0,0,0,0,0,0,0,0,0,0,0,0.000275748089309595,0.00144877979124827,0.00143167869234239,0.00246286344645545,0.00355999278259613,0.00417346003450001,0.00410785812004943,0.00511677983093949,0.00548942546493111,0.0034786610744092,0.00273705231566252,0.0041273552789178,0.00349501844879369,0.00489869248141578,0.00296293171011126,0.00218622865299983,0.00189476421714903,0.00149473531008188,0.00141714670045346,0.000794949034331031,0.00094236122000628,0.00207666947887165,0.00251972426351794,0.000773363593679606,0.000570287586329497,0.000205726320783101,0.000329058229370429,0,0,0,0,0,0,0,0,0,0,0,0,0,0,0,0,0,0,0,0,0,0,0,0,0,0,0,0,0,0,0,0
0,0,0,0,0,0,0,0,0,0,0,0,0,0,0,0,0,0,0,0,0,0,0,0,0,0,0,0,0,0,0,0,0,0,0,0,0,0,0,0,0,1.3838516404723e-05,0.000403604312054625,0.000411897325788458,0.000948687425004238,0.00182926091713446,0.0046319154947411,0.00450321810817493,0.00550781241473878,0.00310642902271057,0.00473441219516355,0.00459837731312749,0.00367078229867038,0.00333500486270064,0.00239150850246279,0.00261303496280292,0.00181763335640915,0.00105533298183342,0.00122856467111319,0.00316786797885997,0.00119690497609873,0.00120112514350189,0.00113991637186582,0.00190916887083183,0.000359754591468402,0.000448116374803336,0.000123803402852567,0,0,0,0,0,0,0,0,0,0,0,0,0,0,0,0,0,0,0,0,0,0,0,0,0,0,0,0,0,0,0,0,0
0,0,0,0,0,0,0,0,0,0,0,0,0,0,0,0,0,0,0,0,0,0,0,0,0,0,0,0,0,0,0,0,0,0,0,0,0,0,0,0,0,0,0,0,0.000425825309980724,0.00139738268710489,0.00172152042723107,0.00275981581768144,0.00342107855877041,0.00249047101489917,0.00383721365564997,0.004102855582514,0.00184411743982953,0.00258563742900866,0.00128837229701407,0.00259757649702544,0.001473440554156,0.00101049617009003,0.000929709199524938,0.00125669267938289,0.000500380559704429,0.000257285582437871,0.000480835666118583,0.00116982539412773,0.000534495415956175,0.00070318658856441,8.97372384672791e-05,0,0,0,0,0,0,0,0,0,0,0,0,0,0,0,0,0,0,0,0,0,0,0,0,0,0,0,0,0,0,0,0,0
0,0,0,0,0,0,0,0,0,0,0,0,0,0,0,0,0,0,0,0,0,0,0,0,0,0,0,0,0,0,0,0,0,0,0,0,0,0,0,0,0,0,0,0,1.42008442519812e-06,0.000243404291833181,0.00067658150403607,0.000687205182062639,0.000714207645007595,0.000587522452178934,0.00143091892442834,0.00196853875495627,0.00122540940233319,0.00131923461816214,0.00130645389141568,0.00240493763457011,0.00191310933260458,0.00208192716459814,0.000748859578549899,0.000351032316160128,0.000360108620792883,8.83313699022716e-05,9.30704443060301e-05,0.000840549684303446,0.000240477915218158,0,0,0,0,0,0,0,0,0,0,0,0,0,0,0,0,0,0,0,0,0,0,0,0,0,0,0,0,0,0,0,0,0,0,0
0,0,0,0,0,0,0,0,0,0,0,0,0,0,0,0,0,0,0,0,0,0,0,0,0,0,0,0,0,0,0,0,0,0,0,0,0,0,0,0,0,0,0,0,0,5.49354044878416e-05,0.000418993932650758,0,0.000197104736068654,0.000235862124580638,0.000964453777037496,0.00150155680448566,9.00838386415243e-05,0.000973805320838927,7.43652379174768e-05,4.10156033306167e-05,0.000675752031696281,0.000609508964530067,0.000197714860773623,0.000153510990733368,0.000282644823184358,3.53417111914665e-05,0,1.71161781372103e-05,1.69942820871515e-05,0,0,0,0,0,0,0,0,0,0,0,0,0,0,0,0,0,0,0,0,0,0,0,0,0,0,0,0,0,0,0,0,0,0,0
0,0,0,0,0,0,0,0,0,0,0,0,0,0,0,0,0,0,0,0,0,0,0,0,0,0,0,0,0,0,0,0,0,0,0,0,0,0,0,0,0,0,0,0,0,0,0,0,0,0,8.46814107646579e-05,0.000214492922663013,0.000435106183163427,4.85134961275123e-05,4.8935166865154e-06,0,0.000263906121578077,0.000277856738145951,5.15781576865877e-05,0,0,2.03498224701916e-05,0.000134818111391016,0,0,0,0,0,0,0,0,0,0,0,0,0,0,0,0,0,0,0,0,0,0,0,0,0,0,0,0,0,0,0,0,0,0,0,0,0
0,0,0,0,0,0,0,0,0,0,0,0,0,0,0,0,0,0,0,0,0,0,0,0,0,0,0,0,0,0,0,0,0,0,0,0,0,0,0,0,0,0,0,0,0,0,0,0,0,0,0,5.08349068668411e-06,0.000443869686231036,7.92197372262246e-05,0,0,0,0,0,0,0,4.52237208638126e-05,0.00029960834527498,0,0,0,0,0,0,0,0,0,0,0,0,0,0,0,0,0,0,0,0,0,0,0,0,0,0,0,0,0,0,0,0,0,0,0,0,0
0,0,0,0,0,0,0,0,0,0,0,0,0,0,0,0,0,0,0,0,0,0,0,0,0,0,0,0,0,0,0,0,0,0,0,0,0,0,0,0,0,0,0,0,0,0,0,0,0,0,0,0,0,0,0,0,0,0,0,0,0,0,0,0,0,0,0,0,0,0,0,0,0,0,0,0,0,0,0,0,0,0,0,0,0,0,0,0,0,0,0,0,0,0,0,0,0,0,0,0
0,0,0,0,0,0,0,0,0,0,0,0,0,0,0,0,0,0,0,0,0,0,0,0,0,0,0,0,0,0,0,0,0,0,0,0,0,0,0,0,0,0,0,0,0,0,0,0,0,0,0,0,0,0,0,0,0,0,0,0,0,0,0,0,0,0,0,0,0,0,0,0,0,0,0,0,0,0,0,0,0,0,0,0,0,0,0,0,0,0,0,0,0,0,0,0,0,0,0,0
0,0,0,0,0,0,0,0,0,0,0,0,0,0,0,0,0,0,0,0,0,0,0,0,0,0,0,0,0,0,0,0,0,0,0,0,0,0,0,0,0,0,0,0,0,0,0,0,0,0,0,0,0,0,0,0,0,0,0,0,0,0,0,0,0,0,0,0,0,0,0,0,0,0,0,0,0,0,0,0,0,0,0,0,0,0,0,0,0,0,0,0,0,0,0,0,0,0,0,0
0,0,0,0,0,0,0,0,0,0,0,0,0,0,0,0,0,0,0,0,0,0,0,0,0,0,0,0,0,0,0,0,0,0,0,0,0,0,0,0,0,0,0,0,0,0,0,0,0,0,0,0,0,0,0,0,0,0,0,0,0,0,0,0,0,0,0,0,0,0,0,0,0,0,0,0,0,0,0,0,0,0,0,0,0,0,0,0,0,0,0,0,0,0,0,0,0,0,0,0
0,0,0,0,0,0,0,0,0,0,0,0,0,0,0,0,0,0,0,0,0,0,0,0,0,0,0,0,0,0,0,0,0,0,0,0,0,0,0,0,0,0,0,0,0,0,0,0,0,0,0,0,0,0,0,0,0,0,0,0,0,0,0,0,0,0,0,0,0,0,0,0,0,0,0,0,0,0,0,0,0,0,0,0,0,0,0,0,0,0,0,0,0,0,0,0,0,0,0,0
0,0,0,0,0,0,0,0,0,0,0,0,0,0,0,0,0,0,0,0,0,0,0,0,0,0,0,0,0,0,0,0,0,0,0,0,0,0,0,0,0,0,0,0,0,0,0,0,0,0,0,0,0,0,0,0,0,0,0,0,0,0,0,0,0,0,0,0,0,0,0,0,0,0,0,0,0,0,0,0,0,0,0,0,0,0,0,0,0,0,0,0,0,0,0,0,0,0,0,0
0,0,0,0,0,0,0,0,0,0,0,0,0,0,0,0,0,0,0,0,0,0,0,0,0,0,0,0,0,0,0,0,0,0,0,0,0,0,0,0,0,0,0,0,0,0,0,0,0,0,0,0,0,0,0,0,0,0,0,0,0,0,0,0,0,0,0,0,0,0,0,0,0,0,0,0,0,0,0,0,0,0,0,0,0,0,0,0,0,0,0,0,0,0,0,0,0,0,0,0
0,0,0,0,0,0,0,0,0,0,0,0,0,0,0,0,0,0,0,0,0,0,0,0,0,0,0,0,0,0,0,0,0,0,0,0,0,0,0,0,0,0,0,0,0,0,0,0,0,0,0,0,0,0,0,0,0,0,0,0,0,0,0,0,0,0,0,0,0,0,0,0,0,0,0,0,0,0,0,0,0,0,0,0,0,0,0,0,0,0,0,0,0,0,0,0,0,0,0,0
0,0,0,0,0,0,0,0,0,0,0,0,0,0,0,0,0,0,0,0,0,0,0,0,0,0,0,0,0,0,0,0,0,0,0,0,0,0,0,0,0,0,0,0,0,0,0,0,0,0,0,0,0,0,0,0,0,0,0,0,0,0,0,0,0,0,0,0,0,0,0,0,0,0,0,0,0,0,0,0,0,0,0,0,0,0,0,0,0,0,0,0,0,0,0,0,0,0,0,0
0,0,0,0,0,0,0,0,0,0,0,0,0,0,0,0,0,0,0,0,0,0,0,0,0,0,0,0,0,0,0,0,0,0,0,0,0,0,0,0,0,0,0,0,0,0,0,0,0,0,0,0,0,0,0,0,0,0,0,0,0,0,0,0,0,0,0,0,0,0,0,0,0,0,0,0,0,0,0,0,0,0,0,0,0,0,0,0,0,0,0,0,0,0,0,0,0,0,0,0
0,0,0,0,0,0,0,0,0,0,0,0,0,0,0,0,0,0,0,0,0,0,0,0,0,0,0,0,0,0,0,0,0,0,0,0,0,0,0,0,0,0,0,0,0,0,0,0,0,0,0,0,0,0,0,0,0,0,0,0,0,0,0,0,0,0,0,0,0,0,0,0,0,0,0,0,0,0,0,0,0,0,0,0,0,0,0,0,0,0,0,0,0,0,0,0,0,0,0,0
0,0,0,0,0,0,0,0,0,0,0,0,0,0,0,0,0,0,0,0,0,0,0,0,0,0,0,0,0,0,0,0,0,0,0,0,0,0,0,0,0,0,0,0,0,0,0,0,0,0,0,0,0,0,0,0,0,0,0,0,0,0,0,0,0,0,0,0,0,0,0,0,0,0,0,0,0,0,0,0,0,0,0,0,0,0,0,0,0,0,0,0,0,0,0,0,0,0,0,0
0,0,0,0,0,0,0,0,0,0,0,0,0,0,0,0,0,0,0,0,0,0,0,0,0,0,0,0,0,0,0,0,0,0,0,0,0,0,0,0,0,0,0,0,0,0,0,0,0,0,0,0,0,0,0,0,0,0,0,0,0,0,0,0,0,0,0,0,0,0,0,0,0,0,0,0,0,0,0,0,0,0,0,0,0,0,0,0,0,0,0,0,0,0,0,0,0,0,0,0
0,0,0,0,0,0,0,0,0,0,0,0,0,0,0,0,0,0,0,0,0,0,0,0,0,0,0,0,0,0,0,0,0,0,0,0,0,0,0,0,0,0,0,0,0,0,0,0,0,0,0,0,0,0,0,0,0,0,0,0,0,0,0,0,0,0,0,0,0,0,0,0,0,0,0,0,0,0,0,0,0,0,0,0,0,0,0,0,0,0,0,0,0,0,0,0,0,0,0,0
0,0,0,0,0,0,0,0,0,0,0,0,0,0,0,0,0,0,0,0,0,0,0,0,0,0,0,0,0,0,0,0,0,0,0,0,0,0,0,0,0,0,0,0,0,0,0,0,0,0,0,0,0,0,0,0,0,0,0,0,0,0,0,0,0,0,0,0,0,0,0,0,0,0,0,0,0,0,0,0,0,0,0,0,0,0,0,0,0,0,0,0,0,0,0,0,0,0,0,0
0,0,0,0,0,0,0,0,0,0,0,0,0,0,0,0,0,0,0,0,0,0,0,0,0,0,0,0,0,0,0,0,0,0,0,0,0,0,0,0,0,0,0,0,0,0,0,0,0,0,0,0,0,0,0,0,0,0,0,0,0,0,0,0,0,0,0,0,0,0,0,0,0,0,0,0,0,0,0,0,0,0,0,0,0,0,0,0,0,0,0,0,0,0,0,0,0,0,0,0
0,0,0,0,0,0,0,0,0,0,0,0,0,0,0,0,0,0,0,0,0,0,0,0,0,0,0,0,0,0,0,0,0,0,0,0,0,0,0,0,0,0,0,0,0,0,0,0,0,0,0,0,0,0,0,0,0,0,0,0,0,0,0,0,0,0,0,0,0,0,0,0,0,0,0,0,0,0,0,0,0,0,0,0,0,0,0,0,0,0,0,0,0,0,0,0,0,0,0,0
0,0,0,0,0,0,0,0,0,0,0,0,0,0,0,0,0,0,0,0,0,0,0,0,0,0,0,0,0,0,0,0,0,0,0,0,0,0,0,0,0,0,0,0,0,0,0,0,0,0,0,0,0,0,0,0,0,0,0,0,0,0,0,0,0,0,0,0,0,0,0,0,0,0,0,0,0,0,0,0,0,0,0,0,0,0,0,0,0,0,0,0,0,0,0,0,0,0,0,0
0,0,0,0,0,0,0,0,0,0,0,0,0,0,0,0,0,0,0,0,0,0,0,0,0,0,0,0,0,0,0,0,0,0,0,0,0,0,0,0,0,0,0,0,0,0,0,0,0,0,0,0,0,0,0,0,0,0,0,0,0,0,0,0,0,0,0,0,0,0,0,0,0,0,0,0,0,0,0,0,0,0,0,0,0,0,0,0,0,0,0,0,0,0,0,0,0,0,0,0
0,0,0,0,0,0,0,0,0,0,0,0,0,0,0,0,0,0,0,0,0,0,0,0,0,0,0,0,0,0,0,0,0,0,0,0,0,0,0,0,0,0,0,0,0,0,0,0,0,0,0,0,0,0,0,0,0,0,0,0,0,0,0,0,0,0,0,0,0,0,0,0,0,0,0,0,0,0,0,0,0,0,0,0,0,0,0,0,0,0,0,0,0,0,0,0,0,0,0,0
0,0,0,0,0,0,0,0,0,0,0,0,0,0,0,0,0,0,0,0,0,0,0,0,0,0,0,0,0,0,0,0,0,0,0,0,0,0,0,0,0,0,0,0,0,0,0,0,0,0,0,0,0,0,0,0,0,0,0,0,0,0,0,0,0,0,0,0,0,0,0,0,0,0,0,0,0,0,0,0,0,0,0,0,0,0,0,0,0,0,0,0,0,0,0,0,0,0,0,0
