0,0,0,0,0,0,0,0,0,0,0,0,0,0,0,0,0,0,0,0,0,0,0,0,0,0,0,0,0,0,0,0,0,0,0,0,0,0,0,0,0,0,0,0,0,0,0,0,0,0,0,0,0,0,0,0,0,0,0,0,0,0,0,0,0,0,0,0,0,0,0,0,0,0,0,0,0,0,0,0,0,0,0,0,0,0,0,0,0,0,0,0,0,0,0,0,0,0,0,0
0,0,0,0,0,0,0,0,0,0,0,0,0,0,0,0,0,0,0,0,0,0,0,0,0,0,0,0,0,0,0,0,0,0,0,0,0,0,0,0,0,0,0,0,0,0,0,0,0,0,0,0,0,0,0,0,0,0,0,0,0,0,0,0,0,0,0,0,0,0,0,0,0,0,0,0,0,0,0,0,0,0,0,0,0,0,0,0,0,0,0,0,0,0,0,0,0,0,0,0
0,0,0,0,0,0,0,0,0,0,0,0,0,0,0,0,0,0,0,0,0,0,0,0,0,0,0,0,0,0,0,0,0,0,0,0,0,0,0,0,0,0,0,0,0,0,0,0,0,0,0,0,0,0,0,0,0,0,0,0,0,0,0,0,0,0,0,0,0,0,0,0,0,0,0,0,0,0,0,0,0,0,0,0,0,0,0,0,0,0,0,0,0,0,0,0,0,0,0,0
0,0,0,0,0,0,0,0,0,0,0,0,0,0,0,0,0,0,0,0,0,0,0,0,0,0,0,0,0,0,0,0,0,0,0,0,0,0,0,0,0,0,0,0,0,0,0,0,0,0,0,0,0,0,0,0,0,0,0,0,0,0,0,0,0,0,0,0,0,0,0,0,0,0,0,0,0,0,0,0,0,0,0,0,0,0,0,0,0,0,0,0,0,0,0,0,0,0,0,0
0,0,0,0,0,0,0,0,0,0,0,0,0,0,0,0,0,0,0,0,0,0,0,0,0,0,0,0,0,0,0,0,0,0,0,0,0,0,0,0,0,0,0,0,0,0,0,0,0,0,0,0,0,0,0,0,0,0,0,0,0,0,0,0,0,0,0,0,0,0,0,0,0,0,0,0,0,0,0,0,0,0,0,0,0,0,0,0,0,0,0,0,0,0,0,0,0,0,0,0
0,0,0,0,0,0,0,0,0,0,0,0,0,0,0,0,0,0,0,0,0,0,0,0,0,0,0,0,0,0,0,0,0,0,0,0,0,0,0,0,0,0,0,0,0,0,0,0,0,0,0,0,0,0,0,0,0,0,0,0,0,0,0,0,0,0,0,0,0,0,0,0,0,0,0,0,0,0,0,0,0,0,0,0,0,0,0,0,0,0,0,0,0,0,0,0,0,0,0,0
0,0,0,0,0,0,0,0,0,0,0,0,0,0,0,0,0,0,0,0,0,0,0,0,0,0,0,0,0,0,0,0,0,0,0,0,0,0,0,0,0,0,0,0,0,0,0,0,0,0,0,0,0,0,0,0,0,0,0,0,0,0,0,0,0,0,0,0,0,0,0,0,0,0,0,0,0,0,0,0,0,0,0,0,0,0,0,0,0,0,0,0,0,0,0,0,0,0,0,0
0,0,0,0,0,0,0,0,0,0,0,0,0,0,0,0,0,0,0,0,0,0,0,0,0,0,0,0,0,0,0,0,0,0,0,0,0,0,0,0,0,0,0,0,0,0,0,0,0,0,0,0,0,0,0,0,0,0,0,0,0,0,0,0,0,0,0,0,0,0,0,0,0,0,0,0,0,0,0,0,0,0,0,0,0,0,0,0,0,0,0,0,0,0,0,0,0,0,0,0
0,0,0,0,0,0,0,0,0,0,0,0,0,0,0,0,0,0,0,0,0,0,0,0,0,0,0,0,0,0,0,0,0,0,0,0,0,0,0,0,0,0,0,0,0,0,0,0,0,0,0,0,0,0,0,0,0,0,0,0,0,0,0,0,0,0,0,0,0,0,0,0,0,0,0,0,0,0,0,0,0,0,0,0,0,0,0,0,0,0,0,0,0,0,0,0,0,0,0,0
0,0,0,0,0,0,0,0,0,0,0,0,0,0,0,0,0,0,0,0,0,0,0,0,0,0,0,0,0,0,0,0,0,0,0,0,0,0,0,0,0,0,0,0,0,0,0,0,0,0,0,0,0,0,0,0,0,0,0,0,0,0,0,0,0,0,0,0,0,0,0,0,0,0,0,0,0,0,0,0,0,0,0,0,0,0,0,0,0,0,0,0,0,0,0,0,0,0,0,0
0,0,0,0,0,0,0,0,0,0,0,0,0,0,0,0,0,0,0,0,0,0,0,0,0,0,0,0,0,0,0,0,0,0,0,0,0,0,0,0,0,0,0,0,0,0,0,0,0,0,0,0,0,0,0,0,0,0,0,0,0,0,0,0,0,0,0,0,0,0,0,0,0,0,0,0,0,0,0,0,0,0,0,0,0,0,0,0,0,0,0,0,0,0,0,0,0,0,0,0
0,0,0,0,0,0,0,0,0,0,0,0,0,0,0,0,0,0,0,0,0,0,0,0,0,0,0,0,0,0,0,0,0,0,0,0,0,0,0,0,0,0,0,0,0,0,0,0,0,0,0,0,0,0,0,0,0,0,0,0,0,0,0,0,0,0,0,0,0,0,0,0,0,0,0,0,0,0,0,0,0,0,0,0,0,0,0,0,0,0,0,0,0,0,0,0,0,0,0,0
0,0,0,0,0,0,0,0,0,0,0,0,0,0,0,0,0,0,0,0,0,0,0,0,0,0,0,0,0,0,0,0,0,0,0,0,0,0,0,0,0,0,0,0,0,0,0,0,0,0,0,0,0,0,0,0,0,0,0,0,0,0,0,0,0,0,0,0,0,0,0,0,0,0,0,0,0,0,0,0,0,0,0,0,0,0,0,0,0,0,0,0,0,0,0,0,0,0,0,0
0,0,0,0,0,0,0,0,0,0,0,0,0,0,0,0,0,0,0,0,0,0,0,0,0,0,0,0,0,0,0,0,0,0,0,0,0,0,0,0,0,0,0,0,0,0,0,0,0,0,0,0,0,0,0,0,0,0,0,0,0,0,0,0,0,0,0,0,0,0,0,0,0,0,0,0,0,0,0,0,0,0,0,0,0,0,0,0,0,0,0,0,0,0,0,0,0,0,0,0
0,0,0,0,0,0,0,0,0,0,0,0,0,0,0,0,0,0,0,0,0,0,0,0,0,0,0,0,0,0,0,0,0,0,0,0,0,0,0,0,0,0,0,0,0,0,0,0,0,0,0,0,0,0,0,0,0,0,0,0,0,0,0,0,0,0,0,0,0,0,0,0,0,0,0,0,0,0,0,0,0,0,0,0,0,0,0,0,0,0,0,0,0,0,0,0,0,0,0,0
0,0,0,0,0,0,0,0,0,0,0,0,0,0,0,0,0,0,0,0,0,0,0,0,0,0,0,0,0,0,0,0,0,0,0,0,0,0,0,0,0,0,0,0,0,0,0,0,0,0,0,0,0,0,0,0,0,0,0,0,0,0,0,0,0,0,0,0,0,0,0,0,0,0,0,0,0,0,0,0,0,0,0,0,0,0,0,0,0,0,0,0,0,0,0,0,0,0,0,0
0,0,0,0,0,0,0,0,0,0,0,0,0,0,0,0,0,0,0,0,0,0,0,0,0,0,0,0,0,0,0,0,0,0,0,0,0,0,0,0,0,0,0,0,0,0,0,0,0,0,0,0,0,0,0,0,0,0,0,0,0,0,0,0,0,0,0,0,0,0,0,0,0,0,0,0,0,0,0,0,0,0,0,0,0,0,0,0,0,0,0,0,0,0,0,0,0,0,0,0
0,0,0,0,0,0,0,0,0,0,0,0,0,0,0,0,0,0,0,0,0,0,0,0,0,0,0,0,0,0,0,0,0,0,0,0,0,0,0,0,0,0,0,0,0,0,0,0,0,0,0,0,0,0,0,0,0,0,0,0,0,0,0,0,0,0,0,0,0,0,0,0,0,0,0,0,0,0,0,0,0,0,0,0,0,0,0,0,0,0,0,0,0,0,0,0,0,0,0,0
0,0,0,0,0,0,0,0,0,0,0,0,0,0,0,0,0,0,0,0,0,0,0,0,0,0,0,0,0,0,0,0,0,0,0,0,0,0,0,0,0,0,0,0,0,0,0,0,0,0,0,0,0,0,0,0,0,0,0,0,0,0,0,0,0,0,0,0,0,0,0,0,0,0,0,0,0,0,0,0,0,0,0,0,0,0,0,0,0,0,0,0,0,0,0,0,0,0,0,0
0,0,0,0,0,0,0,0,0,0,0,0,0,0,0,0,0,0,0,0,0,0,0,0,0,0,0,0,0,0,0,0,0,0,0,0,0,0,0,0,0,0,0,0,0,0,0,0,0,0,0,0,0,0,0,0,0,0,0,0,0,0,0,0,0,0,0,0,0,0,0,0,0,0,0,0,0,0,0,0,0,0,0,0,0,0,0,0,0,0,0,0,0,0,0,0,0,0,0,0
0,0,0,0,0,0,0,0,0,0,0,0,0,0,0,0,0,0,0,0,0,0,0,0,0,0,0,0,0,0,0,0,0,0,0,0,0,0,0,0,0,0,0,0,0,0,0,0,0,0,0,0,0,0,0,0,0,0,0,0,0,0,0,0,0,0,0,0,0,0,0,0,0,0,0,0,0,0,0,0,0,0,0,0,0,0,0,0,0,0,0,0,0,0,0,0,0,0,0,0
0,0,0,0,0,0,0,0,0,0,0,0,0,0,0,0,0,0,0,0,0,0,0,0,0,0,0,0,0,0,0,0,0,0,0,0,0,0,0,0,0,0,0,0,0,0,0,0,0,0,0,0,0,0,0,0,0,0,0,0,0,0,0,0,0,0,0,0,0,0,0,0,0,0,0,0,0,0,0,0,0,0,0,0,0,0,0,0,0,0,0,0,0,0,0,0,0,0,0,0
0,0,0,0,0,0,0,0,0,0,0,0,0,0,0,0,0,0,0,0,0,0,0,0,0,0,0,0,0,0,0,0,0,0,0,0,0,0,0,0,0,0,0,0,0,0,0,0,0,0,0,0,0,0,0,0,0,0,0,0,0,0,0,0,0,0,0,0,0,0,0,0,0,0,0,0,0,0,0,0,0,0,0,0,0,0,0,0,0,0,0,0,0,0,0,0,0,0,0,0
0,0,0,0,0,0,0,0,0,0,0,0,0,0,0,0,0,0,0,0,0,0,0,0,0,0,0,0,0,0,0,0,0,0,0,0,0,0,0,0,0,0,0,0,0,0,0,0,0,0,0,0,0,0,0,0,0,0,0,0,0,0,0,0,0,0,0,0,0,0,0,0,0,0,0,0,0,0,0,0,0,0,0,0,0,0,0,0,0,0,0,0,0,0,0,0,0,0,0,0
0,0,0,0,0,0,0,0,0,0,0,0,0,0,0,0,0,0,0,0,0,0,0,0,0,0,0,0,0,0,0,0,0,0,0,0,0,0,0,0,0,0,0,0,0,0,0,0,0,0,0,0,0,0,0,0,0,0,0,0,0,0,0,0,0,0,0,0,0,0,0,0,0,0,0,0,0,0,0,0,0,0,0,0,0,0,0,0,0,0,0,0,0,0,0,0,0,0,0,0
0,0,0,0,0,0,0,0,0,0,0,0,0,0,0,0,0,0,0,0,0,0,0,0,0,0,0,0,0,0,0,0,0,0,0,0,0,0,0,0,0,0,0,0,0,0,0,0,0,0,0,0,0,0,0,0,0,0,0,0,0,0,0,0,0,0,0,0,0,0,0,0,0,0,0,0,0,0,0,0,0,0,0,0,0,0,0,0,0,0,0,0,0,0,0,0,0,0,0,0
0,0,0,0,0,0,0,0,0,0,0,0,0,0,0,0,0,0,0,0,0,0,0,0,0,0,0,0,0,0,0,0,0,0,0,0,0,0,0,0,0,0,0,0,0,0,0,0,0,0,0,0,0,0,0,0,0,0,0,0,0,0,0,0,0,0,0,0,0,0,0,0,0,0,0,0,0,0,0,0,0,0,0,0,0,0,0,0,0,0,0,0,0,0,0,0,0,0,0,0
0,0,0,0,0,0,0,0,0,0,0,0,0,0,0,0,0,0,0,0,0,0,0,0,0,0,0,0,0,0,0,0,0,0,0,0,0,0,0,0,0,0,0,0,0,0,0,0,0,0,0,0,0,0,0,0,0,0,0,0,0,0,0,0,0,0,0,0,0,0,0,0,0,0,0,0,0,0,0,0,0,0,0,0,0,0,0,0,0,0,0,0,0,0,0,0,0,0,0,0
0,0,0,0,0,0,0,0,0,0,0,0,0,0,0,0,0,0,0,0,0,0,0,0,0,0,0,0,0,0,0,0,0,0,0,0,0,0,0,0,0,0,0,0,0,0,0,0,0,0,0,0,0,0,0,0,0,0,0,0,0,0,0,0,0,0,0,0,0,0,0,0,0,0,0,0,0,0,0,0,0,0,0,0,0,0,0,0,0,0,0,0,0,0,0,0,0,0,0,0
0,0,0,0,0,0,0,0,0,0,0,0,0,0,0,0,0,0,0,0,0,0,0,0,0,0,0,0,0,0,0,0,0,0,0,0,0,0,0,0,0,0,0,0,0,0,0,0,0,0,0,0,0,0,0,0,0,0,0,0,0,0,0,0,0,0,0,0,0,0,0,0,0,0,0,0,0,0,0,0,0,0,0,0,0,0,0,0,0,0,0,0,0,0,0,0,0,0,0,0
0,0,0,0,0,0,0,0,0,0,0,0,0,0,0,0,0,0,0,0,0,0,0,0,0,0,0,0,0,0,0,0,0,0,0,0,0,0,0,0,0,0,0,0,0,0,0,0,0,0,0,0,0,0,0,0,0,0,0,0,0,0,0,0,0,0,0,0,0,0,0,0,0,0,0,0,0,0,0,0,0,0,0,0,0,0,0,0,0,0,0,0,0,0,0,0,0,0,0,0
0,0,0,0,0,0,0,0,0,0,0,0,0,0,0,0,0,0,0,0,0,0,0,0,0,0,0,0,0,0,0,0,0,0,0,0,0,0,0,0,0,0,0,0,0,0,0,0,0,0,0,0,0,0,0,0,0,0,0,0,0,0,0,0,0,0,0,0,0,0,0,0,0,0,0,0,0,0,0,0,0,0,0,0,0,0,0,0,0,0,0,0,0,0,0,0,0,0,0,0
0,0,0,0,0,0,0,0,0,0,0,0,0,0,0,0,0,0,0,0,0,0,0,0,0,0,0,0,0,0,0,0,0,0,0,0,0,0,0,0,0,0,0,0,0,0,0,0,0,0,0,0,0,0,0,0,0,0,0,0,0,0,0,0,0,0,0,0,0,0,0,0,0,0,0,0,0,0,0,0,0,0,0,0,0,0,0,0,0,0,0,0,0,0,0,0,0,0,0,0
0,0,0,0,0,0,0,0,0,0,0,0,0,0,0,0,0,0,0,0,0,0,0,0,0,0,0,0,0,0,0,0,0,0,0,0,0,0,0,0,0,0,0,0,0,0,0,0,0,0,0,0,0,0,0,0,0,0,0,0,0,0,0,0,0,0,0,0,0,0,0,0,0,0,0,0,0,0,0,0,0,0,0,0,0,0,0,0,0,0,0,0,0,0,0,0,0,0,0,0
0,0,0,0,0,0,0,0,0,0,0,0,0,0,0,0,0,0,0,0,0,0,0,0,0,0,0,0,0,0,0,0,0,0,0,0,0,0,0,0,0,0,0,0,0,0,0,0,0,0,0,0,0,0,0,0,0,0,0,0,0,0,0,0,0,0,0,0,0,0,0,0,0,0,0,0,0,0,0,0,0,0,0,0,0,0,0,0,0,0,0,0,0,0,0,0,0,0,0,0
0,0,0,0,0,0,0,0,0,0,0,0,0,0,0,0,0,0,0,0,0,0,0,0,0,0,0,0,0,0,0,0,0,0,0,0,0,0,0,0,0,0,0,0,0,0,0,0,0,0,0,0,0,0,0,0,0,0,0,0,0,0,0,0,0,0,0,0,0,0,0,0,0,0,0,0,0,0,0,0,0,0,0,0,0,0,0,0,0,0,0,0,0,0,0,0,0,0,0,0
0,0,0,0,0,0,0,0,0,0,0,0,0,0,0,0,0,0,0,0,0,0,0,0,0,0,0,0,0,0,0,0,0,0,0,0,0,0,0,0,0,0,0,0,0,0,0,0,0,0,0,0,0,0,0,0,0,0,0,0,0,0,0,0,0,0,0,0,0,0,0,0,0,0,0,0,0,0,0,0,0,0,0,0,0,0,0,0,0,0,0,0,0,0,0,0,0,0,0,0
0,0,0,0,0,0,0,0,0,0,0,0,0,0,0,0,0,0,0,0,0,0,0,0,0,0,0,0,0,0,0,0,0,0,0,0,0,0,0,0,0,0,0,0,0,0,0,0,0,0,0,0,0,0,0,0,0,0,0,0,0,0,0,0,0,0,0,0,0,0,0,0,0,0,0,0,0,0,0,0,0,0,0,0,0,0,0,0,0,0,0,0,0,0,0,0,0,0,0,0
0,0,0,0,0,0,0,0,0,0,0,0,0,0,0,0,0,0,0,0,0,0,0,0,0,0,0,0,0,0,0,0,0,0,0,0,0,0,0,0,0,0,0,0,0,0,0,0,0,0,0,0,0,0,0,0,0,0,0,0,0,0,0,0,0,0,0,0,0,0,0,0,0,0,0,0,0,0,0,0,0,0,0,0,0,0,0,0,0,0,0,0,0,0,0,0,0,0,0,0
0,0,0,0,0,0,0,0,0,0,0,0,0,0,0,0,0,0,0,0,0,0,0,0,0,0,0,0,0,0,0,0,0,0,0,0,0,0,0,0,0,0,0,0,0,0,0,0,0,0,0,0,0,0,0,0,0,0,0,0,0,0,0,0,0,0,0,0,0,0,0,0,0,0,0,0,0,0,0,0,0,0,0,0,0,0,0,0,0,0,0,0,0,0,0,0,0,0,0,0
0,0,0,0,0,0,0,0,0,0,0,0,0,0,0,0,0,0,0,0,0,0,0,0,0,0,0,0,0,0,0,0,0,0,0,0,0,0,0,0,0,0,0,0,0,0,0,0,0,0,0,0,0,0,0,0,0,0,0,0,0,0,0,0,0,0,0,0,0,0,0,0,0,0,0,0,0,0,0,0,0,0,0,0,0,0,0,0,0,0,0,0,0,0,0,0,0,0,0,0
0,0,0,0,0,0,0,0,0,0,0,0,0,0,0,0,0,0,0,0,0,0,0,0,0,0,0,0,0,0,0,0,0,0,0,0,0,0,0,0,0,0,0,0,0,0,0,0,0,0,0,0,0,0,0,0,0,0,0,0,0,0,0,0,0,0,0,0,0,0,0,0,0,0,0,0,0,0,0,0,0,0,0,0,0,0,0,0,0,0,0,0,0,0,0,0,0,0,0,0
0,0,0,0,0,0,0,0,0,0,0,0,0,0,0,0,0,0,0,0,0,0,0,0,0,0,0,0,0,0,0,0,0,0,0,0,0,0,0,0,0,0,0,0,0,0,0,0,0,0,0,0,0,0,0,0,0,0,0,0,0,0,0,0,0,0,0,0,0,0,0,0,0,0,0,0,0,0,0,0,0,0,0,0,0,0,0,0,0,0,0,0,0,0,0,0,0,0,0,0
0,0,0,0,0,0,0,0,0,0,0,0,0,0,0,0,0,0,0,0,0,0,0,0,0,0,0,0,0,0,0,0,0,0,0,0,0,0,0,0,0,0,0,0,0,0,0,0,0,0,0,0,0,0,0,0,0,0,0,0,0,0,0,0,0,0,0,0,0,0,0,0,0,0,0,0,0,0,0,0,0,0,0,0,0,0,0,0,0,0,0,0,0,0,0,0,0,0,0,0
0,0,0,0,0,0,0,0,0,0,0,0,0,0,0,0,0,0,0,0,0,0,0,0,0,0,0,0,0,0,0,0,0,0,0,0,0,0,0,0,0,0,0,0,0,0,0,0,0,0,0,0,0,0,0,0,0,0,0,0,0,0,0,0,0,0,0,0,0,0,0,0,0,0,0,0,0,0,0,0,0,0,0,0,0,0,0,0,0,0,0,0,0,0,0,0,0,0,0,0
0,0,0,0,0,0,0,0,0,0,0,0,0,0,0,0,0,0,0,0,0,0,0,0,0,0,0,0,0,0,0,0,0,0,0.000115075608899683,0.000312558798004365,0.00038362033482377,0.000497163587544216,0,0,0,0,0,0,0,0,0,4.14437873444898e-05,4.22196750803514e-05,0,0,0,0,0,0,0,0,0,0,0,0,0,0,0,0,0,0,0,0,0,0,0,0,0,0,0,0,0,0,0,0,0,0,0,0,0,0,0,0,0,0,0,0,0,0,0,0,0,0,0
0,0,0,0,0,0,0,0,0,0,0,0,0,0,0,0,0,0,0,0,0,0,0,0,0,0,0,0,0,0,0,0,0,0,4.37019207133606e-05,0.000125413093625759,0.000563804331140541,0.000415247717189222,0,0,4.79073137238072e-06,4.37812751242862e-06,0,0,0,1.47585035888532e-05,0.00034592590814456,0.000206237734214104,0.000210098803361055,0,0,0,0,0,0,0,0,0,0,0,0,0,0,0,0,0,0,0,0,0,0,0,0,0,0,0,0,0,0,0,0,0,0,0,0,0,0,0,0,0,0,0,0,0,0,0,0,0,0,0
0,0,0,0,0,0,0,0,0,0,0,0,0,0,0,0,0,0,0,0,0,0,0,0,0,0,0,0,4.93877097457627e-05,0.000205587227487082,0.000202216141255955,0.00035043929305128,0.0003254443548365,5.76642027872645e-05,0.000286850871135779,0,3.62146957322043e-05,7.19991232687997e-06,0,0,0.000256459410688255,0.000511469300572015,4.94579457616224e-05,0,0.000376044716843232,0.000520126709469951,0.000475481804250036,0.000300596916652689,3.99059869715805e-05,0,0,0,0,0,0,0,0,0,0,0,0,0,0,0,0,0,0,0,0,0,0,0,0,0,0,0,0,0,0,0,0,0,0,0,0,0,0,0,0,0,0,0,0,0,0,0,0,0,0,0
0,0,0,0,0,0,0,0,0,0,0,0,0,0,0,0,0,0,0,0,0,0,0,0,0,0,0,0,4.74604555714848e-05,0.000288520231324015,0.000866058760201537,0.000448695932704122,0.000490757884900385,0.000216226133147588,0.000214701882395669,0,2.2451975445478e-07,0.000206022317366826,0,0.00016842634166931,0.000217782157673554,0.000254992631164178,0.000144368379866908,9.50448477096905e-05,0.0006273894645862,0.000195174811761768,8.67459393019943e-05,0.000549045555512458,6.26187198500255e-05,0,0,0,0,0,0,0,0,0,0,0,0,0,0,0,0,0,0,0,0,0,0,0,0,0,0,0,0,0,0,0,0,0,0,0,0,0,0,0,0,0,0,0,0,0,0,0,0,0,0,0
0,0,0,0,0,0,0,0,0,0,0,0,0,0,0,0,0,0,0,0,0,0,0,0,0,0,0,0.000143256360485942,3.41288691851965e-05,0.000117496357740714,0.000615354635289096,0.000608277992880268,0.00035659099815776,6.60705688010727e-05,0.000350804043474832,0.000132029926587716,0.000677242321283798,0.000353216216315251,0.000215250024524115,0.0005384941657061,0.000345809843564789,0.000142274740574909,0.000174345915331753,0.000463357640251843,0.000346961073834317,0.00037887197795636,0.000566251075656701,0.000503647214605702,1.92962208698638e-05,4.99704148308224e-05,9.85757873083999e-05,0,0,0,0,0,0,0,0,0,0,0,0,0,0,0,0,0,0,0,0,0,0,0,0,0,0,0,0,0,0,0,0,0,0,0,0,0,0,0,0,0,0,0,0,0,0,0,0,0
0,0,0,0,0,0,0,0,0,0,0,0,0,0,0,0,0,0,0,0,0,0,0,0,0,0,0.000138391553587175,0.000634232411522006,0.000163966999024466,0.000233637876978923,0.000395645054244449,0.000468459396016991,0.000389600347052575,0.000540524412913234,0.000196832603716222,0.000388109006066594,0.000569469801949721,0.000425732891716828,0.000335263917628017,0.000422208148435439,0.000668639370797063,5.98785801358194e-05,0.000380143221561427,0.00046825711707188,0.000712296579808474,0.000126801590509118,0.000187710222313858,0.000345886208228364,2.21609431881741e-05,0.0001182278093957,0.000233225988465078,0.00011274526918133,4.89930351683495e-05,0,0,0,0,0,0,0,0,0,0,0,0,0,0,0,0,0,0,0,0,0,0,0,0,0,0,0,0,0,0,0,0,0,0,0,0,0,0,0,0,0,0,0,0,0,0,0
0,0,0,0,0,0,0,0,0,0,0,0,0,0,0,0,0,0,0,0,0,0,0,2.99266532048046e-05,0.000122943529912078,0.000355457572881919,0.000783728566732769,0.000666585558430322,0.000600545121228006,0.000802652019219435,0.000677907843797862,0.000471239582640226,0.000487379090270101,0.000229297742827016,0.000423882846670465,0.000695720095797496,9.14840069115735e-05,0.00061949017262479,0.000740024436909016,4.3476047171486e-05,4.58694323046062e-05,0.000221405652515699,0.000748587301143493,0.000333910896332554,0.000298466524073972,3.94036912793549e-05,0.000698280034477468,0.000254926960808387,0.000868170130177133,0.000522695190406547,0.000312708697748637,0.000235796993687872,0.000102464701962448,0.000161109743787211,0.000150879137698791,0,0,0,0,0,0,0,0,0,0,0,0,0,0,0,0,0,0,0,0,0,0,0,0,0,0,0,0,0,0,0,0,0,0,0,0,0,0,0,0,0,0,0,0,0
0,0,0,0,0,0,0,0,0,0,0,0,0,0,0,0,0,0,0,0,0,0,0.000137002737159068,0.000360359368536754,0.000406502682507267,0.00140653361499146,0.000984514674629926,0.000800057039039271,0.000593646693138946,0.000452492632612979,0.000434751784615382,0.00114153714128501,0.000771971188775061,0.000147607990599174,0.00082946748498502,0.000629766956014658,0.000193290451872654,0.000104157283905932,0.000418275461694132,0.000241384244630459,0.000785440082411583,9.08809137375944e-05,0.000120247132531898,0.000199387393102679,0.000406055229006172,0.000211806037588416,0.000672542310071751,0.000187917524812568,0.000656692307041196,0.000673048670864461,0.00086971739966222,0.000494716121064319,0,9.70881493874528e-05,9.09229691265454e-05,0,0,0,0,0,0,0,0,0,0,0,0,0,0,0,0,0,0,0,0,0,0,0,0,0,0,0,0,0,0,0,0,0,0,0,0,0,0,0,0,0,0,0,0,0
0,0,0,0,0,0,0,0,0,0,0,0,0,0,0,0,0,0,0,0,0,0,5.56539300680059e-05,7.63577896412129e-05,0.000130570112164316,9.09727474005549e-06,0.00111493515568737,0.00138735904230341,0.000448025420027087,0.000686669011360413,0.000557411455232725,0.000538638859120833,0.000269242377302506,0.000337410342571168,0.00061197526174135,0.000291419146572181,0.000297868960636199,7.87326908845886e-05,0.000551847829298161,0.000318496937280674,0.000197851941311997,1.31622208248601e-05,8.12383575360201e-05,0.000890439605935759,9.55467523478376e-05,0.000340089339918815,0.000152973447675035,0,0.000157292936754729,0.000302671401173175,0.000153898478373933,0.000297487897242783,5.32368429828742e-05,0,0,0,0,0,0,0,0,0,0,0,0,0,0,0,0,0,0,0,0,0,0,0,0,0,0,0,0,0,0,0,0,0,0,0,0,0,0,0,0,0,0,0,0,0,0,0
0,0,0,0,0,0,0,0,0,0,0,0,0,0,0,0,0,0,0,0,0,0,0.000352010370587155,0.000132078288222556,0.000538585910052962,0.000368673933951267,0.00103230145078211,0.000722652369780257,0.00055876632320059,0.000386478494536902,0.00019557746272363,0.00103865380579799,0.000321372495028201,1.77279730712561e-05,0.000357070439328527,9.34876914041772e-05,0.000224172831244431,3.42446187409783e-05,0.000307933991717493,8.67429171246111e-05,0,0.000212528803897955,0.000540786109124374,0.00026620734756555,1.23329972449549e-05,0.000170712419967228,0.000372701275771592,0.000111796916343924,1.36909024091059e-05,3.52219028436432e-05,0.000108484276300681,0.000229930453020322,0.00031986923171309,0,0,0,0,0,0,0,0,0,0,0,0,0,0,0,0,0,0,0,0,0,0,0,0,0,0,0,0,0,0,0,0,0,0,0,0,0,0,0,0,0,0,0,0,0,0,0
0,0,0,0,0,0,0,0,0,0,0,0,0,0,0,0,0,0,0,0,0,0,4.01755250016663e-05,2.20052008160183e-05,0.000819855726725051,0.000576890232502967,0.000571001864060165,0.000467198017003371,0.00076757388075892,0.000818107437636096,0.000140566383863562,0.0011885904960881,0.000663364582734427,0.000592322770089112,0.00068851020318828,0.000468574241905204,0.000685417268015137,0.000201189519239364,0.000239990279044166,0.000544074416793771,0.000151523262475237,0.000732866299975946,0.00064551631954976,0.000136832520462385,0.000180009281698726,1.74990505549001e-05,0.000902267855680138,0.000328636521962194,7.01321537001616e-05,0.00035628466478868,0.000353696041473744,9.37295912336021e-06,0.000242507929729634,0,0,0,0,0,0,0,0,0,0,0,0,0,0,0,0,0,0,0,0,0,0,0,0,0,0,0,0,0,0,0,0,0,0,0,0,0,0,0,0,0,0,0,0,0,0,0
0,0,0,0,0,0,0,0,0,0,0,0,0,0,0,0,0,0,0,0,0.000288448118352978,0.000163681320225556,0.000387581753881749,0.000159592030442341,0.00018733752052602,0.000307942689835763,0.000668256489415962,0.000675780970771991,0.000908417716689759,0.000671969758421739,0.000201835040008503,1.01914573228868e-05,0.000608548195435248,0.000547685391066102,0.000206200751710825,0.00035898912787188,0.000270422285767135,0.000424828312518081,0.0004035576527994,0.000475110079837042,8.01548579894896e-05,0.000306458742871104,0.000940590215381375,0.000565976634891255,0.000206319930593627,0.000120995708620839,0.000272341128827505,7.94509633275129e-05,0.000791271872411356,0.000203808883409148,0,0.000445930881560275,0.000333017990349185,0,0,0,0,0,0,0,0,0,0,0,0,0,0,0,0,0,0,0,0,0,0,0,0,0,0,0,0,0,0,0,0,0,0,0,0,0,0,0,0,0,0,0,0,0,0,0
0,0,0,0,0,0,0,0,0,0,0,0,0,0,0,0,0,0,0,2.25311804720347e-05,8.01394028339574e-05,5.36660729474363e-05,0.000885185600134115,0.00143941781018647,0.00059197260470338,0.000775853681655075,0.000539374346096074,0.00134399217842988,0.000783107762864343,0.000984532818286959,0.000351298348524756,8.82775642371699e-05,6.0742104156744e-05,0.000847113238728667,0.000733487628958985,0.000341512814289029,0.000173841414140063,6.21954152297906e-05,0.000223965934095664,0.0013697831787129,0.000112420198422824,0.000390454693447431,0.000788559994962754,0.000655669386869735,0.000801953585121052,0.000726323817304688,8.80830079585948e-05,0.000457602109881348,0.000467344375753044,0.000301557646764968,0,0.000287842803422732,8.87258000197038e-05,0,0,0,0,0,0,0,0,0,0,0,0,0,0,0,0,0,0,0,0,0,0,0,0,0,0,0,0,0,0,0,0,0,0,0,0,0,0,0,0,0,0,0,0,0,0,0
0,0,0,0,0,0,0,0,0,0,0,0,0,0,0,0,0,0,0,0.000468518192231411,0.000366736409820777,9.87918352353246e-05,0.000707421737701432,0.000777854457651853,0.00105144072198472,0.000900727548181949,0.000668014289242167,0.000812892031548252,0.000256354754925204,0.000248409044610221,0.000389068314351881,0.000243389819729891,0.000469419891926311,0.000329030691326974,0.000305011238061736,0.000342258855610101,0.000223790699834717,0.000253681614267434,1.60762727891555e-05,0.000592103987347559,0.000103464974519052,0.000228955253748291,0.00016984411124976,0.000588073074775267,0.000577412128332964,7.61084929194174e-05,0.000598130824350454,0.000449400609808893,0.000431793412351902,0.000385537251012691,0.000254880915419835,0.000572346109070973,9.66237175039795e-05,0,0,0,0,0,0,0,0,0,0,0,0,0,0,0,0,0,0,0,0,0,0,0,0,0,0,0,0,0,0,0,0,0,0,0,0,0,0,0,0,0,0,0,0,0,0,0
0,0,0,0,0,0,0,0,0,0,0,0,0,0,0,0,0,0,0,0.000278119813706021,0.000594960968638677,0.000230966215771275,0.0012818773710393,0.00191271112157656,0.00162733010729746,0.000574061056564427,0.000588189774387786,0.00117282933286348,0.000642070250622181,0.000143942970181399,0.000425886456813943,0.000706640818773945,0.000559603260082587,0.000438176813410604,0.000299974427759192,0.000425011786126213,2.59851102212489e-05,0.000365135000399601,0,0,0.000166778569819925,0.000189272685297761,0.000494993673586594,0.000402911340663694,0.0001838786198005,1.04073280110731e-05,0.00010506690699725,0.000160746878647537,9.49978575715689e-05,0.000511545918924829,0.000863321368705738,0.000143158863541967,5.42405579541898e-05,1.22941371147903e-05,2.13962414288031e-06,0,0,0,0,0,0,0,0,0,0,0,0,0,0,0,0,0,0,0,0,0,0,0,0,0,0,0,0,0,0,0,0,0,0,0,0,0,0,0,0,0,0,0,0,0
0,0,0,0,0,0,0,0,0,0,0,0,0,0,0,0,0,5.90120288880494e-06,9.37007109674034e-05,0.000906642514492043,0.00135091145827013,0.00247108197944641,0.00216069156428556,0.0010419975847748,0.000927894624530843,0.00080959563352985,0.000936898233693584,0.00065415382993419,0.000626715095415119,0.000537425134658645,0.000516915928942141,0.000652078518330368,0.000306275702216207,0.000383739513936305,0.00080896823975412,0.000918834904589255,0.000213312565022804,0.00060971386877175,0.000429332007472509,0,5.34143315604289e-05,0.000260201898189582,0.000623250780002125,0.000451242324529288,0.000302022431898355,0.00027932115863164,0.000311885145000448,0.000306482765652545,0.000372198283301145,0.000438602691919303,7.93412471241422e-05,0,0,0.000413587131645172,7.19791070971574e-05,0,0,0,0,0,0,0,0,0,0,0,0,0,0,0,0,0,0,0,0,0,0,0,0,0,0,0,0,0,0,0,0,0,0,0,0,0,0,0,0,0,0,0,0,0
0,0,0,0,0,0,0,0,0,0,0,0,0,0,0,0,0,2.37227403685721e-05,0.00037667534577522,0.000748730602247233,0.00104434184023776,0.00222513344171012,0.00270648577667734,0.0014610415932542,0.00207084786388297,0.00072275011029917,0.000757661719429979,0.0016284746447905,0.00115572897460677,0.000659249186600713,0.000759728229401066,0.000361665642436688,0.000611055643660243,0.000568107607201182,0.000417660549518202,0.000174829722026513,0.000541571554359978,0.000680773747928717,0.000656403454564587,8.91286802417945e-05,5.5826322396107e-05,0.000544503487202474,0.000259208907947593,0.000934394961224596,0.000542542959802258,6.15689096514152e-05,0.000587463193658002,0.000605567126631541,0.000340029982810991,0.000270509474627342,0.000482370709923352,0.000452176141311258,0.00018546582204274,4.42876778952973e-05,3.95468196017751e-05,0,0,0,0,0,0,0,0,0,0,0,0,0,0,0,0,0,0,0,0,0,0,0,0,0,0,0,0,0,0,0,0,0,0,0,0,0,0,0,0,0,0,0,0,0
0,0,0,0,0,0,0,0,0,0,0,0,0,0,0,0,0,0,0,0.000402094899198318,0.00111146702136587,0.00175146048208144,0.00265509254114519,0.00193692703914926,0.00157965501639517,0.000688054328624127,0.000509286442459024,0.000552893675734175,0.00113866575289726,0.000811553745904644,1.20868084011337e-05,0.000309273749148538,0.000695907166134043,0.000912532032573629,0.000317959876223138,0.000158484495743837,0.00034914318659182,0.000342446903244795,0.000686788421472087,0.000380585494575976,0.000351583311271048,0.000195820760985689,0.000608317961526699,0.000558971677037753,0.000593458947128432,0.000113060620501143,0.00055339689091198,0.000382647025961606,0.000189356130769979,0.000204833111664566,0.000390691199660232,0.000698619463011325,0.000309996956278987,0.000219849874171761,0.000196315628331166,0,0,0,0,0,0,0,0,0,0,0,0,0,0,0,0,0,0,0,0,0,0,0,0,0,0,0,0,0,0,0,0,0,0,0,0,0,0,0,0,0,0,0,0,0
0,0,0,0,0,0,0,0,0,0,0,0,0,0,0,0,0,0,0,0.00097018054398209,0.00129280753234809,0.0017026805267941,0.00261866224214485,0.00169381590234917,0.00104970443901549,0.00162979812986392,0.00119027807924499,0.000664603486975845,0.000894184085040562,0.000381555095734946,0.000355354098639559,0.000265277766072444,0.000204625781286572,0.000383456714514842,0.000246253124658458,0.000427527010655709,0.000373135615080164,0.000562612725091233,0.000418937965082166,0.000228996226311654,0.000449275821184574,0.000368981060344517,0.000109819992156715,0,9.12903322286246e-05,5.37807016373029e-05,0.000458429526800769,0.000449272842007669,0.000170184467721228,0.000512233073184174,0.000359952005639394,0.000703504676134918,0.000729896391623579,7.07782025888689e-05,0,0,0,0,0,0,0,0,0,0,0,0,0,0,0,0,0,0,0,0,0,0,0,0,0,0,0,0,0,0,0,0,0,0,0,0,0,0,0,0,0,0,0,0,0,0
0,0,0,0,0,0,0,0,0,0,0,0,0,0,0,0,0.000170661470120513,0.000112934320934799,0.0001149277129761,0.000906502051851684,0.00161101918302412,0.00150594899299081,0.00206774475669117,0.00198679585149105,0.00105285620565323,0.00106842850901886,0.000465776147716905,0.000839322627952136,0.00146749177915175,0.000692655617768566,0.000403297679783087,0.000566703952095975,0.000199554358645728,0.000468609569692247,0.000324891983541413,6.93705074168701e-05,0.000343679832091574,0.000338599990615759,0.000745838211096178,3.60670006116449e-05,0.000122058228552547,0.000186919518584436,2.52622371907707e-05,0.000192742027003397,0.000731182801282882,0.00033411219082398,8.07049333986935e-05,0.000162476396345332,0.000108588457794932,0.000990594996649464,0.000353615164425397,0.000246674892160331,0.000257805488455258,0.000134500667424705,0,0,0,0,0,0,0,0,0,0,0,0,0,0,0,0,0,0,0,0,0,0,0,0,0,0,0,0,0,0,0,0,0,0,0,0,0,0,0,0,0,0,0,0,0,0
0,0,0,0,0,0,0,0,0,0,0,0,0,0,0,0,0.000130227110569366,8.61770983753217e-05,0.000105378877998143,0.00083092877283718,0.00232987850897354,0.00288432380295611,0.00394078259672654,0.00260541927864012,0.0020751055491345,0.00154360037427304,0.000784554031253682,0.00107775553435886,0.000957161750031136,0.000985786284560932,0.000666726689338694,0.00128732585743508,0.000636802138647904,0.000652049588455601,0.000849599331700361,0.000711953036550364,0.00030459181069878,0.000440487307533701,0.000298927072167148,0.000360635800391064,0.000207623976063081,0.000995701666508536,0.000562119105849188,0.000879268664730239,0.000453140126830685,0.000428862954215604,0.000511462390850253,0.000569389341670293,0.000122913715506743,0.000426245278932471,0.000461023358729278,0.0011465560521313,0.000521910590916151,0.000278331929093982,7.50285321425075e-05,0,0,0,0,0,0,0,0,0,0,0,0,0,0,0,0,0,0,0,0,0,0,0,0,0,0,0,0,0,0,0,0,0,0,0,0,0,0,0,0,0,0,0,0,0
0,0,0,0,0,0,0,0,0,0,0,0,0,0,0,0,0,0,8.94184949968051e-05,0.00112401870669569,0.00321962884947475,0.00351094019773036,0.00203195651208828,0.00262374415062098,0.00333874537688201,0.0023017483847062,0.00184023783321585,0.000965198740631336,0.000435043613391736,0.00238929807944472,0.00162812358802095,0.000414197916685248,0.000617585075422333,0.000250808845571768,0.000576004913072899,0.000489818931921023,0.000589719116119536,0.000452892258072979,0.000499094270103348,0.000309422828847761,0.000754209663028194,0.000536802718786588,0.00118172637467501,0.000679520512760767,0.000178082925356604,0.000430607712339238,0.00056292368100977,0.000289964918128527,0.000149930123918593,0.000319810706435577,0.000190023845169011,0.000747852705131605,0.000329585039453068,0.000158398836096737,0.000209972754287335,0,0,0,0,0,0,0,0,0,0,0,0,0,0,0,0,0,0,0,0,0,0,0,0,0,0,0,0,0,0,0,0,0,0,0,0,0,0,0,0,0,0,0,0,0
0,0,0,0,0,0,0,0,0,0,0,0,0,0,0,0,0,6.05824026033674e-05,0.000301176291763787,0.00084618078513252,0.00323754217384369,0.00340088710909574,0.00243400011830274,0.00328523426542312,0.00325530873532468,0.00190021368244283,0.00287171769814406,0.00235536925654193,0.00124730267892295,0.00199473674812913,0.00291164909176571,0.00091090564284084,0.00144573257653862,0.000538476317927577,0.000842801216093758,0.00112763950476834,0.00110977840639484,0.000102821106011723,6.27915437816159e-05,0.000129637710510184,0.000761082450693477,0.000485085899853972,0.00015607478551923,0.000388138384395493,0.00112207333866489,0.00126701984873741,0.00076460173424191,0.000206740982068013,0.000552236209348395,6.80137020888635e-05,0.000673007768573201,0.00135445529604828,0.00042777852575495,0,0,0,0,0,0,0,0,0,0,0,0,0,0,0,0,0,0,0,0,0,0,0,0,0,0,0,0,0,0,0,0,0,0,0,0,0,0,0,0,0,0,0,0,0,0,0
0,0,0,0,0,0,0,0,0,0,0,0,0,0,0,0,0,8.56661809653796e-05,0.00111122409695594,0.00146158534640136,0.00211242813049631,0.00234724923969171,0.00315095302597785,0.00403471823319149,0.00404828938654159,0.00307619549715088,0.00353021785257423,0.00297615863192218,0.0023833621181814,0.00221159996336204,0.0026152180716497,0.00174271173430992,0.000900008941497253,0.000837438415644329,0.000636663783008652,0.000970382677952194,0.000795967921003294,8.84863808874765e-05,0.000408385240320859,0.000234286105763442,0.0005453609717189,0.000448203067673652,0.000328047211957303,0.000309627899956743,0.000937385126964443,0.000460260289757837,0.000322352682511478,0.000108896919461038,0.000743408464381617,0.000348896737578637,0.000714101862258107,0.00121932252226476,0.000138250820435956,0,0,0,0,0,0,0,0,0,0,0,0,0,0,0,0,0,0,0,0,0,0,0,0,0,0,0,0,0,0,0,0,0,0,0,0,0,0,0,0,0,0,0,0,0,0,0
0,0,0,0,0,0,0,0,0,0,0,0,0,0,0,0,0,0,0.000892255143321235,0.00150395443237243,0.00295154726611136,0.00419595002495093,0.00286082089188612,0.00513344084796127,0.00427587322423958,0.00474147291506684,0.0032494020951526,0.00330049586354055,0.00543986446214608,0.0049843992393696,0.00293441037870472,0.00217234321122394,0.00177810984268691,0.000160147365218995,0.000987361190549797,0.000272002256001958,0.000419797610154142,0.000264001099537654,0.000312639527533853,0.00036064784753378,0.00106108177955854,0.000354504893191867,0.00035708055860985,0.000319420876993854,0.000661026617494345,0.000216433994102725,0.000575273232652649,0.000145852041553861,0.000871411868740893,0.000280865327125396,0.000211648264892445,0.000217062586934498,5.77295836654086e-06,0,0,0,0,0,0,0,0,0,0,0,0,0,0,0,0,0,0,0,0,0,0,0,0,0,0,0,0,0,0,0,0,0,0,0,0,0,0,0,0,0,0,0,0,0,0,0
0,0,0,0,0,0,0,0,0,0,0,0,0,0,0,0,0,0.000128560543560079,0.000988885866419139,0.00195467078261533,0.00288106410259822,0.00356068675062386,0.00391904934939343,0.00432232270991414,0.00547187282628446,0.00336489383406121,0.00300786714252849,0.00398322142837685,0.00439201946900511,0.00295219472184942,0.00333211935977007,0.00213257870440016,0.000921588092328533,0.000359571774436598,0.000810502136041052,0.000555716043895677,0.000414867495063836,0.000222333735616473,9.19844234940347e-05,0.000376176541996201,0.000460635503057039,0.000532916495771384,0.000205845023751815,0.000355442642408575,0.000830134145487418,0.000726715310758096,0.000477123727892901,0.000324273562064568,0.000551262730648983,0.000436855070505827,0.000172322653428923,0.000384868517562982,9.89150976394502e-05,0,0,0,0,0,0,0,0,0,0,0,0,0,0,0,0,0,0,0,0,0,0,0,0,0,0,0,0,0,0,0,0,0,0,0,0,0,0,0,0,0,0,0,0,0,0,0
0,0,0,0,0,0,0,0,0,0,0,0,0,0,0,0,0,0.000131553627045731,0.00120202087288733,0.000553627470875506,0.00134959503716951,0.00395645114931172,0.00482439297824791,0.00568314890889539,0.00596402725068052,0.0033172406705694,0.00413705955101942,0.00323362342025515,0.00344353277261463,0.0028510476889431,0.00216444130240413,0.00188330320278306,0.00130668286199489,0.000846360164561988,0.00101952053364542,0.00033846580165603,0.000796526702921368,0.000536199638296609,0.0006384208353461,0.000326167204240681,0.000519545025776062,0.00075244386439037,0.000123686451374301,0.000363435651007468,0.00050010239929293,0.00136468517733739,0.000928016486179109,0.000710552947279592,0.000651627588265899,0.000314084890186373,0.000157947328538563,0.000428973889812069,0.000425372067210364,0,0,0,0,0,0,0,0,0,0,0,0,0,0,0,0,0,0,0,0,0,0,0,0,0,0,0,0,0,0,0,0,0,0,0,0,0,0,0,0,0,0,0,0,0,0,0
0,0,0,0,0,0,0,0,0,0,0,0,0,0,0,0,0,0,0.000284250927294606,0.00144495991051124,0.00205931803617928,0.00454919290772295,0.005964329925166,0.00456534426075369,0.00546153297324152,0.00409454225462156,0.00675716775318918,0.00386282239587785,0.00518153791926565,0.00413859699628644,0.00332172864394771,0.00168680533557562,0.00117315811491287,0.000348123144559396,0.00060558304797949,0.000839285394077602,0.000551695745289073,0.000903110712735314,0.000216997789150965,0.000324573802922558,0.000998879193023696,0.00048181600094581,0.0013652539681789,0.00101230108686273,0.000873251083955542,0.000643783005707154,0.00146474137207859,0.000392585505120495,0.000244023654442413,0.00012289870289692,3.91137459521864e-05,2.27683794934112e-05,6.35774535857532e-05,0,0,0,0,0,0,0,0,0,0,0,0,0,0,0,0,0,0,0,0,0,0,0,0,0,0,0,0,0,0,0,0,0,0,0,0,0,0,0,0,0,0,0,0,0,0,0
0,0,0,0,0,0,0,0,0,0,0,0,0,0,0,0,0,0,0.000227169811524668,0.000926342432031929,0.00244844588788565,0.00401296706264195,0.00700465153995719,0.00568013368186047,0.00484583139189951,0.0043440611880141,0.00386619753172772,0.00351905312936324,0.00376072103968775,0.00429100680065813,0.00333276266748988,0.00186635942062365,0.00270543653490746,0.000772051931447138,0.00128861674566856,0.000731868649966825,0.00033573653556429,0.000875563327008349,0.0005522851021644,0.000621426901274505,0.00140399430788824,0.00166372768787623,0.00119280331489235,0.000861598941242112,0.00156717461955315,0.000599877722723956,0.000858201237966754,0.00043552591408236,0.000125138316958805,0,0,0,0,0,0,0,0,0,0,0,0,0,0,0,0,0,0,0,0,0,0,0,0,0,0,0,0,0,0,0,0,0,0,0,0,0,0,0,0,0,0,0,0,0,0,0,0,0,0,0
0,0,0,0,0,0,0,0,0,0,0,0,0,0,0,0,0,0,0.000100171135475219,0.000263467884464202,0.00145711753117189,0.00325021196837926,0.00414883105416843,0.00496383746452721,0.00499549158119781,0.0051923356192055,0.00408624364489391,0.00321839446726327,0.00400346764164133,0.00454428679184459,0.00157150621065459,0.00220050111141811,0.00270635298511342,0.00148532298212677,0.00165013525560234,0.00266707299680447,0.00223905967394649,0.00123087784766703,0.00107178795809489,0.00108410243748909,0.00134379443429478,0.00072278315069738,0.00205809605930047,0.0013557108595899,0.000912125002786245,0.000782386920414049,0.000482195972435213,0.000226765710747291,0.000121080230081694,0,0,0,0,0,0,0,0,0,0,0,0,0,0,0,0,0,0,0,0,0,0,0,0,0,0,0,0,0,0,0,0,0,0,0,0,0,0,0,0,0,0,0,0,0,0,0,0,0,0,0
0,0,0,0,0,0,0,0,0,0,0,0,0,0,0,0,0,0,6.50111574609984e-05,0.000293767500421835,0.000872430275257179,0.000755308646434231,0.00244085444676755,0.00400831144203664,0.00477768503718968,0.0045978284769516,0.00353734574808097,0.00347459515588594,0.00317807155510799,0.00321200262719071,0.00361203616649855,0.00411826000502119,0.00256153921240604,0.0025210719118446,0.00246893580094827,0.00201864179273971,0.00202275827687149,0.00151978698182796,0.00110399742880175,0.0022213517438642,0.00150657641251801,0.000492324576109637,0.0012323652392599,0.000317112179357599,0.000328377828657866,6.05966354576186e-05,0.00019079573238108,0.000595349548605523,3.00616613944099e-05,0,0,0,0,0,0,0,0,0,0,0,0,0,0,0,0,0,0,0,0,0,0,0,0,0,0,0,0,0,0,0,0,0,0,0,0,0,0,0,0,0,0,0,0,0,0,0,0,0,0,0
0,0,0,0,0,0,0,0,0,0,0,0,0,0,0,0,0,0,0,0.00017727071263511,0.000281486892207382,0.000446943519273792,0.000997340883687758,0.00295381455648395,0.00294334145386182,0.00373443648199051,0.00473077387032983,0.00475035354553048,0.00439554115175425,0.0022290525760885,0.00308292816999215,0.00407901604938371,0.00301441600128276,0.00451855986507843,0.00263922546942911,0.0024233316297902,0.00201766580236735,0.00179070021240325,0.00200806593105763,0.00256742185963159,0.00117400741945175,0.000379676609378227,0.000380683483455519,0.000253505524443886,0.000113598174153148,0,0,0.000101491574131125,8.47569597362914e-06,0,0,0,0,0,0,0,0,0,0,0,0,0,0,0,0,0,0,0,0,0,0,0,0,0,0,0,0,0,0,0,0,0,0,0,0,0,0,0,0,0,0,0,0,0,0,0,0,0,0,0
0,0,0,0,0,0,0,0,0,0,0,0,0,0,0,0,0,0,0,0,0.000123585223642613,0.00062774678004985,0.000615812046122951,0.00198543297910218,0.00249460041153611,0.00324857837695298,0.00287619886165265,0.00394249177448835,0.00276458477545054,0.00404815296802987,0.0024733331674792,0.00337962353163313,0.00187778452117791,0.00239402954155333,0.00374040941684588,0.00261280669807137,0.00177141812563215,0.0021609799467451,0.001867360805291,0.00185564978968736,0.000640404246565722,0.00039976110311325,0.000266390717673438,0.000404403949224241,0.000228492352178725,0,0,0,0,0,0,0,0,0,0,0,0,0,0,0,0,0,0,0,0,0,0,0,0,0,0,0,0,0,0,0,0,0,0,0,0,0,0,0,0,0,0,0,0,0,0,0,0,0,0,0,0,0,0,0
0,0,0,0,0,0,0,0,0,0,0,0,0,0,0,0,0,0,0,0,0,3.7813516762649e-06,8.00070311562727e-05,0.00105876628264048,0.000853413762229262,0.000745219169289346,0.00116674485806608,0.00154243425647305,0.00123153838870617,0.000730451484734591,0.00173483181224311,0.00141709327841474,0.0010304693971294,0.00154509668773087,0.00207947736763274,0.00102980271639904,0.000502927881557364,0.000504878165564688,0.000714477622840288,0.000445629429952965,0.00044888044713712,0.000358175449526298,0,0,0,0,0,0,0,0,0,0,0,0,0,0,0,0,0,0,0,0,0,0,0,0,0,0,0,0,0,0,0,0,0,0,0,0,0,0,0,0,0,0,0,0,0,0,0,0,0,0,0,0,0,0,0,0,0,0
0,0,0,0,0,0,0,0,0,0,0,0,0,0,0,0,0,0,0,0,0,3.12619185204143e-05,0.000414785472961,0.000341428987931886,0.000169194815009981,0.000455574808981763,0.000436054562871074,0.000310628092103243,0.000488748552321168,5.06928270728788e-05,0.000932000202555884,0.000828440821609661,0.000704293085775528,0.000765205033456808,0.00091377110291828,0.000699710919663503,0,0,7.54442860032707e-05,6.88582746653641e-05,1.56775022253807e-05,1.34186002705822e-05,0,0,0,0,0,0,0,0,0,0,0,0,0,0,0,0,0,0,0,0,0,0,0,0,0,0,0,0,0,0,0,0,0,0,0,0,0,0,0,0,0,0,0,0,0,0,0,0,0,0,0,0,0,0,0,0,0,0
0,0,0,0,0,0,0,0,0,0,0,0,0,0,0,0,0,0,0,0,0,0,0,0,0,0,0,0,0.000210898802621413,5.9886555169927e-05,5.89286836556348e-05,0.000173841252864295,0.000242211852959619,0.00035890789474894,0,0,0,0,0,0,0,0,0,0,0,0,0,0,0,0,0,0,0,0,0,0,0,0,0,0,0,0,0,0,0,0,0,0,0,0,0,0,0,0,0,0,0,0,0,0,0,0,0,0,0,0,0,0,0,0,0,0,0,0,0,0,0,0,0,0
0,0,0,0,0,0,0,0,0,0,0,0,0,0,0,0,0,0,0,0,0,0,0,0,0,0,0,0.000142811664492489,7.24414082766477e-05,0,0,0,0,0,0,0,0,0,0,0,0,0,0,0,0,0,0,0,0,0,0,0,0,0,0,0,0,0,0,0,0,0,0,0,0,0,0,0,0,0,0,0,0,0,0,0,0,0,0,0,0,0,0,0,0,0,0,0,0,0,0,0,0,0,0,0,0,0,0,0
0,0,0,0,0,0,0,0,0,0,0,0,0,0,0,0,0,0,0,0,0,0,0,0,0,0,0,0.000188918012244013,9.58289149868498e-05,0,0,0,0,0,0,0,0,0,0,0,0,0,0,0,0,0,0,0,0,0,0,0,0,0,0,0,0,0,0,0,0,0,0,0,0,0,0,0,0,0,0,0,0,0,0,0,0,0,0,0,0,0,0,0,0,0,0,0,0,0,0,0,0,0,0,0,0,0,0,0
0,0,0,0,0,0,0,0,0,0,0,0,0,0,0,0,0,0,0,0,0,0,0,0,0,0,0,0,0,0,0,0,0,0,0,0,0,0,0,0,0,0,0,0,0,0,0,0,0,0,0,0,0,0,0,0,0,0,0,0,0,0,0,0,0,0,0,0,0,0,0,0,0,0,0,0,0,0,0,0,0,0,0,0,0,0,0,0,0,0,0,0,0,0,0,0,0,0,0,0
0,0,0,0,0,0,0,0,0,0,0,0,0,0,0,0,0,0,0,0,0,0,0,0,0,0,0,0,0,0,0,0,0,0,0,0,0,0,0,0,0,0,0,0,0,0,0,0,0,0,0,0,0,0,0,0,0,0,0,0,0,0,0,0,0,0,0,0,0,0,0,0,0,0,0,0,0,0,0,0,0,0,0,0,0,0,0,0,0,0,0,0,0,0,0,0,0,0,0,0
0,0,0,0,0,0,0,0,0,0,0,0,0,0,0,0,0,0,0,0,0,0,0,0,0,0,0,0,0,0,0,0,0,0,0,0,0,0,0,0,0,0,0,0,0,0,0,0,0,0,0,0,0,0,0,0,0,0,0,0,0,0,0,0,0,0,0,0,0,0,0,0,0,0,0,0,0,0,0,0,0,0,0,0,0,0,0,0,0,0,0,0,0,0,0,0,0,0,0,0
0,0,0,0,0,0,0,0,0,0,0,0,0,0,0,0,0,0,0,0,0,0,0,0,0,0,0,0,0,0,0,0,0,0,0,0,0,0,0,0,0,0,0,0,0,0,0,0,0,0,0,0,0,0,0,0,0,0,0,0,0,0,0,0,0,0,0,0,0,0,0,0,0,0,0,0,0,0,0,0,0,0,0,0,0,0,0,0,0,0,0,0,0,0,0,0,0,0,0,0
0,0,0,0,0,0,0,0,0,0,0,0,0,0,0,0,0,0,0,0,0,0,0,0,0,0,0,0,0,0,0,0,0,0,0,0,0,0,0,0,0,0,0,0,0,0,0,0,0,0,0,0,0,0,0,0,0,0,0,0,0,0,0,0,0,0,0,0,0,0,0,0,0,0,0,0,0,0,0,0,0,0,0,0,0,0,0,0,0,0,0,0,0,0,0,0,0,0,0,0
0,0,0,0,0,0,0,0,0,0,0,0,0,0,0,0,0,0,0,0,0,0,0,0,0,0,0,0,0,0,0,0,0,0,0,0,0,0,0,0,0,0,0,0,0,0,0,0,0,0,0,0,0,0,0,0,0,0,0,0,0,0,0,0,0,0,0,0,0,0,0,0,0,0,0,0,0,0,0,0,0,0,0,0,0,0,0,0,0,0,0,0,0,0,0,0,0,0,0,0
0,0,0,0,0,0,0,0,0,0,0,0,0,0,0,0,0,0,0,0,0,0,0,0,0,0,0,0,0,0,0,0,0,0,0,0,0,0,0,0,0,0,0,0,0,0,0,0,0,0,0,0,0,0,0,0,0,0,0,0,0,0,0,0,0,0,0,0,0,0,0,0,0,0,0,0,0,0,0,0,0,0,0,0,0,0,0,0,0,0,0,0,0,0,0,0,0,0,0,0
0,0,0,0,0,0,0,0,0,0,0,0,0,0,0,0,0,0,0,0,0,0,0,0,0,0,0,0,0,0,0,0,0,0,0,0,0,0,0,0,0,0,0,0,0,0,0,0,0,0,0,0,0,0,0,0,0,0,0,0,0,0,0,0,0,0,0,0,0,0,0,0,0,0,0,0,0,0,0,0,0,0,0,0,0,0,0,0,0,0,0,0,0,0,0,0,0,0,0,0
0,0,0,0,0,0,0,0,0,0,0,0,0,0,0,0,0,0,0,0,0,0,0,0,0,0,0,0,0,0,0,0,0,0,0,0,0,0,0,0,0,0,0,0,0,0,0,0,0,0,0,0,0,0,0,0,0,0,0,0,0,0,0,0,0,0,0,0,0,0,0,0,0,0,0,0,0,0,0,0,0,0,0,0,0,0,0,0,0,0,0,0,0,0,0,0,0,0,0,0
0,0,0,0,0,0,0,0,0,0,0,0,0,0,0,0,0,0,0,0,0,0,0,0,0,0,0,0,0,0,0,0,0,0,0,0,0,0,0,0,0,0,0,0,0,0,0,0,0,0,0,0,0,0,0,0,0,0,0,0,0,0,0,0,0,0,0,0,0,0,0,0,0,0,0,0,0,0,0,0,0,0,0,0,0,0,0,0,0,0,0,0,0,0,0,0,0,0,0,0
0,0,0,0,0,0,0,0,0,0,0,0,0,0,0,0,0,0,0,0,0,0,0,0,0,0,0,0,0,0,0,0,0,0,0,0,0,0,0,0,0,0,0,0,0,0,0,0,0,0,0,0,0,0,0,0,0,0,0,0,0,0,0,0,0,0,0,0,0,0,0,0,0,0,0,0,0,0,0,0,0,0,0,0,0,0,0,0,0,0,0,0,0,0,0,0,0,0,0,0
0,0,0,0,0,0,0,0,0,0,0,0,0,0,0,0,0,0,0,0,0,0,0,0,0,0,0,0,0,0,0,0,0,0,0,0,0,0,0,0,0,0,0,0,0,0,0,0,0,0,0,0,0,0,0,0,0,0,0,0,0,0,0,0,0,0,0,0,0,0,0,0,0,0,0,0,0,0,0,0,0,0,0,0,0,0,0,0,0,0,0,0,0,0,0,0,0,0,0,0
0,0,0,0,0,0,0,0,0,0,0,0,0,0,0,0,0,0,0,0,0,0,0,0,0,0,0,0,0,0,0,0,0,0,0,0,0,0,0,0,0,0,0,0,0,0,0,0,0,0,0,0,0,0,0,0,0,0,0,0,0,0,0,0,0,0,0,0,0,0,0,0,0,0,0,0,0,0,0,0,0,0,0,0,0,0,0,0,0,0,0,0,0,0,0,0,0,0,0,0
0,0,0,0,0,0,0,0,0,0,0,0,0,0,0,0,0,0,0,0,0,0,0,0,0,0,0,0,0,0,0,0,0,0,0,0,0,0,0,0,0,0,0,0,0,0,0,0,0,0,0,0,0,0,0,0,0,0,0,0,0,0,0,0,0,0,0,0,0,0,0,0,0,0,0,0,0,0,0,0,0,0,0,0,0,0,0,0,0,0,0,0,0,0,0,0,0,0,0,0
0,0,0,0,0,0,0,0,0,0,0,0,0,0,0,0,0,0,0,0,0,0,0,0,0,0,0,0,0,0,0,0,0,0,0,0,0,0,0,0,0,0,0,0,0,0,0,0,0,0,0,0,0,0,0,0,0,0,0,0,0,0,0,0,0,0,0,0,0,0,0,0,0,0,0,0,0,0,0,0,0,0,0,0,0,0,0,0,0,0,0,0,0,0,0,0,0,0,0,0
0,0,0,0,0,0,0,0,0,0,0,0,0,0,0,0,0,0,0,0,0,0,0,0,0,0,0,0,0,0,0,0,0,0,0,0,0,0,0,0,0,0,0,0,0,0,0,0,0,0,0,0,0,0,0,0,0,0,0,0,0,0,0,0,0,0,0,0,0,0,0,0,0,0,0,0,0,0,0,0,0,0,0,0,0,0,0,0,0,0,0,0,0,0,0,0,0,0,0,0
0,0,0,0,0,0,0,0,0,0,0,0,0,0,0,0,0,0,0,0,0,0,0,0,0,0,0,0,0,0,0,0,0,0,0,0,0,0,0,0,0,0,0,0,0,0,0,0,0,0,0,0,0,0,0,0,0,0,0,0,0,0,0,0,0,0,0,0,0,0,0,0,0,0,0,0,0,0,0,0,0,0,0,0,0,0,0,0,0,0,0,0,0,0,0,0,0,0,0,0
