0,0,0,0,0,0,0,0,0,0,0,0,0,0,0,0,0,0,0,0,0,0,0,0,0,0,0,0,0,0,0,0,0,0,0,0,0,0,0,0,0,0,0,0,0,0,0,0,0,0,0,0,0,0,0,0,0,0,0,0,0,0,0,0,0,0,0,0,0,0,0,0,0,0,0,0,0,0,0,0,0,0,0,0,0,0,0,0,0,0,0,0,0,0,0,0,0,0,0,0
0,0,0,0,0,0,0,0,0,0,0,0,0,0,0,0,0,0,0,0,0,0,0,0,0,0,0,0,0,0,0,0,0,0,0,0,0,0,0,0,0,0,0,0,0,0,0,0,0,0,0,0,0,0,0,0,0,0,0,0,0,0,0,0,0,0,0,0,0,0,0,0,0,0,0,0,0,0,0,0,0,0,0,0,0,0,0,0,0,0,0,0,0,0,0,0,0,0,0,0
0,0,0,0,0,0,0,0,0,0,0,0,0,0,0,0,0,0,0,0,0,0,0,0,0,0,0,0,0,0,0,0,0,0,0,0,0,0,0,0,0,0,0,0,0,0,0,0,0,0,0,0,0,0,0,0,0,0,0,0,0,0,0,0,0,0,0,0,0,0,0,0,0,0,0,0,0,0,0,0,0,0,0,0,0,0,0,0,0,0,0,0,0,0,0,0,0,0,0,0
0,0,0,0,0,0,0,0,0,0,0,0,0,0,0,0,0,0,0,0,0,0,0,0,0,0,0,0,0,0,0,0,0,0,0,0,0,0,0,0,0,0,0,0,0,0,0,0,0,0,0,0,0,0,0,0,0,0,0,0,0,0,0,0,0,0,0,0,0,0,0,0,0,0,0,0,0,0,0,0,0,0,0,0,0,0,0,0,0,0,0,0,0,0,0,0,0,0,0,0
0,0,0,0,0,0,0,0,0,0,0,0,0,0,0,0,0,0,0,0,0,0,0,0,0,0,0,0,0,0,0,0,0,0,0,0,0,0,0,0,0,0,0,0,0,0,0,0,0,0,0,0,0,0,0,0,0,0,0,0,0,0,0,0,0,0,0,0,0,0,0,0,0,0,0,0,0,0,0,0,0,0,0,0,0,0,0,0,0,0,0,0,0,0,0,0,0,0,0,0
0,0,0,0,0,0,0,0,0,0,0,0,0,0,0,0,0,0,0,0,0,0,0,0,0,0,0,0,0,0,0,0,0,0,0,0,0,0,0,0,0,0,0,0,0,0,0,0,0,0,0,0,0,0,0,0,0,0,0,0,0,0,0,0,0,0,0,0,0,0,0,0,0,0,0,0,0,0,0,0,0,0,0,0,0,0,0,0,0,0,0,0,0,0,0,0,0,0,0,0
0,0,0,0,0,0,0,0,0,0,0,0,0,0,0,0,0,0,0,0,0,0,0,0,0,0,0,0,0,0,0,0,0,0,0,0,0,0,0,0,0,0,0,0,0,0,0,0,0,0,0,0,0,0,0,0,0,0,0,0,0,0,0,0,0,0,0,0,0,0,0,0,0,0,0,0,0,0,0,0,0,0,0,0,0,0,0,0,0,0,0,0,0,0,0,0,0,0,0,0
0,0,0,0,0,0,0,0,0,0,0,0,0,0,0,0,0,0,0,0,0,0,0,0,0,0,0,0,0,0,0,0,0,0,0,0,0,0,0,0,0,0,0,0,0,0,0,0,0,0,0,0,0,0,0,0,0,0,0,0,0,0,0,0,0,0,0,0,0,0,0,0,0,0,0,0,0,0,0,0,0,0,0,0,0,0,0,0,0,0,0,0,0,0,0,0,0,0,0,0
0,0,0,0,0,0,0,0,0,0,0,0,0,0,0,0,0,0,0,0,0,0,0,0,0,0,0,0,0,0,0,0,0,0,0,0,0,0,0,0,0,0,0,0,0,0,0,0,0,0,0,0,0,0,0,0,0,0,0,0,0,0,0,0,0,0,0,0,0,0,0,0,0,0,0,0,0,0,0,0,0,0,0,0,0,0,0,0,0,0,0,0,0,0,0,0,0,0,0,0
0,0,0,0,0,0,0,0,0,0,0,0,0,0,0,0,0,0,0,0,0,0,0,0,0,0,0,0,0,0,0,0,0,0,0,0,0,0,0,0,0,0,0,0,0,0,0,0,0,0,0,0,0,0,0,0,0,0,0,0,0,0,0,0,0,0,0,0,0,0,0,0,0,0,0,0,0,0,0,0,0,0,0,0,0,0,0,0,0,0,0,0,0,0,0,0,0,0,0,0
0,0,0,0,0,0,0,0,0,0,0,0,0,0,0,0,0,0,0,0,0,0,0,0,0,0,0,0,0,0,0,0,0,0,0,0,0,0,0,0,0,0,0,0,0,0,0,0,0,0,0,0,0,0,0,0,0,0,0,0,0,0,0,0,0,0,0,0,0,0,0,0,0,0,0,0,0,0,0,0,0,0,0,0,0,0,0,0,0,0,0,0,0,0,0,0,0,0,0,0
0,0,0,0,0,0,0,0,0,0,0,0,0,0,0,0,0,0,0,0,0,0,0,0,0,0,0,0,0,0,0,0,0,0,0,0,0,0,0,0,0,0,0,0,0,0,0,0,0,0,0,0,0,0,0,0,0,0,0,0,0,0,0,0,0,0,0,0,0,0,0,0,0,0,0,0,0,0,0,0,0,0,0,0,0,0,0,0,0,0,0,0,0,0,0,0,0,0,0,0
0,0,0,0,0,0,0,0,0,0,0,0,0,0,0,0,0,0,0,0,0,0,0,0,0,0,0,0,0,0,0,0,0,0,0,0,0,0,0,0,0,0,0,0,0,0,0,0,0,0,0,0,0,0,0,0,0,0,0,0,0,0,0,0,0,0,0,0,0,0,0,0,0,0,0,0,0,0,0,0,0,0,0,0,0,0,0,0,0,0,0,0,0,0,0,0,0,0,0,0
0,0,0,0,0,0,0,0,0,0,0,0,0,0,0,0,0,0,0,0,0,0,0,0,0,0,0,0,0,0,0,0,0,0,0,0,0,0,0,0,0,0,0,0,0,0,0,0,0,0,0,0,0,0,0,0,0,0,0,0,0,0,0,0,0,0,0,0,0,0,0,0,0,0,0,0,0,0,0,0,0,0,0,0,0,0,0,0,0,0,0,0,0,0,0,0,0,0,0,0
0,0,0,0,0,0,0,0,0,0,0,0,0,0,0,0,0,0,0,0,0,0,0,0,0,0,0,0,0,0,0,0,0,0,0,0,0,0,0,0,0,0,0,0,0,0,0,0,0,0,0,0,0,0,0,0,0,0,0,0,0,0,0,0,0,0,0,0,0,0,0,0,0,0,0,0,0,0,0,0,0,0,0,0,0,0,0,0,0,0,0,0,0,0,0,0,0,0,0,0
0,0,0,0,0,0,0,0,0,0,0,0,0,0,0,0,0,0,0,0,0,0,0,0,0,0,0,0,0,0,0,0,0,0,0,0,0,0,0,0,0,0,0,0,0,0,0,0,0,0,0,0,0,0,0,0,0,0,0,0,0,0,0,0,0,0,0,0,0,0,0,0,0,0,0,0,0,0,0,0,0,0,0,0,0,0,0,0,0,0,0,0,0,0,0,0,0,0,0,0
0,0,0,0,0,0,0,0,0,0,0,0,0,0,0,0,0,0,0,0,0,0,0,0,0,0,0,0,0,0,0,0,0,0,0,0,0,0,0,0,0,0,0,0,0,0,0,0,0,0,0,0,0,0,0,0,0,0,0,0,0,0,0,0,0,0,0,0,0,0,0,0,0,0,0,0,0,0,0,0,0,0,0,0,0,0,0,0,0,0,0,0,0,0,0,0,0,0,0,0
0,0,0,0,0,0,0,0,0,0,0,0,0,0,0,0,0,0,0,0,0,0,0,0,0,0,0,0,0,0,0,0,0,0,0,0,0,0,0,0,0,0,0,0,0,0,0,0,0,0,0,0,0,0,0,0,0,0,0,0,0,0,0,0,0,0,0,0,0,0,0,0,0,0,0,0,0,0,0,0,0,0,0,0,0,0,0,0,0,0,0,0,0,0,0,0,0,0,0,0
0,0,0,0,0,0,0,0,0,0,0,0,0,0,0,0,0,0,0,0,0,0,0,0,0,0,0,0,0,0,0,0,0,0,0,0,0,0,0,0,0,0,0,0,0,0,0,0,0,0,0,0,0,0,0,0,0,0,0,0,0,0,0,0,0,0,0,0,0,0,0,0,0,0,0,0,0,0,0,0,0,0,0,0,0,0,0,0,0,0,0,0,0,0,0,0,0,0,0,0
0,0,0,0,0,0,0,0,0,0,0,0,0,0,0,0,0,0,0,0,0,0,0,0,0,0,0,0,0,0,0,0,0,0,0,0,0,0,0,0,0,0,0,0,0,0,0,0,0,0,0,0,0,0,0,0,0,0,0,0,0,0,0,0,0,0,0,0,0,0,0,0,0,0,0,0,0,0,0,0,0,0,0,0,0,0,0,0,0,0,0,0,0,0,0,0,0,0,0,0
0,0,0,0,0,0,0,0,0,0,0,0,0,0,0,0,0,0,0,0,0,0,0,0,0,0,0,0,0,0,0,0,0,0,0,0,0,0,0,0,0,0,0,0,0,0,0,0,0,0,0,0,0,0,0,0,0,0,0,0,0,0,0,0,0,0,0,0,0,0,0,0,0,0,0,0,0,0,0,0,0,0,0,0,0,0,0,0,0,0,0,0,0,0,0,0,0,0,0,0
0,0,0,0,0,0,0,0,0,0,0,0,0,0,0,0,0,0,0,0,0,0,0,0,0,0,0,0,0,0,0,0,0,0,0,0,0,0,0,0,0,0,0,0,0,0,0,0,0,0,0,0,0,0,0,0,0,0,0,0,0,0,0,0,0,0,0,0,0,0,0,0,0,0,0,0,0,0,0,0,0,0,0,0,0,0,0,0,0,0,0,0,0,0,0,0,0,0,0,0
0,0,0,0,0,0,0,0,0,0,0,0,0,0,0,0,0,0,0,0,0,0,0,0,0,0,0,0,0,0,0,0,0,0,0,0,0,0,0,0,0,0,0,0,0,0,0,0,0,0,0,0,0,0,0,0,0,0,0,0,0,0,0,0,0,0,0,0,0,0,0,0,0,0,0,0,0,0,0,0,0,0,0,0,0,0,0,0,0,0,0,0,0,0,0,0,0,0,0,0
0,0,0,0,0,0,0,0,0,0,0,0,0,0,0,0,0,0,0,0,0,0,0,0,0,0,0,0,0,0,0,0,0,0,0,0,0,0,0,0,0,0,0,0,0,0,0,0,0,0,0,0,0,0,0,0,0,0,0,0,0,0,0,0,0,0,0,0,0,0,0,0,0,0,0,0,0,0,0,0,0,0,0,0,0,0,0,0,0,0,0,0,0,0,0,0,0,0,0,0
0,0,0,0,0,0,0,0,0,0,0,0,0,0,0,0,0,0,0,0,0,0,0,0,0,0,0,0,0,0,0,0,0,0,0,0,0,0,0,0,0,0,0,0,0,0,0,0,0,0,0,0,0,0,0,0,0,0,0,0,0,0,0,0,0,0,0,0,0,0,0,0,0,0,0,0,0,0,0,0,0,0,0,0,0,0,0,0,0,0,0,0,0,0,0,0,0,0,0,0
0,0,0,0,0,0,0,0,0,0,0,0,0,0,0,0,0,0,0,0,0,0,0,0,0,0,0,0,0,0,0,0,0,0,0,0,0,0,0,0,0,0,0,0,0,0,0,0,0,0,0,0,0,0,0,0,0,0,0,0,0,0,0,0,0,0,0,0,0,0,0,0,0,0,0,0,0,0,0,0,0,0,0,0,0,0,0,0,0,0,0,0,0,0,0,0,0,0,0,0
0,0,0,0,0,0,0,0,0,0,0,0,0,0,0,0,0,0,0,0,0,0,0,0,0,0,0,0,0,0,0,0,0,0,0,0,0,0,0,0,0,0,0,0,0,0,0,0,0,0,0,0,0,0,0,0,0,0,0,0,0,0,0,0,0,0,0,0,0,0,0,0,0,0,0,0,0,0,0,0,0,0,0,0,0,0,0,0,0,0,0,0,0,0,0,0,0,0,0,0
0,0,0,0,0,0,0,0,0,0,0,0,0,0,0,0,0,0,0,0,0,0,0,0,0,0,0,0,0,0,0,0,0,0,0,0,0,0,0,0,0,0,0,0,0,0,0,0,0,0,0,0,0,0,0,0,0,0,0,0,0,0,0,0,0,0,0,0,0,0,0,0,0,0,0,0,0,0,0,0,0,0,0,0,0,0,0,0,0,0,0,0,0,0,0,0,0,0,0,0
0,0,0,0,0,0,0,0,0,0,0,0,0,0,0,0,0,0,0,0,0,0,0,0,0,0,0,0,0,0,0,0,0,0,0,0,0,0,0,0,0,0,0,0,0,0,0,0,0,0,0,0,0,0,0,0,0,0,0,0,0,0,0,0,0,0,0,0,0,0,0,0,0,0,0,0,0,0,0,0,0,0,0,0,0,0,0,0,0,0,0,0,0,0,0,0,0,0,0,0
0,0,0,0,0,0,0,0,0,0,0,0,0,0,0,0,0,0,0,0,0,0,0,0,0,0,0,0,0,0,0,0,0,0,0,0,0,0,0,0,0,0,0,0,0,0,0,0,0,0,0,0,0,0,0,0,0,0,0,0,0,0,0,0,0,0,0,0,0,0,0,0,0,0,0,0,0,0,0,0,0,0,0,0,0,0,0,0,0,0,0,0,0,0,0,0,0,0,0,0
0,0,0,0,0,0,0,0,0,0,0,0,0,0,0,0,0,0,0,0,0,0,0,0,0,0,0,0,0,0,0,0,0,0,0,0,0,0,0,0,0,0,0,0,0,0,0,0,0,0,0,0,0,0,0,0,0,0,0,0,0,0,0,0,0,0,0,0,0,0,0,0,0,0,0,0,0,0,0,0,0,0,0,0,0,0,0,0,0,0,0,0,0,0,0,0,0,0,0,0
0,0,0,0,0,0,0,0,0,0,0,0,0,0,0,0,0,0,0,0,0,0,0,0,0,0,0,0,0,0,0,0,0,0,0,0,0,0,0,0,0,0,0,0,0,0,0,0,0,0,0,0,0,0,0,0,0,0,0,0,0,0,0,0,0,0,0,0,0,0,0,0,0,0,0,0,0,0,0,0,0,0,0,0,0,0,0,0,0,0,0,0,0,0,0,0,0,0,0,0
0,0,0,0,0,0,0,0,0,0,0,0,0,0,0,0,0,0,0,0,0,0,0,0,0,0,0,0,0,0,0,2.31257738252762e-05,7.5941636493118e-05,0,0,0,0,0,0,0,0,0,0,0,0,0,0,0,0,0,0,0,0,0,0,0,0,0,0,0,0,0,0,0,0,0,0,0,0,0,0,0,0,0,0,0,0,0,0,0,0,0,0,0,0,0,0,0,0,0,0,0,0,0,0,0,0,0,0,0
0,0,0,0,0,0,0,0,0,0,0,0,0,0,0,0,0,0,0,0,0,0,0,0,0,0,0,0,0.00011786296689581,1.53044209721343e-06,0,9.35915893870653e-05,0.00030734100029454,0,0.000126474724542912,2.34278854575655e-05,0,0,0,0,0,0,0,0,0,0,0,0,0,0,0,0,0,0,0,0,0,0,0,0,0,0,0,0,0,0,0,0,0,0,0,0,0,0,0,0,0,0,0,0,0,0,0,0,0,0,0,0,0,0,0,0,0,0,0,0,0,0,0,0
0,0,0,0,0,0,0,0,0,0,0,0,0,0,0,0,0,0,0,0,0,0,0,0,0,8.43116745323027e-05,0.000126112974830611,0,0.000375727792803066,4.87879820391101e-06,4.79618056192226e-05,9.46830183527215e-05,0.000113947354115618,0,0.000295381587840539,5.99187769129919e-05,8.93853634883419e-06,0,0.000377194853475623,3.19080507415408e-05,0,0,0,0,0,0,0,0,0,0,0,0,0,0,0,0,0,0,0,0,0,0,0,0,0,0,0,0,0,0,0,0,0,0,0,0,0,0,0,0,0,0,0,0,0,0,0,0,0,0,0,0,0,0,0,0,0,0,0,0
0,0,0,0,0,0,0,0,0,0,0,0,0,0,0,0,0,0,0,0,0,0,0,3.96787544104359e-06,9.21402686048871e-06,0.000120710689872699,0.000173550052320518,0.000132139913925125,0.000749933409813645,0.00021231238955994,0.000545546742567143,0.000720472555376148,0.000444070956966494,0.000651884706163782,0.000502533554870685,0.000537135744466953,0.000338482090789368,0,8.38075613048361e-05,0.000124352303442332,4.12200515526796e-05,0,0,0,0,0,0,0,0,0,0,0,0,0,0,0,0,0,0,0,0,0,0,0,0,0,0,0,0,0,0,0,0,0,0,0,0,0,0,0,0,0,0,0,0,0,0,0,0,0,0,0,0,0,0,0,0,0,0,0
0,0,0,0,0,0,0,0,0,0,0,0,0,0,0,0,0,0,0,0,0,0,0.000112712748537901,0.0004184377900877,0.00084239236333759,0.000357845443763017,2.48761675162691e-06,0.000106192267596973,0.000825087675212379,0.00101651228520205,0.000527105710914471,0.000798058934512719,0.000921606192048111,0.000805624084587764,0.000588073723885934,0.000575497129410662,0.000472163711611943,0,0,0.000252691427275332,0.000282774578791584,0.000184986738459965,0,0,0,0,0,0,0,0,0,0,0,0,0,0,0,0,0,0,0,0,0,0,0,0,0,0,0,0,0,0,0,0,0,0,0,0,0,0,0,0,0,0,0,0,0,0,0,0,0,0,0,0,0,0,0,0,0,0
0,0,0,0,0,0,0,0,0,0,0,0,0,0,0,0,0,0,0,0,0,0,0.000127133816313525,0.000271376393750099,0.000643007172119083,0.000246663936349465,0.000945817124740245,0.00157333877862317,0.00208241092186116,0.000936231692126275,0.00124734263672295,0.00135427949576597,0.00166340462905237,0.000932656551500721,0.000283108315450153,0.000411848289907778,0.00018406443642694,0.000522109054206044,0.000323761595217856,0.000464992644057577,0.000383724013099805,0.000479495621660776,5.12863653732378e-06,0,0,0,0,0,0,0,0,0,0,0,0,0,0,0,0,0,0,0,0,0,0,0,0,0,0,0,0,0,0,0,0,0,0,0,0,0,0,0,0,0,0,0,0,0,0,0,0,0,0,0,0,0,0,0,0,0
0,0,0,0,0,0,0,0,0,0,0,0,0,0,0,0,0,0,0,0,5.9451487995498e-05,0.000333838788114655,0.000240891953719469,0.000415330289632759,0.000339551863201018,0.000746600320805788,0.000559876178425301,0.00269732376354624,0.00273943289005595,0.00217023861165101,0.00194699706652652,0.000986051972767002,0.00066199776640687,0.0005728061901704,0.000595526477095849,0.000735575761623649,0.000631748311688515,0.000664751509960998,0.000365519653351968,0.000861474301147238,0.000462956634956256,0.000703172463418681,5.22162328208055e-05,0,0,0,0,0,0,0,0,0,0,0,0,0,0,0,0,0,0,0,0,0,0,0,0,0,0,0,0,0,0,0,0,0,0,0,0,0,0,0,0,0,0,0,0,0,0,0,0,0,0,0,0,0,0,0,0,0
0,0,0,0,0,0,0,0,0,0,0,0,0,0,0,0,0,0,0,3.88936857751486e-05,0.000499986705506331,0.000497039182113652,0.000713760390121273,0.00101062928571542,0.000635930044163137,0.0020041518006941,0.0012169361266978,0.00294067491585021,0.00157651644283362,0.00201982934687547,0.0011517803677203,0.000883736857831243,0.00058083166521064,0.000583814579397681,0.000451376745090522,0.00118528634115966,0.000889867243697002,0.000476907190249181,0.000262603337049768,0.000733349213858267,0.000509008940847112,0.000319924950676378,0.000522412685750494,0.000186746784058269,8.74901633645307e-05,0,0,0,0,0,0,0,0,0,0,0,0,0,0,0,0,0,0,0,0,0,0,0,0,0,0,0,0,0,0,0,0,0,0,0,0,0,0,0,0,0,0,0,0,0,0,0,0,0,0,0,0,0,0,0
0,0,0,0,0,0,0,0,0,0,0,0,0,0,0,0,0,0,0,0.000470302057967108,0.00121652176143065,0.00129778434590929,0.00198418388093955,0.00285057762960992,0.00192922455663146,0.00126658430964177,0.00140811081070479,0.00273647939819462,0.00132531497930756,0.00164931452356439,0.0011550133189545,0.000902718528636862,0.000898599938136483,0.00105649538787406,0.000194007997956977,0.000302438701111844,0.000830913589595109,0.00195673233225858,0.00119084479724379,0.000276426396538523,0.00128996540666745,0.000728167628235596,0.000862141394871417,0.000155101586214374,7.20254748212392e-05,9.0108944041493e-05,6.32338227780947e-05,0,0,0,0,0,0,0,0,0,0,0,0,0,0,0,0,0,0,0,0,0,0,0,0,0,0,0,0,0,0,0,0,0,0,0,0,0,0,0,0,0,0,0,0,0,0,0,0,0,0,0,0,0
0,0,0,0,0,0,0,0,0,0,0,0,0,0,3.71786629534808e-06,0.000293194310146516,0,3.81686870697326e-05,0.000250767384849229,0.000272715070252189,0.00117821849382847,0.00153786980034179,0.00304357844056635,0.00418797384943855,0.00301004607315941,0.00140925486960595,0.0013572538229922,0.00142306016120311,0.000882250926930668,0.00171756047776156,0.00100142954433572,0.000627991706241448,0.000545292999722417,0.000327690292014688,3.63431390250616e-05,0.000360605841960203,0.000461516250067717,0.00114238636482181,0.000583060709943342,0.00050777622820359,0.000351729100822034,0.000363753933380349,0.00121939341258541,0.0010393054412952,0.00042806461332298,0.000650590928302556,0.000157837752127063,0,0,0,0,0,0,0,0,0,0,0,0,0,0,0,0,0,0,0,0,0,0,0,0,0,0,0,0,0,0,0,0,0,0,0,0,0,0,0,0,0,0,0,0,0,0,0,0,0,0,0,0,0
0,0,0,0,0,0,0,0,0,0,0,0,0,0,2.54301922962809e-06,0.000200544804328507,0.000210923357042894,0.000667717691074056,0.00160072774252485,0.00213990095586443,0.00258812649098114,0.00326510796672112,0.00348766231857543,0.00296364394053948,0.00148518509180789,0.00189654744790254,0.00125480064418938,0.000823934376049903,0.000341906616306971,0.000443480093127586,0.000425069068394907,0.000583016673145239,0.000406655879766572,0.000618867867839512,0.00016378909397736,0.000954299948857258,0.000640625196627035,0.000507829966831966,0.000392588781300509,0.000983872651059457,8.20539088797994e-05,0.000393799029265601,0.000602499801534151,0.000937137974443473,0.000522195821914533,0.000825777666453069,4.45971635042663e-05,0,0,0,0,0,0,0,0,0,0,0,0,0,0,0,0,0,0,0,0,0,0,0,0,0,0,0,0,0,0,0,0,0,0,0,0,0,0,0,0,0,0,0,0,0,0,0,0,0,0,0,0,0
0,0,0,0,0,0,0,0,0,0,0,0,0,0,0,0,0.00011482401177589,0.000535556146549956,0.00203905304270032,0.00347127908442814,0.00536166461124078,0.00374803627167195,0.00481457581950883,0.00251832597824747,0.0014830011374732,0.00226918872773636,0.00204723226949383,0.000549144777297425,0.000809838373663864,0.00107050380112639,0.000330049620973895,0.000608496440841753,0.00105931554328143,0.000947672468454324,0.000856349695500995,0.00113616591080733,0.00131841228963922,0.000367979372285379,0.000627362283029146,0.000328739626890148,0.0010989535831834,0.000286898166860532,0.00064180578572843,0.000726168508200017,0.000522979562430687,0.000404704826490885,3.70314267619416e-05,3.98390291071776e-07,0,0,0,0,0,0,0,0,0,0,0,0,0,0,0,0,0,0,0,0,0,0,0,0,0,0,0,0,0,0,0,0,0,0,0,0,0,0,0,0,0,0,0,0,0,0,0,0,0,0,0,0
0,0,0,0,0,0,0,0,0,0,0,0,0,0,0,6.85774330438462e-06,0.000219363102994436,0.000926969308731292,0.00287665158829179,0.00499616396597283,0.00511668652697703,0.00684905163463887,0.00447426427464631,0.0030493373811646,0.00154525966746997,0.00190225732808098,0.00138864027477466,7.56114655926733e-05,0.000666546378646396,0.000343139678859308,0.000458562064759439,0.0002541372098672,0.000428366553594794,0.000822399691951443,0.000605094229778182,0.000421091865609042,0.000861978888524169,0.000543267679993392,0.000765702123951486,0.000410292478508454,0.0004954198406742,0.000688947716880847,0.000701885464431423,0.000601422264645725,0.000674089720275874,0.000364901385937215,0.000873772870624778,0.000408138799896591,2.86521045391872e-05,0,0,0,0,0,0,0,0,0,0,0,0,0,0,0,0,0,0,0,0,0,0,0,0,0,0,0,0,0,0,0,0,0,0,0,0,0,0,0,0,0,0,0,0,0,0,0,0,0,0,0
0,0,0,0,0,0,0,0,0,0,0,0,0,0,4.83726324313173e-05,0.000358317793916776,0.0012198266791055,0.00168265088411134,0.00275222865357796,0.00495216034055385,0.00434889565236654,0.00684939468949635,0.00514522298885307,0.00207353618618102,0.00181244143718766,0.00142607114868727,0.000639033872433827,0.000532542830383172,0.000799253516691537,0.000562039536389769,0.00108375017971486,0.00093753072322294,5.47318178684532e-05,0.000600563833218424,0.000810764338446449,0.000252708649525081,0.00125126018767406,0.000511467629694549,0.000512593240172618,1.42081009740196e-05,0.000166013917914014,0.000449939985251896,0.000232138910964213,0.000589999095153384,0.000603392656819111,0.000535347070438742,0.000900195979753548,0.000569724884758265,0.000386231833339997,0,0,0,0,0,0,0,0,0,0,0,0,0,0,0,0,0,0,0,0,0,0,0,0,0,0,0,0,0,0,0,0,0,0,0,0,0,0,0,0,0,0,0,0,0,0,0,0,0,0,0
0,0,0,0,0,0,0,0,0,0,0,0,0,0,0.00035485097103797,0.000549915658193217,0.00170878330067683,0.0024721133035172,0.0038467463026652,0.00609886009781397,0.00500201564406829,0.00451984368634404,0.00361646943759498,0.00173594926858515,0.00159365164115179,0.00135389546299959,0.00165370377228881,0.00108525026102961,0.00052316966919331,0.00091930429054227,0.00136293619679195,0.000829706732256405,7.59825987725641e-05,0.000749460883813304,0.000965803965083377,0.000172133813322758,0.00130937495352099,0.000601546483459074,0.000813046824878047,4.60624100541304e-05,0.00132532620600768,0.00067437251556112,0.00016301069607521,0.000464277732397438,0.000728327400459839,0.000853045067380695,0.000569531964743623,3.20117501638812e-05,0.000115264349313745,2.84583666910455e-05,0,0,0,0,0,0,0,0,0,0,0,0,0,0,0,0,0,0,0,0,0,0,0,0,0,0,0,0,0,0,0,0,0,0,0,0,0,0,0,0,0,0,0,0,0,0,0,0,0,0
0,0,0,0,0,0,0,0,0,0,0,0,0,0,0,0.000394540756429475,0.00251250851474077,0.00391283490411605,0.00407550997417605,0.00538097980746103,0.00527471987607484,0.0042941835958355,0.00387468252149148,0.00341499699068246,0.00176094541767797,0.00120431426434901,0.00090274852233365,0.000731565917589913,0.00137511269962235,0.00065865227078932,5.84307734495634e-05,9.00554287816435e-05,0.000443733982964814,0.000620861240029419,0.000929086803956949,0.000404173694515675,0.000772872248799534,0.000629734694857734,0.0004577748024828,9.404930751112e-05,0.000489954593762636,0.000810697186152557,0.000505132408049384,0.000320908360452641,0.000284445606732233,0.000313515994921856,0.00015144804981735,0,0.000249876499671723,0.000182754613594762,0,0,0,0,0,0,0,0,0,0,0,0,0,0,0,0,0,0,0,0,0,0,0,0,0,0,0,0,0,0,0,0,0,0,0,0,0,0,0,0,0,0,0,0,0,0,0,0,0,0
0,0,0,0,0,0,0,0,0,0,0,0,0,0,0.000191674863020461,0.000844472744986898,0.00276812914748935,0.0051261655609317,0.00416020013765473,0.00406909673573744,0.00526189890084375,0.00319488401262113,0.0034607101687291,0.00371117374401836,0.00374707974039027,0.00102918592896177,0.00163366583880978,0.000124473877311507,0.000455265668300082,0.000183870193364767,0.000689529224904265,0.000696232278681849,0.000586806610369314,0.000253355965019384,0.000365984396333895,0.000929677234097782,0.000310203588494906,0.000561557875295802,0.000163817103374098,0.000434040138844143,0.000430794512674773,0.000542601899998384,0.000879977570303544,0.000896715635453413,0.00066117303568644,0.000182595564354438,0.000556374534011992,0.000176055307897097,3.31076677073877e-05,7.71020126679445e-06,0,0,0,0,0,0,0,0,0,0,0,0,0,0,0,0,0,0,0,0,0,0,0,0,0,0,0,0,0,0,0,0,0,0,0,0,0,0,0,0,0,0,0,0,0,0,0,0,0,0
0,0,0,0,0,0,0,0,0,0,0,0,0,0,0.000575137750191953,0.00200551936390798,0.00243090505536296,0.00467169148809743,0.00584291927340602,0.00498841472268345,0.00515613458354789,0.00349323975501578,0.00322191175101544,0.00262600678553965,0.00282365085095705,0.000759482335266356,0.000526878046353732,0.000662516911236879,0.000893191681162928,0.000632994783181424,0.000487903649142969,0.000224290280012915,0.000426949264392363,4.24855317728096e-05,0.000326485691043734,0.000687285741769336,0.000384754531475399,0.000746070071523186,0.000521757290899908,9.75175628292381e-05,0.000145657764729208,0.000233181944392581,0.000372397016744308,0.000703622033264806,0.000150021013095373,0.000297578593384022,0.000553071564077708,0.000286615187821298,0.000424202409669581,0.000678066669948736,0.000119363724428551,0,0,0,0,0,0,0,0,0,0,0,0,0,0,0,0,0,0,0,0,0,0,0,0,0,0,0,0,0,0,0,0,0,0,0,0,0,0,0,0,0,0,0,0,0,0,0,0,0
0,0,0,0,0,0,0,0,0,0,0,0,0,0,5.24185186493107e-05,0.00108187949303151,0.00216362995018225,0.00256323755558796,0.0065122783825838,0.00504285541390079,0.00524326088232148,0.0041825565300785,0.00338028982287337,0.00313013454556945,0.00287923418033168,0.00120333053805847,0.00107898819754248,0.00120915014264789,0.000390119656692511,0.00103222007335023,0.00204820388995208,0.000636229536268453,0.000271277290025577,0.000232842442298834,0.000822252156316585,0.000593474742548298,0.000416732384391804,0.000485552252889093,0.000549345154484692,0.000378968121612155,0.000211008345012803,0.000256708541103164,0.000182649056140728,0.000845518819178847,0.000436223393816258,0.000119248777280429,0.000423451831435482,0.000112416176568217,0.000128528800856748,0.000149619770747063,7.41996823070838e-05,0,0,0,0,0,0,0,0,0,0,0,0,0,0,0,0,0,0,0,0,0,0,0,0,0,0,0,0,0,0,0,0,0,0,0,0,0,0,0,0,0,0,0,0,0,0,0,0,0
0,0,0,0,0,0,0,0,0,0,0,0,0,0,0.000113350763436142,0.000892177528499513,0.0022003171993555,0.00418388066499081,0.00705851787093436,0.00600324967915555,0.00608940647985972,0.00400060953577759,0.00324899965595323,0.00461875710276331,0.0029721298219689,0.00171610960409047,0.00126033617841389,0.000979366651472758,0.00121314072909792,0.000392771363116538,0.000375360348854111,0.000896615028485081,0.000756900634425134,0.000575829618234317,0.000629614856995788,0.000970932465775459,0.000816809695291688,0.000414478177989621,0.000893948515310313,0.000207772807536734,0.000628089416501123,0.000681341416301584,0.00068362261054982,0.000591379712141845,5.03765420658747e-05,0.000398102591045154,0.000544382466492176,0.000356876921281785,4.5031061048948e-05,0,0,0,0,0,0,0,0,0,0,0,0,0,0,0,0,0,0,0,0,0,0,0,0,0,0,0,0,0,0,0,0,0,0,0,0,0,0,0,0,0,0,0,0,0,0,0,0,0,0,0
0,0,0,0,0,0,0,0,0,0,0,0,0,0,0,0.000953054686788108,0.00191538971627731,0.00420442736698083,0.00533002849087461,0.00593747858102439,0.00419085940091964,0.00412357625227539,0.00419777517370756,0.00336611802390129,0.00131562764606542,0.000393170899832928,0.00062953127243796,0.000541219101291573,0.00147560752776358,0.00019505878354351,0.000616815754350147,0.00134575099590764,0.000837792961408565,0.000531390520544185,0.00104403015220937,0.000574041778012802,0.000440713144546518,0.000523793370079504,0.000795454503018749,0.000374388681592362,0.000600165608557113,0.000362746701022245,0.000614298112385492,0.00031104501516481,0.000839327159638608,0.000342737688324053,0.000903223816678741,0.000239137041127462,7.01827618421137e-05,7.46292147554169e-05,0,0,0,0,0,0,0,0,0,0,0,0,0,0,0,0,0,0,0,0,0,0,0,0,0,0,0,0,0,0,0,0,0,0,0,0,0,0,0,0,0,0,0,0,0,0,0,0,0,0
0,0,0,0,0,0,0,0,0,0,0,0,2.28951760734437e-05,0.000303252820763234,0,0.000671225879566353,0.00108005234504705,0.00393330352773028,0.00609455376885171,0.00609906188941569,0.00395560290367435,0.00324369625972043,0.00346710624451155,0.00182310006730765,0.00154109903949573,0.000766501939347181,0.000329038888520194,0.00059186538320955,0.000770842574582364,0.000771813730072112,0.000332837082653744,0.000450130453878864,0.000243296586297227,0.000287824510221491,0.00084643779454554,0.000143301415798941,0.000442129538806643,0.00123626915247834,0.000712770423867057,8.9471835255604e-05,0.000615985979008684,0.000575390033771916,0.000207665082818171,0.000704080798844681,0.000669437828454081,0.000380246121010382,0.000718616996259429,0.000216328641612403,0.000172140986134787,0.000183047037267682,0,0,0,0,0,0,0,0,0,0,0,0,0,0,0,0,0,0,0,0,0,0,0,0,0,0,0,0,0,0,0,0,0,0,0,0,0,0,0,0,0,0,0,0,0,0,0,0,0,0
0,0,0,0,0,0,0,0,0,0,0,0,1.22041903116099e-05,0.000161647812851712,0,8.54684500822358e-06,0.00159715421434923,0.00365060667319416,0.00505295938300638,0.00450754851258331,0.00739371867845694,0.00469835335432309,0.00423526771296104,0.00257100767773384,0.000901835044495631,0.000730099762645155,0.000144836086880188,0.000845902817416717,0.000928400041637843,0.000282224830451826,0.0013861081107381,0.000206670032905764,9.71988912400931e-06,7.81653014237372e-05,0.000774675868140516,0.00122296318161328,0.000771650868100831,0.000552202758023009,4.20581365863243e-05,0.000133717025161024,0.000269360242554429,0.000720462384033074,0.000663036357988296,0.000249864168858959,0.000549520625288348,6.25887609386099e-05,0.000280914753363719,0.00026818820078386,2.93810883779309e-05,0,0,0,0,0,0,0,0,0,0,0,0,0,0,0,0,0,0,0,0,0,0,0,0,0,0,0,0,0,0,0,0,0,0,0,0,0,0,0,0,0,0,0,0,0,0,0,0,0,0,0
0,0,0,0,0,0,0,0,0,0,0,0,0,0,0.000141804801635706,0.000281695412700803,0.00122493243022356,0.00125972360598077,0.00312471415232604,0.00378062218079504,0.00541054983569942,0.00570840764805359,0.00447420920741766,0.00204000466527942,0.000986109690605149,0.00061290211621355,0.000600938141751393,0.000858844771373948,0.00142112991373857,0.00112060383260312,0.000790393504874317,0.000409250839916977,0.000297977684355415,7.96647540915628e-06,0.000685783131690499,0.00095512499747581,0.000262286219116425,0.000232215902435545,3.57886702316287e-05,0.000569104417548617,0.000976726117970342,0.00011472950644568,0.000323108454224426,0.000133926631958152,0.000298735388116791,0.000311042220977192,0.000171896914562086,0.000367578386468395,0.000257995672925972,0,0,0,0,0,0,0,0,0,0,0,0,0,0,0,0,0,0,0,0,0,0,0,0,0,0,0,0,0,0,0,0,0,0,0,0,0,0,0,0,0,0,0,0,0,0,0,0,0,0,0
0,0,0,0,0,0,0,0,0,0,0,0,0,0,0.000111922047072462,0.000229038771374668,0.000423785751989234,0.000863933471068572,0.000841775364457303,0.00305962141089884,0.00401672815854455,0.00496745777645803,0.00469280467175163,0.00317811426157017,0.00203220265228702,0.00122424950808502,0.000885501043223713,0.000353485851877667,0.000772897171044113,0.00105761519961102,0.000129140838364005,0.000408806072084792,0.00112573489919794,0.000669476473118132,0.00105488210027613,0.000845764407135637,0.000689962590859562,0.00059102502840935,0.00078643321096048,0.000803281544885772,0.000448269781596727,0.00054561706855714,0.000504888515826796,0.000574165653704724,0.000570686432990652,0.000962657415913168,1.51147885942469e-05,5.35531774416954e-05,9.04789714927082e-05,0,0,0,0,0,0,0,0,0,0,0,0,0,0,0,0,0,0,0,0,0,0,0,0,0,0,0,0,0,0,0,0,0,0,0,0,0,0,0,0,0,0,0,0,0,0,0,0,0,0,0
0,0,0,0,0,0,0,0,0,0,0,0,0,0,0,0,0,0.000230882433697503,0.000381594165887163,0.00206711020865018,0.00372165364797044,0.00316696471149996,0.00377159416445975,0.0027415815314095,0.00315748716045385,0.0026219016316983,0.00136531370446555,0.00110956818790016,0.00153162418047164,0.000981660645917776,0.00154073510754715,0.000444380358466692,0.000662534029235466,0.000392357416682707,0.000509008183218774,0.000925817862527092,0.000722444472075143,0.00127937177539011,0.000646846873730214,0.000170257130349742,0.000278428249864419,0.00090509601924746,0.000317078693115319,0.000447650683254838,0.000325485238143942,0.000305580896520085,0.000480115211996061,0.000304779527431747,0.000119753665247878,0,0,0,0,0,0,0,0,0,0,0,0,0,0,0,0,0,0,0,0,0,0,0,0,0,0,0,0,0,0,0,0,0,0,0,0,0,0,0,0,0,0,0,0,0,0,0,0,0,0,0
0,0,0,0,0,0,0,0,0,0,0,0,0,0,0,0,0,0,7.1566440435982e-05,0.000461655715741817,0.00201926067692217,0.00160659784777096,0.00294085523920754,0.00299246456464157,0.00299650294187422,0.00139180579922683,0.00298670015176521,0.00238332412175875,0.00157690852364693,0.000550727431272406,0.000361123557860236,0.000151050765971991,0.000630575546546903,0.000491158484809604,0.000292102541195678,0.000732835880421618,0.000657193212801828,0.000563593532460448,0.000322673231813485,6.71316261997414e-05,0.000883567471228124,0.00132264794653134,0.000765866346101001,0.000665338790306774,0.000503967487946048,0.000246748442378079,0,5.41788917062229e-05,2.12879156141517e-05,0,0,0,0,0,0,0,0,0,0,0,0,0,0,0,0,0,0,0,0,0,0,0,0,0,0,0,0,0,0,0,0,0,0,0,0,0,0,0,0,0,0,0,0,0,0,0,0,0,0,0
0,0,0,0,0,0,0,0,0,0,0,0,0,0,0,0,0,0,1.32891039941155e-05,0.000382521732166203,0.000256804379135422,0.000922688933405018,0.00106443032634579,0.00308012649610165,0.00415960954806543,0.00232095702081372,0.0021474456309142,0.00204782288968194,0.00128243693554245,0.00099448408307741,0.000811110066472478,0.000520874395136429,7.07711811694726e-05,8.72001480624928e-05,0.00017915677140268,0.000620285041721227,0.000616754962111777,0.00114675333977494,0.000638218733148085,0.000272130123688398,0.00092799011316144,0.00115799020288328,0.000853419650202364,0.000738440322223679,0.000311550836114738,0.000158115568008795,0,0,0,0,0,0,0,0,0,0,0,0,0,0,0,0,0,0,0,0,0,0,0,0,0,0,0,0,0,0,0,0,0,0,0,0,0,0,0,0,0,0,0,0,0,0,0,0,0,0,0,0,0,0
0,0,0,0,0,0,0,0,0,0,0,0,0,0,0,0,0,0,0.000129013659852453,0.000146178710583198,0,2.09007653186925e-05,0.000272299697505851,0.00103576248954549,0.00251930547666501,0.00231805754106216,0.00243337057903474,0.00178940709741372,0.000850331000903612,0.000727341937514525,0.00183837334459678,0.00167618687155996,0.000348467846107379,0.000532907991800673,0.000648286895188634,0.000362847120693462,0.000502010048694441,0.000625792517147838,0.000591987023934672,0.000511526979303192,0.000869529015121991,0.000793805362586967,0.000264229377876278,0.000203989379359916,0.000258394988681627,0.000429585744868574,0.000153851662243318,0,0,0,0,0,0,0,0,0,0,0,0,0,0,0,0,0,0,0,0,0,0,0,0,0,0,0,0,0,0,0,0,0,0,0,0,0,0,0,0,0,0,0,0,0,0,0,0,0,0,0,0,0
0,0,0,0,0,0,0,0,0,0,0,0,0,0,0,0,0,0,0.000105392656805626,0.000119414972758723,0,0.000389385507913405,0.000523811785410518,0.00108931997313016,0.00129115069765897,0.000987315671068026,0.0012240303397167,0.00126507190108782,0.00145456396993948,0.00159294176009617,0.00174724257962924,0.000644934627076791,0.00171519272764853,0.00208947190227058,0.00116320241100855,0.000878298675684288,0.000740245549362043,0.000266553547503539,5.35579264648014e-05,0.000464506615936468,0.000395374543602937,0.000301062763672225,0.00046706811242602,0,0,6.25468997881481e-05,3.94068744237554e-05,0,0,0,0,0,0,0,0,0,0,0,0,0,0,0,0,0,0,0,0,0,0,0,0,0,0,0,0,0,0,0,0,0,0,0,0,0,0,0,0,0,0,0,0,0,0,0,0,0,0,0,0,0
0,0,0,0,0,0,0,0,0,0,0,0,0,0,0,0,0,0,0,0,0,0,0,3.79644150697016e-05,0.000549473372975745,0.000443486859999746,0.000322315952690355,0.000415502165298667,0.00204250705751693,0.00165214410152458,0.00238630585243187,0.000234804007543758,0.000976424451403802,0.000849809135636051,0.000612721444281936,0.000968892431657812,0.000961462593975539,0.000639618266201592,0.000357217176868987,0.000909322431696604,0.00103391406904642,0.000153552633798018,0,0,0,0,0,0,0,0,0,0,0,0,0,0,0,0,0,0,0,0,0,0,0,0,0,0,0,0,0,0,0,0,0,0,0,0,0,0,0,0,0,0,0,0,0,0,0,0,0,0,0,0,0,0,0,0,0,0
0,0,0,0,0,0,0,0,0,0,0,0,0,0,0,0,0,0,0,0,0,0,0,0,8.70498844671344e-05,0.000266851315357304,0.00013638539965016,0.000381909705409948,0.000323230508057635,0.00040587807136719,0.00126503857158035,0.000883701134416563,0.00108509502533436,0.000603713778251559,0.00107987495507035,0.000423460126322467,0.000319954048711422,0.000324908911085545,0.000180424778043771,0.00016270823989749,0.000507093107731252,7.98668915350617e-05,0,0,0,0,0,0,0,0,0,0,0,0,0,0,0,0,0,0,0,0,0,0,0,0,0,0,0,0,0,0,0,0,0,0,0,0,0,0,0,0,0,0,0,0,0,0,0,0,0,0,0,0,0,0,0,0,0,0
0,0,0,0,0,0,0,0,0,0,0,0,0,0,0,0,0,0,0,0,0,0,0,0,0,0.000427558040880729,5.74474058202376e-05,3.9206773374615e-05,0.000399604913971197,0.00064354219096029,0.000828215863302666,0.000556826796154418,0.000281756812292235,0.000366482931740592,0.000326449894915864,0.00024128066675025,0.000145175588588194,0.00039825405519031,0.000129445998403886,0,0.00015855046870017,6.41322149524015e-05,0,0,0,0,0,0,0,0,0,0,0,0,0,0,0,0,0,0,0,0,0,0,0,0,0,0,0,0,0,0,0,0,0,0,0,0,0,0,0,0,0,0,0,0,0,0,0,0,0,0,0,0,0,0,0,0,0,0
0,0,0,0,0,0,0,0,0,0,0,0,0,0,0,0,0,0,0,0,0,0,0,0,0,1.32184945056277e-05,1.77605879340533e-06,5.4670291986031e-06,5.57212834555852e-05,0.000101654967220433,9.25814632458362e-05,2.9079896320469e-06,1.07839199035017e-06,0,0,0.000367406672714998,0.000326996685287847,0.000335066764674978,0.000137233181730827,0,0,0,0,0,0,0,0,0,0,0,0,0,0,0,0,0,0,0,0,0,0,0,0,0,0,0,0,0,0,0,0,0,0,0,0,0,0,0,0,0,0,0,0,0,0,0,0,0,0,0,0,0,0,0,0,0,0,0,0,0
0,0,0,0,0,0,0,0,0,0,0,0,0,0,0,0,0,0,0,0,0,0,0,0,0,0,0,0,0,0,0,0,0,0,0,0,0,0,0,0,0,0,0,0,0,0,0,0,0,0,0,0,0,0,0,0,0,0,0,0,0,0,0,0,0,0,0,0,0,0,0,0,0,0,0,0,0,0,0,0,0,0,0,0,0,0,0,0,0,0,0,0,0,0,0,0,0,0,0,0
0,0,0,0,0,0,0,0,0,0,0,0,0,0,0,0,0,0,0,0,0,0,0,0,0,0,0,0,0,0,0,0,0,0,0,0,0,0,0,0,0,0,0,0,0,0,0,0,0,0,0,0,0,0,0,0,0,0,0,0,0,0,0,0,0,0,0,0,0,0,0,0,0,0,0,0,0,0,0,0,0,0,0,0,0,0,0,0,0,0,0,0,0,0,0,0,0,0,0,0
0,0,0,0,0,0,0,0,0,0,0,0,0,0,0,0,0,0,0,0,0,0,0,0,0,0,0,0,0,0,0,0,0,0,0,0,0,0,0,0,0,0,0,0,0,0,0,0,0,0,0,0,0,0,0,0,0,0,0,0,0,0,0,0,0,0,0,0,0,0,0,0,0,0,0,0,0,0,0,0,0,0,0,0,0,0,0,0,0,0,0,0,0,0,0,0,0,0,0,0
0,0,0,0,0,0,0,0,0,0,0,0,0,0,0,0,0,0,0,0,0,0,0,0,0,0,0,0,0,0,0,0,0,0,0,0,0,0,0,0,0,0,0,0,0,0,0,0,0,0,0,0,0,0,0,0,0,0,0,0,0,0,0,0,0,0,0,0,0,0,0,0,0,0,0,0,0,0,0,0,0,0,0,0,0,0,0,0,0,0,0,0,0,0,0,0,0,0,0,0
0,0,0,0,0,0,0,0,0,0,0,0,0,0,0,0,0,0,0,0,0,0,0,0,0,0,0,0,0,0,0,0,0,0,0,0,0,0,0,0,0,0,0,0,0,0,0,0,0,0,0,0,0,0,0,0,0,0,0,0,0,0,0,0,0,0,0,0,0,0,0,0,0,0,0,0,0,0,0,0,0,0,0,0,0,0,0,0,0,0,0,0,0,0,0,0,0,0,0,0
0,0,0,0,0,0,0,0,0,0,0,0,0,0,0,0,0,0,0,0,0,0,0,0,0,0,0,0,0,0,0,0,0,0,0,0,0,0,0,0,0,0,0,0,0,0,0,0,0,0,0,0,0,0,0,0,0,0,0,0,0,0,0,0,0,0,0,0,0,0,0,0,0,0,0,0,0,0,0,0,0,0,0,0,0,0,0,0,0,0,0,0,0,0,0,0,0,0,0,0
0,0,0,0,0,0,0,0,0,0,0,0,0,0,0,0,0,0,0,0,0,0,0,0,0,0,0,0,0,0,0,0,0,0,0,0,0,0,0,0,0,0,0,0,0,0,0,0,0,0,0,0,0,0,0,0,0,0,0,0,0,0,0,0,0,0,0,0,0,0,0,0,0,0,0,0,0,0,0,0,0,0,0,0,0,0,0,0,0,0,0,0,0,0,0,0,0,0,0,0
0,0,0,0,0,0,0,0,0,0,0,0,0,0,0,0,0,0,0,0,0,0,0,0,0,0,0,0,0,0,0,0,0,0,0,0,0,0,0,0,0,0,0,0,0,0,0,0,0,0,0,0,0,0,0,0,0,0,0,0,0,0,0,0,0,0,0,0,0,0,0,0,0,0,0,0,0,0,0,0,0,0,0,0,0,0,0,0,0,0,0,0,0,0,0,0,0,0,0,0
0,0,0,0,0,0,0,0,0,0,0,0,0,0,0,0,0,0,0,0,0,0,0,0,0,0,0,0,0,0,0,0,0,0,0,0,0,0,0,0,0,0,0,0,0,0,0,0,0,0,0,0,0,0,0,0,0,0,0,0,0,0,0,0,0,0,0,0,0,0,0,0,0,0,0,0,0,0,0,0,0,0,0,0,0,0,0,0,0,0,0,0,0,0,0,0,0,0,0,0
0,0,0,0,0,0,0,0,0,0,0,0,0,0,0,0,0,0,0,0,0,0,0,0,0,0,0,0,0,0,0,0,0,0,0,0,0,0,0,0,0,0,0,0,0,0,0,0,0,0,0,0,0,0,0,0,0,0,0,0,0,0,0,0,0,0,0,0,0,0,0,0,0,0,0,0,0,0,0,0,0,0,0,0,0,0,0,0,0,0,0,0,0,0,0,0,0,0,0,0
0,0,0,0,0,0,0,0,0,0,0,0,0,0,0,0,0,0,0,0,0,0,0,0,0,0,0,0,0,0,0,0,0,0,0,0,0,0,0,0,0,0,0,0,0,0,0,0,0,0,0,0,0,0,0,0,0,0,0,0,0,0,0,0,0,0,0,0,0,0,0,0,0,0,0,0,0,0,0,0,0,0,0,0,0,0,0,0,0,0,0,0,0,0,0,0,0,0,0,0
0,0,0,0,0,0,0,0,0,0,0,0,0,0,0,0,0,0,0,0,0,0,0,0,0,0,0,0,0,0,0,0,0,0,0,0,0,0,0,0,0,0,0,0,0,0,0,0,0,0,0,0,0,0,0,0,0,0,0,0,0,0,0,0,0,0,0,0,0,0,0,0,0,0,0,0,0,0,0,0,0,0,0,0,0,0,0,0,0,0,0,0,0,0,0,0,0,0,0,0
0,0,0,0,0,0,0,0,0,0,0,0,0,0,0,0,0,0,0,0,0,0,0,0,0,0,0,0,0,0,0,0,0,0,0,0,0,0,0,0,0,0,0,0,0,0,0,0,0,0,0,0,0,0,0,0,0,0,0,0,0,0,0,0,0,0,0,0,0,0,0,0,0,0,0,0,0,0,0,0,0,0,0,0,0,0,0,0,0,0,0,0,0,0,0,0,0,0,0,0
0,0,0,0,0,0,0,0,0,0,0,0,0,0,0,0,0,0,0,0,0,0,0,0,0,0,0,0,0,0,0,0,0,0,0,0,0,0,0,0,0,0,0,0,0,0,0,0,0,0,0,0,0,0,0,0,0,0,0,0,0,0,0,0,0,0,0,0,0,0,0,0,0,0,0,0,0,0,0,0,0,0,0,0,0,0,0,0,0,0,0,0,0,0,0,0,0,0,0,0
0,0,0,0,0,0,0,0,0,0,0,0,0,0,0,0,0,0,0,0,0,0,0,0,0,0,0,0,0,0,0,0,0,0,0,0,0,0,0,0,0,0,0,0,0,0,0,0,0,0,0,0,0,0,0,0,0,0,0,0,0,0,0,0,0,0,0,0,0,0,0,0,0,0,0,0,0,0,0,0,0,0,0,0,0,0,0,0,0,0,0,0,0,0,0,0,0,0,0,0
0,0,0,0,0,0,0,0,0,0,0,0,0,0,0,0,0,0,0,0,0,0,0,0,0,0,0,0,0,0,0,0,0,0,0,0,0,0,0,0,0,0,0,0,0,0,0,0,0,0,0,0,0,0,0,0,0,0,0,0,0,0,0,0,0,0,0,0,0,0,0,0,0,0,0,0,0,0,0,0,0,0,0,0,0,0,0,0,0,0,0,0,0,0,0,0,0,0,0,0
0,0,0,0,0,0,0,0,0,0,0,0,0,0,0,0,0,0,0,0,0,0,0,0,0,0,0,0,0,0,0,0,0,0,0,0,0,0,0,0,0,0,0,0,0,0,0,0,0,0,0,0,0,0,0,0,0,0,0,0,0,0,0,0,0,0,0,0,0,0,0,0,0,0,0,0,0,0,0,0,0,0,0,0,0,0,0,0,0,0,0,0,0,0,0,0,0,0,0,0
0,0,0,0,0,0,0,0,0,0,0,0,0,0,0,0,0,0,0,0,0,0,0,0,0,0,0,0,0,0,0,0,0,0,0,0,0,0,0,0,0,0,0,0,0,0,0,0,0,0,0,0,0,0,0,0,0,0,0,0,0,0,0,0,0,0,0,0,0,0,0,0,0,0,0,0,0,0,0,0,0,0,0,0,0,0,0,0,0,0,0,0,0,0,0,0,0,0,0,0
0,0,0,0,0,0,0,0,0,0,0,0,0,0,0,0,0,0,0,0,0,0,0,0,0,0,0,0,0,0,0,0,0,0,0,0,0,0,0,0,0,0,0,0,0,0,0,0,0,0,0,0,0,0,0,0,0,0,0,0,0,0,0,0,0,0,0,0,0,0,0,0,0,0,0,0,0,0,0,0,0,0,0,0,0,0,0,0,0,0,0,0,0,0,0,0,0,0,0,0
0,0,0,0,0,0,0,0,0,0,0,0,0,0,0,0,0,0,0,0,0,0,0,0,0,0,0,0,0,0,0,0,0,0,0,0,0,0,0,0,0,0,0,0,0,0,0,0,0,0,0,0,0,0,0,0,0,0,0,0,0,0,0,0,0,0,0,0,0,0,0,0,0,0,0,0,0,0,0,0,0,0,0,0,0,0,0,0,0,0,0,0,0,0,0,0,0,0,0,0
0,0,0,0,0,0,0,0,0,0,0,0,0,0,0,0,0,0,0,0,0,0,0,0,0,0,0,0,0,0,0,0,0,0,0,0,0,0,0,0,0,0,0,0,0,0,0,0,0,0,0,0,0,0,0,0,0,0,0,0,0,0,0,0,0,0,0,0,0,0,0,0,0,0,0,0,0,0,0,0,0,0,0,0,0,0,0,0,0,0,0,0,0,0,0,0,0,0,0,0
0,0,0,0,0,0,0,0,0,0,0,0,0,0,0,0,0,0,0,0,0,0,0,0,0,0,0,0,0,0,0,0,0,0,0,0,0,0,0,0,0,0,0,0,0,0,0,0,0,0,0,0,0,0,0,0,0,0,0,0,0,0,0,0,0,0,0,0,0,0,0,0,0,0,0,0,0,0,0,0,0,0,0,0,0,0,0,0,0,0,0,0,0,0,0,0,0,0,0,0
0,0,0,0,0,0,0,0,0,0,0,0,0,0,0,0,0,0,0,0,0,0,0,0,0,0,0,0,0,0,0,0,0,0,0,0,0,0,0,0,0,0,0,0,0,0,0,0,0,0,0,0,0,0,0,0,0,0,0,0,0,0,0,0,0,0,0,0,0,0,0,0,0,0,0,0,0,0,0,0,0,0,0,0,0,0,0,0,0,0,0,0,0,0,0,0,0,0,0,0
0,0,0,0,0,0,0,0,0,0,0,0,0,0,0,0,0,0,0,0,0,0,0,0,0,0,0,0,0,0,0,0,0,0,0,0,0,0,0,0,0,0,0,0,0,0,0,0,0,0,0,0,0,0,0,0,0,0,0,0,0,0,0,0,0,0,0,0,0,0,0,0,0,0,0,0,0,0,0,0,0,0,0,0,0,0,0,0,0,0,0,0,0,0,0,0,0,0,0,0
0,0,0,0,0,0,0,0,0,0,0,0,0,0,0,0,0,0,0,0,0,0,0,0,0,0,0,0,0,0,0,0,0,0,0,0,0,0,0,0,0,0,0,0,0,0,0,0,0,0,0,0,0,0,0,0,0,0,0,0,0,0,0,0,0,0,0,0,0,0,0,0,0,0,0,0,0,0,0,0,0,0,0,0,0,0,0,0,0,0,0,0,0,0,0,0,0,0,0,0
0,0,0,0,0,0,0,0,0,0,0,0,0,0,0,0,0,0,0,0,0,0,0,0,0,0,0,0,0,0,0,0,0,0,0,0,0,0,0,0,0,0,0,0,0,0,0,0,0,0,0,0,0,0,0,0,0,0,0,0,0,0,0,0,0,0,0,0,0,0,0,0,0,0,0,0,0,0,0,0,0,0,0,0,0,0,0,0,0,0,0,0,0,0,0,0,0,0,0,0
0,0,0,0,0,0,0,0,0,0,0,0,0,0,0,0,0,0,0,0,0,0,0,0,0,0,0,0,0,0,0,0,0,0,0,0,0,0,0,0,0,0,0,0,0,0,0,0,0,0,0,0,0,0,0,0,0,0,0,0,0,0,0,0,0,0,0,0,0,0,0,0,0,0,0,0,0,0,0,0,0,0,0,0,0,0,0,0,0,0,0,0,0,0,0,0,0,0,0,0
0,0,0,0,0,0,0,0,0,0,0,0,0,0,0,0,0,0,0,0,0,0,0,0,0,0,0,0,0,0,0,0,0,0,0,0,0,0,0,0,0,0,0,0,0,0,0,0,0,0,0,0,0,0,0,0,0,0,0,0,0,0,0,0,0,0,0,0,0,0,0,0,0,0,0,0,0,0,0,0,0,0,0,0,0,0,0,0,0,0,0,0,0,0,0,0,0,0,0,0
0,0,0,0,0,0,0,0,0,0,0,0,0,0,0,0,0,0,0,0,0,0,0,0,0,0,0,0,0,0,0,0,0,0,0,0,0,0,0,0,0,0,0,0,0,0,0,0,0,0,0,0,0,0,0,0,0,0,0,0,0,0,0,0,0,0,0,0,0,0,0,0,0,0,0,0,0,0,0,0,0,0,0,0,0,0,0,0,0,0,0,0,0,0,0,0,0,0,0,0
0,0,0,0,0,0,0,0,0,0,0,0,0,0,0,0,0,0,0,0,0,0,0,0,0,0,0,0,0,0,0,0,0,0,0,0,0,0,0,0,0,0,0,0,0,0,0,0,0,0,0,0,0,0,0,0,0,0,0,0,0,0,0,0,0,0,0,0,0,0,0,0,0,0,0,0,0,0,0,0,0,0,0,0,0,0,0,0,0,0,0,0,0,0,0,0,0,0,0,0
0,0,0,0,0,0,0,0,0,0,0,0,0,0,0,0,0,0,0,0,0,0,0,0,0,0,0,0,0,0,0,0,0,0,0,0,0,0,0,0,0,0,0,0,0,0,0,0,0,0,0,0,0,0,0,0,0,0,0,0,0,0,0,0,0,0,0,0,0,0,0,0,0,0,0,0,0,0,0,0,0,0,0,0,0,0,0,0,0,0,0,0,0,0,0,0,0,0,0,0
0,0,0,0,0,0,0,0,0,0,0,0,0,0,0,0,0,0,0,0,0,0,0,0,0,0,0,0,0,0,0,0,0,0,0,0,0,0,0,0,0,0,0,0,0,0,0,0,0,0,0,0,0,0,0,0,0,0,0,0,0,0,0,0,0,0,0,0,0,0,0,0,0,0,0,0,0,0,0,0,0,0,0,0,0,0,0,0,0,0,0,0,0,0,0,0,0,0,0,0
0,0,0,0,0,0,0,0,0,0,0,0,0,0,0,0,0,0,0,0,0,0,0,0,0,0,0,0,0,0,0,0,0,0,0,0,0,0,0,0,0,0,0,0,0,0,0,0,0,0,0,0,0,0,0,0,0,0,0,0,0,0,0,0,0,0,0,0,0,0,0,0,0,0,0,0,0,0,0,0,0,0,0,0,0,0,0,0,0,0,0,0,0,0,0,0,0,0,0,0
0,0,0,0,0,0,0,0,0,0,0,0,0,0,0,0,0,0,0,0,0,0,0,0,0,0,0,0,0,0,0,0,0,0,0,0,0,0,0,0,0,0,0,0,0,0,0,0,0,0,0,0,0,0,0,0,0,0,0,0,0,0,0,0,0,0,0,0,0,0,0,0,0,0,0,0,0,0,0,0,0,0,0,0,0,0,0,0,0,0,0,0,0,0,0,0,0,0,0,0
