0,0,0,0,0,0,0,0,0,0,0,0,0,0,0,0,0,0,0,0,0,0,0,0,0,0,0,0,0,0,0,0,0,0,0,0,0,0,0,0,0,0,0,0,0,0,0,0,0,0,0,0,0,0,0,0,0,0,0,0,0,0,0,0,0,0,0,0,0,0,0,0,0,0,0,0,0,0,0,0,0,0,0,0,0,0,0,0,0,0,0,0,0,0,0,0,0,0,0,0
0,0,0,0,0,0,0,0,0,0,0,0,0,0,0,0,0,0,0,0,0,0,0,0,0,0,0,0,0,0,0,0,0,0,0,0,0,0,0,0,0,0,0,0,0,0,0,0,0,0,0,0,0,0,0,0,0,0,0,0,0,0,0,0,0,0,0,0,0,0,0,0,0,0,0,0,0,0,0,0,0,0,0,0,0,0,0,0,0,0,0,0,0,0,0,0,0,0,0,0
0,0,0,0,0,0,0,0,0,0,0,0,0,0,0,0,0,0,0,0,0,0,0,0,0,0,0,0,0,0,0,0,0,0,0,0,0,0,0,0,0,0,0,0,0,0,0,0,0,0,0,0,0,0,0,0,0,0,0,0,0,0,0,0,0,0,0,0,0,0,0,0,0,0,0,0,0,0,0,0,0,0,0,0,0,0,0,0,0,0,0,0,0,0,0,0,0,0,0,0
0,0,0,0,0,0,0,0,0,0,0,0,0,0,0,0,0,0,0,0,0,0,0,0,0,0,0,0,0,0,0,0,0,0,0,0,0,0,0,0,0,0,0,0,0,0,0,0,0,0,0,0,0,0,0,0,0,0,0,0,0,0,0,0,0,0,0,0,0,0,0,0,0,0,0,0,0,0,0,0,0,0,0,0,0,0,0,0,0,0,0,0,0,0,0,0,0,0,0,0
0,0,0,0,0,0,0,0,0,0,0,0,0,0,0,0,0,0,0,0,0,0,0,0,0,0,0,0,0,0,0,0,0,0,0,0,0,0,0,0,0,0,0,0,0,0,0,0,0,0,0,0,0,0,0,0,0,0,0,0,0,0,0,0,0,0,0,0,0,0,0,0,0,0,0,0,0,0,0,0,0,0,0,0,0,0,0,0,0,0,0,0,0,0,0,0,0,0,0,0
0,0,0,0,0,0,0,0,0,0,0,0,0,0,0,0,0,0,0,0,0,0,0,0,0,0,0,0,0,0,0,0,0,0,0,0,0,0,0,0,0,0,0,0,0,0,0,0,0,0,0,0,0,0,0,0,0,0,0,0,0,0,0,0,0,0,0,0,0,0,0,0,0,0,0,0,0,0,0,0,0,0,0,0,0,0,0,0,0,0,0,0,0,0,0,0,0,0,0,0
0,0,0,0,0,0,0,0,0,0,0,0,0,0,0,0,0,0,0,0,0,0,0,0,0,0,0,0,0,0,0,0,0,0,0,0,0,0,0,0,0,0,0,0,0,0,0,0,0,0,0,0,0,0,0,0,0,0,0,0,0,0,0,0,0,0,0,0,0,0,0,0,0,0,0,0,0,0,0,0,0,0,0,0,0,0,0,0,0,0,0,0,0,0,0,0,0,0,0,0
0,0,0,0,0,0,0,0,0,0,0,0,0,0,0,0,0,0,0,0,0,0,0,0,0,0,0,0,0,0,0,0,0,0,0,0,0,0,0,0,0,0,0,0,0,0,0,0,0,0,0,0,0,0,0,0,0,0,0,0,0,0,0,0,0,0,0,0,0,0,0,0,0,0,0,0,0,0,0,0,0,0,0,0,0,0,0,0,0,0,0,0,0,0,0,0,0,0,0,0
0,0,0,0,0,0,0,0,0,0,0,0,0,0,0,0,0,0,0,0,0,0,0,0,0,0,0,0,0,0,0,0,0,0,0,0,0,0,0,0,0,0,0,0,0,0,0,0,0,0,0,0,0,0,0,0,0,0,0,0,0,0,0,0,0,0,0,0,0,0,0,0,0,0,0,0,0,0,0,0,0,0,0,0,0,0,0,0,0,0,0,0,0,0,0,0,0,0,0,0
0,0,0,0,0,0,0,0,0,0,0,0,0,0,0,0,0,0,0,0,0,0,0,0,0,0,0,0,0,0,0,0,0,0,0,0,0,0,0,0,0,0,0,0,0,0,0,0,0,0,0,0,0,0,0,0,0,0,0,0,0,0,0,0,0,0,0,0,0,0,0,0,0,0,0,0,0,0,0,0,0,0,0,0,0,0,0,0,0,0,0,0,0,0,0,0,0,0,0,0
0,0,0,0,0,0,0,0,0,0,0,0,0,0,0,0,0,0,0,0,0,0,0,0,0,0,0,0,0,0,0,0,0,0,0,0,0,0,0,0,0,0,0,0,0,0,0,0,0,0,0,0,0,0,0,0,0,0,0,0,0,0,0,0,0,0,0,0,0,0,0,0,0,0,0,0,0,0,0,0,0,0,0,0,0,0,0,0,0,0,0,0,0,0,0,0,0,0,0,0
0,0,0,0,0,0,0,0,0,0,0,0,0,0,0,0,0,0,0,0,0,0,0,0,0,0,0,0,0,0,0,0,0,0,0,0,0,0,0,0,0,0,0,0,0,0,0,0,0,0,0,0,0,0,0,0,0,0,0,0,0,0,0,0,0,0,0,0,0,0,0,0,0,0,0,0,0,0,0,0,0,0,0,0,0,0,0,0,0,0,0,0,0,0,0,0,0,0,0,0
0,0,0,0,0,0,0,0,0,0,0,0,0,0,0,0,0,0,0,0,0,0,0,0,0,0,0,0,0,0,0,0,0,0,0,0,0,0,0,0,0,0,0,0,0,0,0,0,0,0,0,0,0,0,0,0,0,0,0,0,0,0,0,0,0,0,0,0,0,0,0,0,0,0,0,0,0,0,0,0,0,0,0,0,0,0,0,0,0,0,0,0,0,0,0,0,0,0,0,0
0,0,0,0,0,0,0,0,0,0,0,0,0,0,0,0,0,0,0,0,0,0,0,0,0,0,0,0,0,0,0,0,0,0,0,0,0,0,0,0,0,0,0,0,0,0,0,0,0,0,0,0,0,0,0,0,0,0,0,0,0,0,0,0,0,0,0,0,0,0,0,0,0,0,0,0,0,0,0,0,0,0,0,0,0,0,0,0,0,0,0,0,0,0,0,0,0,0,0,0
0,0,0,0,0,0,0,0,0,0,0,0,0,0,0,0,0,0,0,0,0,0,0,0,0,0,0,0,0,0,0,0,0,0,0,0,0,0,0,0,0,0,0,0,0,0,0,0,0,0,0,0,0,0,0,0,0,0,0,0,0,0,0,0,0,0,0,0,0,0,0,0,0,0,0,0,0,0,0,0,0,0,0,0,0,0,0,0,0,0,0,0,0,0,0,0,0,0,0,0
0,0,0,0,0,0,0,0,0,0,0,0,0,0,0,0,0,0,0,0,0,0,0,0,0,0,0,0,0,0,0,0,0,0,0,0,0,0,0,0,0,0,0,0,0,0,0,0,0,0,0,0,0,0,0,0,0,0,0,0,0,0,0,0,0,0,0,0,0,0,0,0,0,0,0,0,0,0,0,0,0,0,0,0,0,0,0,0,0,0,0,0,0,0,0,0,0,0,0,0
0,0,0,0,0,0,0,0,0,0,0,0,0,0,0,0,0,0,0,0,0,0,0,0,0,0,0,0,0,0,0,0,0,0,0,0,0,0,0,0,0,0,0,0,0,0,0,0.000242241215015624,2.86851405300877e-05,0,0,0,0,0,0,0,0,0,0,0,0,0,0,0,0,0,0,0,0,0,0,0,0,0,0,0,0,0,0,0,0,0,0,0,0,0,0,0,0,0,0,0,0,0,0,0,0,0,0,0
0,0,0,0,0,0,0,0,0,0,0,0,0,0,0,0,0,0,0,0,0,0,0,0,0,0,0,0,0,0,0,0,0,0,0,0,0,0,0,0,0.000120190611047724,0.000196378363556213,0,0.000154727597850834,2.3506813544655e-06,0.000146614834658513,0.000530435913486347,0.000971773523972607,0.000533616331328281,0.000247068433032214,0.000162124093182729,0,0,0,0,0,0,0,0,0,0,0,0,0,0,0,0,0,0,0,0,0,0,0,0,0,0,0,0,0,0,0,0,0,0,0,0,0,0,0,0,0,0,0,0,0,0,0,0,0
0,0,0,0,0,0,0,0,0,0,0,0,0,0,0,0,0,0,0,0,0,0,0,0,0,0,0,0,0,0,0,0,0,0,0,0,0,0,0,0,6.96426017585781e-05,0.000113788423637485,8.54858654676306e-05,0.000736026960300265,0.000335563409304951,0.000722018217732783,0.000934695300558222,0.000421989102428108,0.000375863445429801,6.47859961142638e-05,3.91079320873101e-05,0,0,0.000118602210294204,0.000213325934930124,0,0,0,0,0,0,0,0,0,0,0,0,0,0,0,0,0,0,0,0,0,0,0,0,0,0,0,0,0,0,0,0,0,0,0,0,0,0,0,0,0,0,0,0,0
0,0,0,0,0,0,0,0,0,0,0,0,0,0,0,0,0,0,0,0,0,0,0,0,0,0,0,0,0,0,0,0,0,0,0,0,6.24454710914144e-05,9.41705544640683e-05,0,0,0.000183994991992911,0.000200120955067807,0.000291501535581167,0.000760261864049315,0.000330816916315672,0.00142764825594335,0.00163294657772099,0.000531947856809397,0.000478463532929235,0.000559999015473178,0.000827254797531555,0.000304013228010337,0.000439274360428134,0.000205942040799538,0.000381902311162376,3.73111157162551e-05,0.000441775526272236,5.6143363776812e-05,1.95432472782747e-05,0,0,0,0,0,0,0,0,0,0,0,0,0,0,0,0,0,0,0,0,0,0,0,0,0,0,0,0,0,0,0,0,0,0,0,0,0,0,0,0,0
0,0,0,0,0,0,0,0,0,0,0,0,0,0,0,0,0,0,0,0,0,0,0,0,0,0,0,0,0,0,0,0,0,0,0,0,0.000136913026450373,0.000245493629584044,0.000241264719059884,0.00016116669343453,0.000981754938681163,0.00107471276214138,0.000550292247257648,0.000612626225896239,0.00080387156035416,0.000474066811947851,0.00110047920876491,0.000634503434872274,0.000688767116416117,0.000563497747546224,0.000927313180731867,0.00101674965320746,0.00150204249480344,0.000998349255729303,0.000408847436212213,1.62872568841444e-06,1.92846323230942e-05,0.000314750265850424,0.000109563123094489,0,0,0,0,0,0,0,0,0,0,0,0,0,0,0,0,0,0,0,0,0,0,0,0,0,0,0,0,0,0,0,0,0,0,0,0,0,0,0,0,0
0,0,0,0,0,0,0,0,0,0,0,0,0,0,0,0,0,0,0,0,0,0,0,0,0,0,0,0,0,0,0,0,0,0,0,0,6.03099274297278e-05,0.000289338012774861,0.00077203449514736,0.000400112709188869,0.00131081388331603,0.00151914011525187,0.000989500238478388,0.0011923031908122,0.000411299646383017,0.000225837487141375,0.00169329578103652,0.000580688346251655,0.000198711233904524,0.000472079835048588,0.000630496551742278,0.000621794283047441,0.000529447188490085,0.000693613751117036,0.000151187413636092,0.000327532113939225,0,0.000280312110827644,0.000242795202003523,0.000176275080299343,0,0,0,0,0,0,0,0,0,0,0,0,0,0,0,0,0,0,0,0,0,0,0,0,0,0,0,0,0,0,0,0,0,0,0,0,0,0,0,0
0,0,0,0,0,0,0,0,0,0,0,0,0,0,0,0,0,0,0,0,0,0,0,0,0,0,0,0,0,0,0,0,0,0.00019403812398935,0.000227171597567837,3.55862769133526e-05,0.000314811333781412,0.000863311089482132,0.00115331834625584,0.00089013754843022,0.00166091666126548,0.00127664239448114,0.0013243162559378,0.00193547964597075,0.000801390532586409,0.000525838668189516,0.0007672325381104,0.00070541964733206,0.000646077363797776,0.000920464656977959,0.000948596435888541,0.000149362992459495,0.000107337971787416,0.00017727161112752,7.94460839234955e-05,0.000440384748997355,0.000194747784768997,0.000914826757829016,0.000763064612023255,0.00012272623701722,0,0,0,0,0,0,0,0,0,0,0,0,0,0,0,0,0,0,0,0,0,0,0,0,0,0,0,0,0,0,0,0,0,0,0,0,0,0,0,0
0,0,0,0,0,0,0,0,0,0,0,0,0,0,0,0,0,0,0,0,0,0,0,0,0,0,0,0,0,0,0,0,0,3.62962131099967e-05,4.24940653328167e-05,0.000258000918920287,0.000742035428853008,0.000822827973717476,0.00145379032853972,0.00250025994651332,0.00271631407152684,0.00183819811292636,0.00165308599092789,0.00118384572803979,0.000418447077943703,0.00118549149205408,0.000739070309130085,0.000683881615955859,0.000505199488754142,0.000388965699843495,0.00116135818186646,0.00027728259803729,0.00025546124648609,0.000761269826626944,2.88035036113323e-05,0.000157091749139973,0.000131325975662249,2.12325618914468e-05,6.41282516811648e-05,0,0,0,0,0,0,0,0,0,0,0,0,0,0,0,0,0,0,0,0,0,0,0,0,0,0,0,0,0,0,0,0,0,0,0,0,0,0,0,0,0
0,0,0,0,0,0,0,0,0,0,0,0,0,0,0,0,0,0,0,0,0,0,0,0,0,0,0,0,0,0,0,0,0,0,0.000258540819521244,0.00108269726548133,0.000607130220640587,0.00219271872765976,0.00314954854273818,0.00368750938032232,0.00203086112732158,0.00118938187538476,0.00113147801300846,0.00187572914242736,0.000904669779100773,0.000639620304278815,0.000540000769303218,0.000477999390328376,0.00112101966552861,0.000838803387593252,0.00133170890429114,0.000156859654954828,0.000418138560444773,0.000436277334389046,0,0.00064328940234801,0.000147666188726064,0.000567536738052592,0.00065303277614544,0.000173705232120571,0.00011891110203156,0.000412881660784147,0,0,0,0,0,0,0,0,0,0,0,0,0,0,0,0,0,0,0,0,0,0,0,0,0,0,0,0,0,0,0,0,0,0,0,0,0,0
0,0,0,0,0,0,0,0,0,0,0,0,0,0,0,0,0,0,0,0,0,0,0,0,0,0,0,0,0,0,0,0,0.000152844407543026,0.000264347728492374,0.000877197116191508,0.00178085435859153,0.00348666430657965,0.0048624976922643,0.00437752860467067,0.00278474545382768,0.00075209060082639,0.000811986179915006,0.000384676767036875,0.000608652491083837,0.000564350009738679,0.000966135916928159,0.000612470526568138,0.000198855268305032,0.000624470773326982,0.00124040122118646,0.00170443431659128,0.000316843316446183,8.38060200801847e-05,0.000185049908110355,0.000173927951633507,0.000510496803244894,0.000815083039303467,0.00130156537426163,0.000262745004464439,0.00040021700653417,0.000170385043687008,0.000606185198413894,0.000179603322463337,0,0,0,0,0,0,0,0,0,0,0,0,0,0,0,0,0,0,0,0,0,0,0,0,0,0,0,0,0,0,0,0,0,0,0,0,0
0,0,0,0,0,0,0,0,0,0,0,0,0,0,0,0,0,0,0,0,0,0,0,0,0,0,0,0,0,0,0,0,0.000205818171589091,0.0015233082075384,0.00130850597057857,0.00212350919098406,0.00333659312230953,0.00279510823239577,0.00226321401537897,0.00173920193621696,0.00108515958496608,0.00141683654061219,0.00106383338392591,0.000577453654971518,0.000912126403165652,0.00132072103828669,0.000539956104552742,0.000114027505460395,0.000493931245983574,0.00083904143683942,0.000416926456458433,0.000130178020796228,0.000546371168048915,0.000729461164166421,0.00029497942698372,0.000306076349577873,0.000960730932417715,0.000984732614667854,0.000263526837534798,0,0.000152580305447822,0.000318322196356722,7.93105905444672e-05,0,0,0,0,0,0,0,0,0,0,0,0,0,0,0,0,0,0,0,0,0,0,0,0,0,0,0,0,0,0,0,0,0,0,0,0,0
0,0,0,0,0,0,0,0,0,0,0,0,0,0,0,0,0,0,0,0,0,0,0,0,0,0,0,0,0,0,0,7.41625992754298e-05,0.000572484259304188,0.00143386197407156,0.00111913889459636,0.00446150690734739,0.00289044331025207,0.0043868829731736,0.00201417063706651,0.00318022855978783,0.00172682159151406,0.00112931773775266,0.000894112904310154,0.00121005332682114,0.000197839226465779,0.000416645260156923,0.00053695785849742,0.00109714426860912,0.000902884758576943,0.000381872946219586,0.00139257417100487,0.000580018121433376,0.00165371798696188,0.000632477329369586,0.000434221552141478,0.000638523212061858,0.000754243754013834,0.000347154158661481,0.000505369846051721,0.000186625216003461,4.08924925395976e-05,0.000480281160499601,4.98966777050018e-06,0,0,0,0,0,0,0,0,0,0,0,0,0,0,0,0,0,0,0,0,0,0,0,0,0,0,0,0,0,0,0,0,0,0,0,0,0
0,0,0,0,0,0,0,0,0,0,0,0,0,0,0,0,0,0,0,0,0,0,0,0,0,0,0,0,0,0,0,0.000174528460677119,0.000467681615666524,0.000688062191117575,0.00183422695899616,0.00174154816197876,0.00367785263239213,0.00497726809011606,0.00372716371525301,0.00381389826387873,0.00171716958325325,0.000648947787927575,0.000280708262811628,0.000300831439670577,0.000386480718480364,0.000290428449584193,0.000359736806361574,0.000858185588385772,0.000431180669526432,0.000548439831786881,0.0011739428022518,0.000994447114557407,0.000731279327093813,0.000604694149914134,0.000340432372940679,0.000319619564177159,0.000268607911779984,0.000433119231973318,0.000951170956656118,0.000526622820611194,0.000276878340636447,0.000496271362544036,4.40942492495246e-05,0,0,0,0,0,0,0,0,0,0,0,0,0,0,0,0,0,0,0,0,0,0,0,0,0,0,0,0,0,0,0,0,0,0,0,0,0
0,0,0,0,0,0,0,0,0,0,0,0,0,0,0,0,0,0,0,0,0,0,0,0,0,0,0,0,0,0,0.000122846819938272,0.000106908931099831,0.00107681446352024,0.00304756074203787,0.00339354315943975,0.00429697530551686,0.00498263083966896,0.00344864371046166,0.00271278184153964,0.00160929308624361,0.000640587962527423,0.000873336374496963,0.000184672030163113,0.000410196792305677,0.000428827930570187,0.000338898525670821,0.000935834440940539,0.000756959646773835,0.00152259400869683,0.000598415474445052,0.00118873129819322,0.00175311020381669,0.000932472743122636,0.000449018278925421,0.000347933497674235,0.000689659057456619,0.000717099427546403,0.000986709229427352,0.00151813220383133,0.000400850522675682,1.53471911962413e-05,0.000157892032274371,0.000149939578155198,0,0,0,0,0,0,0,0,0,0,0,0,0,0,0,0,0,0,0,0,0,0,0,0,0,0,0,0,0,0,0,0,0,0,0,0,0
0,0,0,0,0,0,0,0,0,0,0,0,0,0,0,0,0,0,0,0,0,0,0,0,0,0,0,0,0,0,0.000581504128550121,0.000898654726866562,0.00301485620392686,0.00433328038219805,0.00351467148226893,0.00530899110543859,0.00394798173674483,0.00355290188035893,0.0023250869924221,0.000426448242879148,0.0010932108905606,0.000477828881683447,0.000458842182408285,0.000357361087038791,0.000455574053334114,0.000866117625960336,0.00172279467590614,0.00161706559211743,0.000468774773674999,0.000333074291716244,0.000461453053043704,0.000307703298015859,0.00077480119675803,0.00167158563422199,0.000414124957276949,0.000950722491473019,0.00130627037426202,0.000364005571074181,0.00124068238274201,0.00154621525729907,0.000327186215820357,0.000377585040415272,0.000502498830488642,7.52153585383743e-05,0,0,0,0,0,0,0,0,0,0,0,0,0,0,0,0,0,0,0,0,0,0,0,0,0,0,0,0,0,0,0,0,0,0,0,0
0,0,0,0,0,0,0,0,0,0,0,0,0,0,0,0,0,0,0,0,0,0,0,0,0,0,0,0,0,0,0.000489262500768045,0.0013097978197039,0.00317952099531407,0.00423208893691182,0.0043263972058384,0.00506815290992587,0.00397226223323371,0.00356195794155804,0.00151484398334924,0.000947946600819589,0.00198152880262677,0.00113498905585656,0.000354648533942949,0.000163689368407708,0.000374891906849255,0.00110845035736349,0.00115645053203056,0.00181503692837072,0.000791639442270193,0.000740199674011475,0.00119130068074062,0.000930249898197171,0.000869845397015504,0.00137253951882914,0.00043359055859413,0.000325353874088769,0.000541122399408835,0.000265674678531286,0.000786538230967087,0.000609905512665226,0.00112225824647862,0.0008933145453187,0.000281366067538347,6.57616969288329e-05,0,0,0,0,0,0,0,0,0,0,0,0,0,0,0,0,0,0,0,0,0,0,0,0,0,0,0,0,0,0,0,0,0,0,0,0
0,0,0,0,0,0,0,0,0,0,0,0,0,0,0,0,0,0,0,0,0,0,0,0,0,0,0,0,0,0,0.000108067091179497,0.00159650605774035,0.00431570231820075,0.00439033773981155,0.00406551799638748,0.00625460260726299,0.0029434502492344,0.00357204541624043,0.0015924249050115,0.00149683403397166,0.00157847820308573,0.0015844067892219,0.00102800635748824,0.000713578570903805,0.000514143100236712,0.000663704292869138,0.00106519999211081,0.000153427858390577,0.000530855422777767,0.00166575103407266,0.00101071435939249,0.000456958123534713,0.000478013362743366,0.00141322764609254,0.00131833040918351,0.000610344133720204,0.000943413746044575,0.00054673314690702,0.000784995664103236,0.000824647393632798,0.000364430724788963,0,0,0,0,0,0,0,0,0,0,0,0,0,0,0,0,0,0,0,0,0,0,0,0,0,0,0,0,0,0,0,0,0,0,0,0,0,0,0
0,0,0,0,0,0,0,0,0,0,0,0,0,0,0,0,0,0,0,0,0,0,0,0,0,0,0,0,0,0.000279176445325914,0.000851673104007288,0.00212200158860268,0.00346150402031721,0.00414995408357235,0.00463956980142553,0.00375653830129107,0.00358702325260348,0.00308396412436453,0.00165273932080014,0.000633548662239971,0.000367519226117622,0.000653043655645854,0.000736369767650786,0.00104905495030869,0.00130094625182541,0.000113703192069201,0.000692865332672419,0.000355301616660972,0.00131333828235036,0.000987821900073585,0.000483104976320504,3.33017689897834e-05,0.00039968691636238,0.000649404987453746,0.00178639264015955,0.000696815977992348,0.00156763580679706,0.00167350306491096,0.0001679470445936,7.58414743019611e-05,6.36551739503056e-05,0.000241031644709654,0,0,0,0,0,0,0,0,0,0,0,0,0,0,0,0,0,0,0,0,0,0,0,0,0,0,0,0,0,0,0,0,0,0,0,0,0,0
0,0,0,0,0,0,0,0,0,0,0,0,0,0,0,0,0,0,0,0,0,0,0,0,0,0,0,0,0,8.01461405895953e-05,0.000795581939747401,0.00106370084635489,0.0049384168810388,0.00622571261993044,0.00594729161108659,0.00326320966846827,0.00518252798578462,0.00222613198330713,0.00137992387832034,0.00187346188934805,0.000271515716654303,0.000197277576511552,0.000535525355065016,0.000854195975773718,0.00123996810572233,6.85420193970263e-05,0.000823057341635412,0.00101977100446628,0.00156722221095269,0.00104771999981368,0.000200464331349952,0.000140454777016035,0.000621114168055541,0.000992133616014688,2.35900603546183e-05,9.29421304606886e-05,0.000610682515943448,0.000351928110712197,0.0002163397435012,0.000132124053539507,0.00010767519264714,0.000502726687650816,0.00015262707494054,0.000244216705580488,0,0,0,0,0,0,0,0,0,0,0,0,0,0,0,0,0,0,0,0,0,0,0,0,0,0,0,0,0,0,0,0,0,0,0,0
0,0,0,0,0,0,0,0,0,0,0,0,0,0,0,0,0,0,0,0,0,0,0,0,0,0,0,0,0,0.000118869173585704,0.00109873805505278,0.00162310319707373,0.00391345460669724,0.00513739730394749,0.00471126715605989,0.00397163400369274,0.00392279108644815,0.00242072333346742,0.0019744082516736,0.00204077929459309,0.00097277232046064,0.000520618014929582,0.000743177742339469,0.000328973226127918,0.000264642623562895,0.000265490935597715,0.000670284982266218,0.00018488778481233,0.000446800411496161,0.00146733555260759,0.000859140366936903,0.000809545483068686,0.000748890717496491,0.000584118881878354,0.000619393230305842,0.000417652262708503,0.00058133921840829,0.000530406981507014,0.00107092031377444,0.00163947390152429,0.0003275647475438,0.000323385424306544,0.000839493291498752,0.000132057740235857,6.10636239657256e-06,0,0,0,0,0,0,0,0,0,0,0,0,0,0,0,0,0,0,0,0,0,0,0,0,0,0,0,0,0,0,0,0,0,0,0
0,0,0,0,0,0,0,0,0,0,0,0,0,0,0,0,0,0,0,0,0,0,0,0,0,0,0,0,0,1.4052629346867e-05,0.000769733514506743,0.00187379082854543,0.00390235767549491,0.00752437629348136,0.00524018334965213,0.00449987880099806,0.00476600456818629,0.00385535771286347,0.00299515516319875,0.00105028107691053,0.00037677406103787,0.00100987378948818,0.000985711904118354,0.000991459215620165,0.000978046681328763,0.00115118581500264,0.000374922715296355,0.000288758299888865,0.000144209148793265,0.000479531654715686,0.000312056919796326,0.000670136105746954,0.000588327504006175,0.000375244236603363,0.00116506885967731,0.000370194040746929,0,0.000247682555908172,0.000137776005599931,9.00356873244089e-05,1.12041772289432e-05,4.43906370659988e-07,1.12202235345922e-06,0.000391911715399321,3.66061374180295e-05,0,0,0,0,0,0,0,0,0,0,0,0,0,0,0,0,0,0,0,0,0,0,0,0,0,0,0,0,0,0,0,0,0,0,0
0,0,0,0,0,0,0,0,0,0,0,0,0,0,0,0,0,0,0,0,0,0,0,0,0,0,0,0,0,0,2.90681458948827e-05,0.00162814346105946,0.00425178293653142,0.00598611996337449,0.00500531976833755,0.00490589387826837,0.00482515629263215,0.00281864727582736,0.00306328940604969,0.000769550639393124,0.000509014536908829,0.00232338444628384,0.00182320776518133,0.000706128320157844,0.000239633658832546,0.00099028604918575,0.000813873092613606,0.000250824410172407,0.000155396745107063,0.00137575181729793,0.00058234717899344,0.00100499619463249,0.000653316464051889,0.000739447581410589,8.27810350541573e-05,1.0020180484016e-06,0.000110984295986902,0.000301495378428373,0.000213731529467723,0.000607605322595021,0,3.92107758075404e-07,1.93954525068492e-08,0,0,0,0,0,0,0,0,0,0,0,0,0,0,0,0,0,0,0,0,0,0,0,0,0,0,0,0,0,0,0,0,0,0,0,0,0
0,0,0,0,0,0,0,0,0,0,0,0,0,0,0,0,0,0,0,0,0,0,0,0,0,0,0,0,0,1.14979481232048e-05,0.000574101949768296,0.00187700459597506,0.00228604274010327,0.00438476041212968,0.00631580744079035,0.00453851569340978,0.00407410397740619,0.00328731099884777,0.00367393061047406,0.0020241378835302,0.0004437641754241,0.000944056898165673,0.00165105690711052,0.00114770990264567,0.000253633697994396,0.000184919491741003,0.000633183475870408,0.000724670925591833,0.000453786429397839,0.00113609489038016,0.000430422646885349,0.00147227899302326,0.000557395199593648,0.000700246596968476,0.000355475495435558,5.92275229499556e-06,0.000171557853562612,0.000482080594766449,0.000316476032600061,0.000366079074960296,0,0.000476041305143606,2.35471916458122e-05,0,0,0,0,0,0,0,0,0,0,0,0,0,0,0,0,0,0,0,0,0,0,0,0,0,0,0,0,0,0,0,0,0,0,0,0,0
0,0,0,0,0,0,0,0,0,0,0,0,0,0,0,0,0,0,0,0,0,0,0,0,0,0,0,0,0,1.55547290027517e-05,0.000429661114896169,0.00141451104531589,0.00287374726748115,0.00525216508747625,0.0046783322416593,0.00354723813567034,0.00436027800460396,0.00387171691479157,0.00195375515024452,0.00115946956767074,0.000557893773560673,0.000802263565594825,0.0013037840593003,0.000766861913261325,0.00110213271242453,0.000365752861198942,0.00102194007738453,0.000689115578714103,0.00084648198460802,0.00074755380729424,0.00123003171095487,0.0012707410940221,0.000932516819267745,0.000442979799675469,0.000455381280316099,9.61512915466075e-05,0.000236066369712752,0.000139585110346855,0.000453179323829811,9.11110744138775e-05,0.000217341018218267,5.52113031372233e-05,0,0,0,0,0,0,0,0,0,0,0,0,0,0,0,0,0,0,0,0,0,0,0,0,0,0,0,0,0,0,0,0,0,0,0,0,0,0
0,0,0,0,0,0,0,0,0,0,0,0,0,0,0,0,0,0,0,0,0,0,0,0,0,0,0,0,9.16354696660995e-05,0.000171482568889699,0,0.00131681649124847,0.00208644992051258,0.00328165321184998,0.00329021577754753,0.00391638559657542,0.00447362348325273,0.003479488967283,0.00197551731709636,0.000678084120058496,0.000893337309965785,0.00068804934989556,0.00109402769055721,0.00123688734325543,0.000697426741706628,0.00102407362751991,0.000783547721801645,0.000395772984857682,0.000217241604253153,0.000761087984240062,0.000938356444802444,0.000915475933770159,0.000366290216181231,0.000372718015499366,0.00035122358239206,7.64848362852995e-06,0.000426997404009745,0.000147319158038932,0.000205456514279281,2.62808817548217e-05,0.000185922783937225,0.000268787429528516,0,0,0,0,0,0,0,0,0,0,0,0,0,0,0,0,0,0,0,0,0,0,0,0,0,0,0,0,0,0,0,0,0,0,0,0,0,0
0,0,0,0,0,0,0,0,0,0,0,0,0,0,0,0,0,0,0,0,0,0,0,0,0,0,0,0,8.24982958656517e-05,0.000154383665578549,0,0.000230791076115435,0.00102138582485786,0.00163743584028178,0.00249310112263173,0.00386856379299365,0.00378176300684504,0.00413869813424225,0.00333866626217469,0.0020805871190573,0.000380945277577017,0.000601303054051629,0.000840748569401351,0.000913526026062225,0.000482774451538894,0.000813957932399294,0.000791866604336327,0.000299818732728655,0.000817556260106233,0.00125310944475239,0.00112986915292554,0.00115234268427278,0.00142838662147357,0.00124945493392396,0.000192725712675898,0.000251224850513058,0.000530328212147659,0.000446067083326767,0.000805401070127811,6.8034028238744e-05,0.000397265795221556,0.000267277618488911,0,0,0,0,0,0,0,0,0,0,0,0,0,0,0,0,0,0,0,0,0,0,0,0,0,0,0,0,0,0,0,0,0,0,0,0,0,0
0,0,0,0,0,0,0,0,0,0,0,0,0,0,0,0,0,0,0,0,0,0,0,0,0,0,0,0,0,0,7.04732667623806e-05,0.000405632930015341,0.000341318205689131,0.000882488497826615,0.00128595533196924,0.00233657422310112,0.0050880500476437,0.00481351797475758,0.00190241519380971,0.00205961954681835,0.0015316975592513,0.00170415625374483,0.000829565070796286,0.000574727835813874,0.000306488607867141,0.000313334285962249,0.000280842026565623,0.000118166307423183,0.00109567412356698,0.00125109052538524,0.000861353575152014,0.000478759611232298,0.000469939718147311,0.000679303605080197,0.000690774287598858,0.000134913685181036,0.000329143778886814,0.000256758311344535,0.000409786968804018,7.26863854182873e-05,3.42182863373942e-05,0,0,0,0,0,0,0,0,0,0,0,0,0,0,0,0,0,0,0,0,0,0,0,0,0,0,0,0,0,0,0,0,0,0,0,0,0,0,0
0,0,0,0,0,0,0,0,0,0,0,0,0,0,0,0,0,0,0,0,0,0,0,0,0,0,0,0,0,0,3.53965949907954e-06,0.000231592480833248,0.000163236320560356,0.000823406251852334,0.00148107686004786,0.00175601085538283,0.00234714819449364,0.0042985043144675,0.00250785926017852,0.00292483723783258,0.00303813811511878,0.00321456257542956,0.00142636053051863,0.00089639241916985,0.000817026707920453,0.000802667071538736,0.000598374161534265,0.000466091197198269,0.000374215166295378,0.000466736545267745,0.000336239256332159,0.000835816788859566,0.000210225468756456,0.000789838708600973,0.000839062342155525,0.000193883662409207,0.000165136686348834,0.000632189129535661,0.000273675079034546,3.52818553937419e-05,0,0,0,0,0,0,0,0,0,0,0,0,0,0,0,0,0,0,0,0,0,0,0,0,0,0,0,0,0,0,0,0,0,0,0,0,0,0,0,0
0,0,0,0,0,0,0,0,0,0,0,0,0,0,0,0,0,0,0,0,0,0,0,0,0,0,0,0,0,0,0,7.08156909186673e-05,5.47282894193554e-05,0.000151023869720922,0.000679892850059576,0.00137405972998875,0.00262273732473135,0.00219923542362651,0.00364855144312934,0.00427340338746939,0.00222054352230018,0.00184549798795527,0.00198879544193114,0.00102046633634659,0.000738085561812491,0.00133362596498242,0.00028253642472628,0.00123415189048098,0.00104358074141692,0.00100366725737855,0.000116432052199533,0.000329967097991265,0.000350197151724492,0.000730347102779575,0.000573583625375513,0.000289509983049832,9.36700177592931e-05,0.000356678076581132,0.000450487151898992,0,0,0,0,0,0,0,0,0,0,0,0,0,0,0,0,0,0,0,0,0,0,0,0,0,0,0,0,0,0,0,0,0,0,0,0,0,0,0,0,0
0,0,0,0,0,0,0,0,0,0,0,0,0,0,0,0,0,0,0,0,0,0,0,0,0,0,0,0,0,0,0,0,0,0,0.000286774755534652,0.000551165289054201,0.000887095457163584,0.00146777289908541,0.00292216810286415,0.00469996731074878,0.0031816161420575,0.00232318465556201,0.00232463369095369,0.00285964968412513,0.00252143153827745,0.00130869483642537,0.00126778882354418,0.00173296402835765,0.0003284039197678,0.000409399432503259,0.00031248917672425,0.000217198064078739,0.000132332601164203,0.000604566293382217,0.00070851712827523,0.000555893616179813,0,0.000143294213711101,0.000221672162340945,0,0,0,0,0,0,0,0,0,0,0,0,0,0,0,0,0,0,0,0,0,0,0,0,0,0,0,0,0,0,0,0,0,0,0,0,0,0,0,0,0
0,0,0,0,0,0,0,0,0,0,0,0,0,0,0,0,0,0,0,0,0,0,0,0,0,0,0,0,0,0,0,0,0,0,0,2.28960166091622e-05,0.000858866693244576,0.000758875271027687,0.00129024805067861,0.00176021594597664,0.00245131423569341,0.00149388957884395,0.00187590292077879,0.00282626251008687,0.00275112164251219,0.00195357626863807,0.0013613921539173,0.00122464816752065,0.000746548515810242,0.00075513696550906,0.000150638464711706,0.00019399789734348,0.000939088875721777,0.000167089708644306,0.000246485486816326,3.10232016507178e-05,0,0,0,0,0,0,0,0,0,0,0,0,0,0,0,0,0,0,0,0,0,0,0,0,0,0,0,0,0,0,0,0,0,0,0,0,0,0,0,0,0,0,0,0
0,0,0,0,0,0,0,0,0,0,0,0,0,0,0,0,0,0,0,0,0,0,0,0,0,0,0,0,0,0,0,0,0,0,0,0,0.000122548221523725,0.000310477711161525,0,0.000188678475140098,0.000142171425140301,0.000530589739324435,0.00182761708945386,0.00177752031265073,0.00212012172504583,0.00259274058641144,0.00202652540061821,0.00083487698849061,0.0010645222914546,0.000702160011536429,5.21666856054445e-05,2.58159735826652e-05,0.000106133110154863,5.4265128495766e-05,0.000385266435588752,0,0,0,0,0,0,0,0,0,0,0,0,0,0,0,0,0,0,0,0,0,0,0,0,0,0,0,0,0,0,0,0,0,0,0,0,0,0,0,0,0,0,0,0,0
0,0,0,0,0,0,0,0,0,0,0,0,0,0,0,0,0,0,0,0,0,0,0,0,0,0,0,0,0,0,0,0,0,0,0,0,2.30094727708764e-05,6.76613196459432e-05,0,0,0.000114316570909003,0.00042590196236701,9.32327521102833e-05,0.00017710448373335,0.000341127478144726,0.000629934146203086,0.000485318303988274,0.00070758896478685,0.000279218262502212,0.00051465106773708,4.03251694894117e-05,0,0,6.89793346519117e-06,6.97161883740899e-05,0,0,0,0,0,0,0,0,0,0,0,0,0,0,0,0,0,0,0,0,0,0,0,0,0,0,0,0,0,0,0,0,0,0,0,0,0,0,0,0,0,0,0,0,0
0,0,0,0,0,0,0,0,0,0,0,0,0,0,0,0,0,0,0,0,0,0,0,0,0,0,0,0,0,0,0,0,0,0,0,0,0,0,0,0,0,0,0,0,0,0.000227518246044396,0.000206410710701713,9.75770957229113e-05,0,0,0,0,0,0,0,0,0,0,0,0,0,0,0,0,0,0,0,0,0,0,0,0,0,0,0,0,0,0,0,0,0,0,0,0,0,0,0,0,0,0,0,0,0,0,0,0,0,0,0,0
0,0,0,0,0,0,0,0,0,0,0,0,0,0,0,0,0,0,0,0,0,0,0,0,0,0,0,0,0,0,0,0,0,0,0,0,0,0,0,0,0,0,2.99325815314422e-05,6.590314000122e-05,0,0.000123631617770394,4.4947334860167e-05,0,0,0,0,0,0,0,0,0,0,0,0,0,0,0,0,0,0,0,0,0,0,0,0,0,0,0,0,0,0,0,0,0,0,0,0,0,0,0,0,0,0,0,0,0,0,0,0,0,0,0,0,0
0,0,0,0,0,0,0,0,0,0,0,0,0,0,0,0,0,0,0,0,0,0,0,0,0,0,0,0,0,0,0,0,0,0,0,0,0,0,0,0,0,0,0.000126233517354978,0.00027793076111236,0,0.000243055966418515,8.83650809509235e-05,0,0,0,0,0,0,0,0,0,0,0,0,0,0,0,0,0,0,0,0,0,0,0,0,0,0,0,0,0,0,0,0,0,0,0,0,0,0,0,0,0,0,0,0,0,0,0,0,0,0,0,0,0
0,0,0,0,0,0,0,0,0,0,0,0,0,0,0,0,0,0,0,0,0,0,0,0,0,0,0,0,0,0,0,0,0,0,0,0,0,0,0,0,0,0,0,0,0,0,0,0,0,0,0,0,0,0,0,0,0,0,0,0,0,0,0,0,0,0,0,0,0,0,0,0,0,0,0,0,0,0,0,0,0,0,0,0,0,0,0,0,0,0,0,0,0,0,0,0,0,0,0,0
0,0,0,0,0,0,0,0,0,0,0,0,0,0,0,0,0,0,0,0,0,0,0,0,0,0,0,0,0,0,0,0,0,0,0,0,0,0,0,0,0,0,0,0,0,0,0,0,0,0,0,0,0,0,0,0,0,0,0,0,0,0,0,0,0,0,0,0,0,0,0,0,0,0,0,0,0,0,0,0,0,0,0,0,0,0,0,0,0,0,0,0,0,0,0,0,0,0,0,0
0,0,0,0,0,0,0,0,0,0,0,0,0,0,0,0,0,0,0,0,0,0,0,0,0,0,0,0,0,0,0,0,0,0,0,0,0,0,0,0,0,0,0,0,0,0,0,0,0,0,0,0,0,0,0,0,0,0,0,0,0,0,0,0,0,0,0,0,0,0,0,0,0,0,0,0,0,0,0,0,0,0,0,0,0,0,0,0,0,0,0,0,0,0,0,0,0,0,0,0
0,0,0,0,0,0,0,0,0,0,0,0,0,0,0,0,0,0,0,0,0,0,0,0,0,0,0,0,0,0,0,0,0,0,0,0,0,0,0,0,0,0,0,0,0,0,0,0,0,0,0,0,0,0,0,0,0,0,0,0,0,0,0,0,0,0,0,0,0,0,0,0,0,0,0,0,0,0,0,0,0,0,0,0,0,0,0,0,0,0,0,0,0,0,0,0,0,0,0,0
0,0,0,0,0,0,0,0,0,0,0,0,0,0,0,0,0,0,0,0,0,0,0,0,0,0,0,0,0,0,0,0,0,0,0,0,0,0,0,0,0,0,0,0,0,0,0,0,0,0,0,0,0,0,0,0,0,0,0,0,0,0,0,0,0,0,0,0,0,0,0,0,0,0,0,0,0,0,0,0,0,0,0,0,0,0,0,0,0,0,0,0,0,0,0,0,0,0,0,0
0,0,0,0,0,0,0,0,0,0,0,0,0,0,0,0,0,0,0,0,0,0,0,0,0,0,0,0,0,0,0,0,0,0,0,0,0,0,0,0,0,0,0,0,0,0,0,0,0,0,0,0,0,0,0,0,0,0,0,0,0,0,0,0,0,0,0,0,0,0,0,0,0,0,0,0,0,0,0,0,0,0,0,0,0,0,0,0,0,0,0,0,0,0,0,0,0,0,0,0
0,0,0,0,0,0,0,0,0,0,0,0,0,0,0,0,0,0,0,0,0,0,0,0,0,0,0,0,0,0,0,0,0,0,0,0,0,0,0,0,0,0,0,0,0,0,0,0,0,0,0,0,0,0,0,0,0,0,0,0,0,0,0,0,0,0,0,0,0,0,0,0,0,0,0,0,0,0,0,0,0,0,0,0,0,0,0,0,0,0,0,0,0,0,0,0,0,0,0,0
0,0,0,0,0,0,0,0,0,0,0,0,0,0,0,0,0,0,0,0,0,0,0,0,0,0,0,0,0,0,0,0,0,0,0,0,0,0,0,0,0,0,0,0,0,0,0,0,0,0,0,0,0,0,0,0,0,0,0,0,0,0,0,0,0,0,0,0,0,0,0,0,0,0,0,0,0,0,0,0,0,0,0,0,0,0,0,0,0,0,0,0,0,0,0,0,0,0,0,0
0,0,0,0,0,0,0,0,0,0,0,0,0,0,0,0,0,0,0,0,0,0,0,0,0,0,0,0,0,0,0,0,0,0,0,0,0,0,0,0,0,0,0,0,0,0,0,0,0,0,0,0,0,0,0,0,0,0,0,0,0,0,0,0,0,0,0,0,0,0,0,0,0,0,0,0,0,0,0,0,0,0,0,0,0,0,0,0,0,0,0,0,0,0,0,0,0,0,0,0
0,0,0,0,0,0,0,0,0,0,0,0,0,0,0,0,0,0,0,0,0,0,0,0,0,0,0,0,0,0,0,0,0,0,0,0,0,0,0,0,0,0,0,0,0,0,0,0,0,0,0,0,0,0,0,0,0,0,0,0,0,0,0,0,0,0,0,0,0,0,0,0,0,0,0,0,0,0,0,0,0,0,0,0,0,0,0,0,0,0,0,0,0,0,0,0,0,0,0,0
0,0,0,0,0,0,0,0,0,0,0,0,0,0,0,0,0,0,0,0,0,0,0,0,0,0,0,0,0,0,0,0,0,0,0,0,0,0,0,0,0,0,0,0,0,0,0,0,0,0,0,0,0,0,0,0,0,0,0,0,0,0,0,0,0,0,0,0,0,0,0,0,0,0,0,0,0,0,0,0,0,0,0,0,0,0,0,0,0,0,0,0,0,0,0,0,0,0,0,0
0,0,0,0,0,0,0,0,0,0,0,0,0,0,0,0,0,0,0,0,0,0,0,0,0,0,0,0,0,0,0,0,0,0,0,0,0,0,0,0,0,0,0,0,0,0,0,0,0,0,0,0,0,0,0,0,0,0,0,0,0,0,0,0,0,0,0,0,0,0,0,0,0,0,0,0,0,0,0,0,0,0,0,0,0,0,0,0,0,0,0,0,0,0,0,0,0,0,0,0
0,0,0,0,0,0,0,0,0,0,0,0,0,0,0,0,0,0,0,0,0,0,0,0,0,0,0,0,0,0,0,0,0,0,0,0,0,0,0,0,0,0,0,0,0,0,0,0,0,0,0,0,0,0,0,0,0,0,0,0,0,0,0,0,0,0,0,0,0,0,0,0,0,0,0,0,0,0,0,0,0,0,0,0,0,0,0,0,0,0,0,0,0,0,0,0,0,0,0,0
0,0,0,0,0,0,0,0,0,0,0,0,0,0,0,0,0,0,0,0,0,0,0,0,0,0,0,0,0,0,0,0,0,0,0,0,0,0,0,0,0,0,0,0,0,0,0,0,0,0,0,0,0,0,0,0,0,0,0,0,0,0,0,0,0,0,0,0,0,0,0,0,0,0,0,0,0,0,0,0,0,0,0,0,0,0,0,0,0,0,0,0,0,0,0,0,0,0,0,0
0,0,0,0,0,0,0,0,0,0,0,0,0,0,0,0,0,0,0,0,0,0,0,0,0,0,0,0,0,0,0,0,0,0,0,0,0,0,0,0,0,0,0,0,0,0,0,0,0,0,0,0,0,0,0,0,0,0,0,0,0,0,0,0,0,0,0,0,0,0,0,0,0,0,0,0,0,0,0,0,0,0,0,0,0,0,0,0,0,0,0,0,0,0,0,0,0,0,0,0
0,0,0,0,0,0,0,0,0,0,0,0,0,0,0,0,0,0,0,0,0,0,0,0,0,0,0,0,0,0,0,0,0,0,0,0,0,0,0,0,0,0,0,0,0,0,0,0,0,0,0,0,0,0,0,0,0,0,0,0,0,0,0,0,0,0,0,0,0,0,0,0,0,0,0,0,0,0,0,0,0,0,0,0,0,0,0,0,0,0,0,0,0,0,0,0,0,0,0,0
0,0,0,0,0,0,0,0,0,0,0,0,0,0,0,0,0,0,0,0,0,0,0,0,0,0,0,0,0,0,0,0,0,0,0,0,0,0,0,0,0,0,0,0,0,0,0,0,0,0,0,0,0,0,0,0,0,0,0,0,0,0,0,0,0,0,0,0,0,0,0,0,0,0,0,0,0,0,0,0,0,0,0,0,0,0,0,0,0,0,0,0,0,0,0,0,0,0,0,0
0,0,0,0,0,0,0,0,0,0,0,0,0,0,0,0,0,0,0,0,0,0,0,0,0,0,0,0,0,0,0,0,0,0,0,0,0,0,0,0,0,0,0,0,0,0,0,0,0,0,0,0,0,0,0,0,0,0,0,0,0,0,0,0,0,0,0,0,0,0,0,0,0,0,0,0,0,0,0,0,0,0,0,0,0,0,0,0,0,0,0,0,0,0,0,0,0,0,0,0
0,0,0,0,0,0,0,0,0,0,0,0,0,0,0,0,0,0,0,0,0,0,0,0,0,0,0,0,0,0,0,0,0,0,0,0,0,0,0,0,0,0,0,0,0,0,0,0,0,0,0,0,0,0,0,0,0,0,0,0,0,0,0,0,0,0,0,0,0,0,0,0,0,0,0,0,0,0,0,0,0,0,0,0,0,0,0,0,0,0,0,0,0,0,0,0,0,0,0,0
0,0,0,0,0,0,0,0,0,0,0,0,0,0,0,0,0,0,0,0,0,0,0,0,0,0,0,0,0,0,0,0,0,0,0,0,0,0,0,0,0,0,0,0,0,0,0,0,0,0,0,0,0,0,0,0,0,0,0,0,0,0,0,0,0,0,0,0,0,0,0,0,0,0,0,0,0,0,0,0,0,0,0,0,0,0,0,0,0,0,0,0,0,0,0,0,0,0,0,0
0,0,0,0,0,0,0,0,0,0,0,0,0,0,0,0,0,0,0,0,0,0,0,0,0,0,0,0,0,0,0,0,0,0,0,0,0,0,0,0,0,0,0,0,0,0,0,0,0,0,0,0,0,0,0,0,0,0,0,0,0,0,0,0,0,0,0,0,0,0,0,0,0,0,0,0,0,0,0,0,0,0,0,0,0,0,0,0,0,0,0,0,0,0,0,0,0,0,0,0
0,0,0,0,0,0,0,0,0,0,0,0,0,0,0,0,0,0,0,0,0,0,0,0,0,0,0,0,0,0,0,0,0,0,0,0,0,0,0,0,0,0,0,0,0,0,0,0,0,0,0,0,0,0,0,0,0,0,0,0,0,0,0,0,0,0,0,0,0,0,0,0,0,0,0,0,0,0,0,0,0,0,0,0,0,0,0,0,0,0,0,0,0,0,0,0,0,0,0,0
0,0,0,0,0,0,0,0,0,0,0,0,0,0,0,0,0,0,0,0,0,0,0,0,0,0,0,0,0,0,0,0,0,0,0,0,0,0,0,0,0,0,0,0,0,0,0,0,0,0,0,0,0,0,0,0,0,0,0,0,0,0,0,0,0,0,0,0,0,0,0,0,0,0,0,0,0,0,0,0,0,0,0,0,0,0,0,0,0,0,0,0,0,0,0,0,0,0,0,0
0,0,0,0,0,0,0,0,0,0,0,0,0,0,0,0,0,0,0,0,0,0,0,0,0,0,0,0,0,0,0,0,0,0,0,0,0,0,0,0,0,0,0,0,0,0,0,0,0,0,0,0,0,0,0,0,0,0,0,0,0,0,0,0,0,0,0,0,0,0,0,0,0,0,0,0,0,0,0,0,0,0,0,0,0,0,0,0,0,0,0,0,0,0,0,0,0,0,0,0
0,0,0,0,0,0,0,0,0,0,0,0,0,0,0,0,0,0,0,0,0,0,0,0,0,0,0,0,0,0,0,0,0,0,0,0,0,0,0,0,0,0,0,0,0,0,0,0,0,0,0,0,0,0,0,0,0,0,0,0,0,0,0,0,0,0,0,0,0,0,0,0,0,0,0,0,0,0,0,0,0,0,0,0,0,0,0,0,0,0,0,0,0,0,0,0,0,0,0,0
0,0,0,0,0,0,0,0,0,0,0,0,0,0,0,0,0,0,0,0,0,0,0,0,0,0,0,0,0,0,0,0,0,0,0,0,0,0,0,0,0,0,0,0,0,0,0,0,0,0,0,0,0,0,0,0,0,0,0,0,0,0,0,0,0,0,0,0,0,0,0,0,0,0,0,0,0,0,0,0,0,0,0,0,0,0,0,0,0,0,0,0,0,0,0,0,0,0,0,0
0,0,0,0,0,0,0,0,0,0,0,0,0,0,0,0,0,0,0,0,0,0,0,0,0,0,0,0,0,0,0,0,0,0,0,0,0,0,0,0,0,0,0,0,0,0,0,0,0,0,0,0,0,0,0,0,0,0,0,0,0,0,0,0,0,0,0,0,0,0,0,0,0,0,0,0,0,0,0,0,0,0,0,0,0,0,0,0,0,0,0,0,0,0,0,0,0,0,0,0
0,0,0,0,0,0,0,0,0,0,0,0,0,0,0,0,0,0,0,0,0,0,0,0,0,0,0,0,0,0,0,0,0,0,0,0,0,0,0,0,0,0,0,0,0,0,0,0,0,0,0,0,0,0,0,0,0,0,0,0,0,0,0,0,0,0,0,0,0,0,0,0,0,0,0,0,0,0,0,0,0,0,0,0,0,0,0,0,0,0,0,0,0,0,0,0,0,0,0,0
0,0,0,0,0,0,0,0,0,0,0,0,0,0,0,0,0,0,0,0,0,0,0,0,0,0,0,0,0,0,0,0,0,0,0,0,0,0,0,0,0,0,0,0,0,0,0,0,0,0,0,0,0,0,0,0,0,0,0,0,0,0,0,0,0,0,0,0,0,0,0,0,0,0,0,0,0,0,0,0,0,0,0,0,0,0,0,0,0,0,0,0,0,0,0,0,0,0,0,0
0,0,0,0,0,0,0,0,0,0,0,0,0,0,0,0,0,0,0,0,0,0,0,0,0,0,0,0,0,0,0,0,0,0,0,0,0,0,0,0,0,0,0,0,0,0,0,0,0,0,0,0,0,0,0,0,0,0,0,0,0,0,0,0,0,0,0,0,0,0,0,0,0,0,0,0,0,0,0,0,0,0,0,0,0,0,0,0,0,0,0,0,0,0,0,0,0,0,0,0
0,0,0,0,0,0,0,0,0,0,0,0,0,0,0,0,0,0,0,0,0,0,0,0,0,0,0,0,0,0,0,0,0,0,0,0,0,0,0,0,0,0,0,0,0,0,0,0,0,0,0,0,0,0,0,0,0,0,0,0,0,0,0,0,0,0,0,0,0,0,0,0,0,0,0,0,0,0,0,0,0,0,0,0,0,0,0,0,0,0,0,0,0,0,0,0,0,0,0,0
0,0,0,0,0,0,0,0,0,0,0,0,0,0,0,0,0,0,0,0,0,0,0,0,0,0,0,0,0,0,0,0,0,0,0,0,0,0,0,0,0,0,0,0,0,0,0,0,0,0,0,0,0,0,0,0,0,0,0,0,0,0,0,0,0,0,0,0,0,0,0,0,0,0,0,0,0,0,0,0,0,0,0,0,0,0,0,0,0,0,0,0,0,0,0,0,0,0,0,0
0,0,0,0,0,0,0,0,0,0,0,0,0,0,0,0,0,0,0,0,0,0,0,0,0,0,0,0,0,0,0,0,0,0,0,0,0,0,0,0,0,0,0,0,0,0,0,0,0,0,0,0,0,0,0,0,0,0,0,0,0,0,0,0,0,0,0,0,0,0,0,0,0,0,0,0,0,0,0,0,0,0,0,0,0,0,0,0,0,0,0,0,0,0,0,0,0,0,0,0
0,0,0,0,0,0,0,0,0,0,0,0,0,0,0,0,0,0,0,0,0,0,0,0,0,0,0,0,0,0,0,0,0,0,0,0,0,0,0,0,0,0,0,0,0,0,0,0,0,0,0,0,0,0,0,0,0,0,0,0,0,0,0,0,0,0,0,0,0,0,0,0,0,0,0,0,0,0,0,0,0,0,0,0,0,0,0,0,0,0,0,0,0,0,0,0,0,0,0,0
0,0,0,0,0,0,0,0,0,0,0,0,0,0,0,0,0,0,0,0,0,0,0,0,0,0,0,0,0,0,0,0,0,0,0,0,0,0,0,0,0,0,0,0,0,0,0,0,0,0,0,0,0,0,0,0,0,0,0,0,0,0,0,0,0,0,0,0,0,0,0,0,0,0,0,0,0,0,0,0,0,0,0,0,0,0,0,0,0,0,0,0,0,0,0,0,0,0,0,0
0,0,0,0,0,0,0,0,0,0,0,0,0,0,0,0,0,0,0,0,0,0,0,0,0,0,0,0,0,0,0,0,0,0,0,0,0,0,0,0,0,0,0,0,0,0,0,0,0,0,0,0,0,0,0,0,0,0,0,0,0,0,0,0,0,0,0,0,0,0,0,0,0,0,0,0,0,0,0,0,0,0,0,0,0,0,0,0,0,0,0,0,0,0,0,0,0,0,0,0
0,0,0,0,0,0,0,0,0,0,0,0,0,0,0,0,0,0,0,0,0,0,0,0,0,0,0,0,0,0,0,0,0,0,0,0,0,0,0,0,0,0,0,0,0,0,0,0,0,0,0,0,0,0,0,0,0,0,0,0,0,0,0,0,0,0,0,0,0,0,0,0,0,0,0,0,0,0,0,0,0,0,0,0,0,0,0,0,0,0,0,0,0,0,0,0,0,0,0,0
0,0,0,0,0,0,0,0,0,0,0,0,0,0,0,0,0,0,0,0,0,0,0,0,0,0,0,0,0,0,0,0,0,0,0,0,0,0,0,0,0,0,0,0,0,0,0,0,0,0,0,0,0,0,0,0,0,0,0,0,0,0,0,0,0,0,0,0,0,0,0,0,0,0,0,0,0,0,0,0,0,0,0,0,0,0,0,0,0,0,0,0,0,0,0,0,0,0,0,0
0,0,0,0,0,0,0,0,0,0,0,0,0,0,0,0,0,0,0,0,0,0,0,0,0,0,0,0,0,0,0,0,0,0,0,0,0,0,0,0,0,0,0,0,0,0,0,0,0,0,0,0,0,0,0,0,0,0,0,0,0,0,0,0,0,0,0,0,0,0,0,0,0,0,0,0,0,0,0,0,0,0,0,0,0,0,0,0,0,0,0,0,0,0,0,0,0,0,0,0
0,0,0,0,0,0,0,0,0,0,0,0,0,0,0,0,0,0,0,0,0,0,0,0,0,0,0,0,0,0,0,0,0,0,0,0,0,0,0,0,0,0,0,0,0,0,0,0,0,0,0,0,0,0,0,0,0,0,0,0,0,0,0,0,0,0,0,0,0,0,0,0,0,0,0,0,0,0,0,0,0,0,0,0,0,0,0,0,0,0,0,0,0,0,0,0,0,0,0,0
0,0,0,0,0,0,0,0,0,0,0,0,0,0,0,0,0,0,0,0,0,0,0,0,0,0,0,0,0,0,0,0,0,0,0,0,0,0,0,0,0,0,0,0,0,0,0,0,0,0,0,0,0,0,0,0,0,0,0,0,0,0,0,0,0,0,0,0,0,0,0,0,0,0,0,0,0,0,0,0,0,0,0,0,0,0,0,0,0,0,0,0,0,0,0,0,0,0,0,0
0,0,0,0,0,0,0,0,0,0,0,0,0,0,0,0,0,0,0,0,0,0,0,0,0,0,0,0,0,0,0,0,0,0,0,0,0,0,0,0,0,0,0,0,0,0,0,0,0,0,0,0,0,0,0,0,0,0,0,0,0,0,0,0,0,0,0,0,0,0,0,0,0,0,0,0,0,0,0,0,0,0,0,0,0,0,0,0,0,0,0,0,0,0,0,0,0,0,0,0
0,0,0,0,0,0,0,0,0,0,0,0,0,0,0,0,0,0,0,0,0,0,0,0,0,0,0,0,0,0,0,0,0,0,0,0,0,0,0,0,0,0,0,0,0,0,0,0,0,0,0,0,0,0,0,0,0,0,0,0,0,0,0,0,0,0,0,0,0,0,0,0,0,0,0,0,0,0,0,0,0,0,0,0,0,0,0,0,0,0,0,0,0,0,0,0,0,0,0,0
0,0,0,0,0,0,0,0,0,0,0,0,0,0,0,0,0,0,0,0,0,0,0,0,0,0,0,0,0,0,0,0,0,0,0,0,0,0,0,0,0,0,0,0,0,0,0,0,0,0,0,0,0,0,0,0,0,0,0,0,0,0,0,0,0,0,0,0,0,0,0,0,0,0,0,0,0,0,0,0,0,0,0,0,0,0,0,0,0,0,0,0,0,0,0,0,0,0,0,0
0,0,0,0,0,0,0,0,0,0,0,0,0,0,0,0,0,0,0,0,0,0,0,0,0,0,0,0,0,0,0,0,0,0,0,0,0,0,0,0,0,0,0,0,0,0,0,0,0,0,0,0,0,0,0,0,0,0,0,0,0,0,0,0,0,0,0,0,0,0,0,0,0,0,0,0,0,0,0,0,0,0,0,0,0,0,0,0,0,0,0,0,0,0,0,0,0,0,0,0
0,0,0,0,0,0,0,0,0,0,0,0,0,0,0,0,0,0,0,0,0,0,0,0,0,0,0,0,0,0,0,0,0,0,0,0,0,0,0,0,0,0,0,0,0,0,0,0,0,0,0,0,0,0,0,0,0,0,0,0,0,0,0,0,0,0,0,0,0,0,0,0,0,0,0,0,0,0,0,0,0,0,0,0,0,0,0,0,0,0,0,0,0,0,0,0,0,0,0,0
0,0,0,0,0,0,0,0,0,0,0,0,0,0,0,0,0,0,0,0,0,0,0,0,0,0,0,0,0,0,0,0,0,0,0,0,0,0,0,0,0,0,0,0,0,0,0,0,0,0,0,0,0,0,0,0,0,0,0,0,0,0,0,0,0,0,0,0,0,0,0,0,0,0,0,0,0,0,0,0,0,0,0,0,0,0,0,0,0,0,0,0,0,0,0,0,0,0,0,0
0,0,0,0,0,0,0,0,0,0,0,0,0,0,0,0,0,0,0,0,0,0,0,0,0,0,0,0,0,0,0,0,0,0,0,0,0,0,0,0,0,0,0,0,0,0,0,0,0,0,0,0,0,0,0,0,0,0,0,0,0,0,0,0,0,0,0,0,0,0,0,0,0,0,0,0,0,0,0,0,0,0,0,0,0,0,0,0,0,0,0,0,0,0,0,0,0,0,0,0
