0,0,0,0,0,0,0,0,0,0,0,0,0,0,0,0,0,0,0,0,0,0,0,0,0,0,0,0,0,0,0,0,0,0,0,0,0,0,0,0,0,0,0,0,0,0,0,0,0,0,0,0,0,0,0,0,0,0,0,0,0,0,0,0,0,0,0,0,0,0,0,0,0,0,0,0,0,0,0,0,0,0,0,0,0,0,0,0,0,0,0,0,0,0,0,0,0,0,0,0
0,0,0,0,0,0,0,0,0,0,0,0,0,0,0,0,0,0,0,0,0,0,0,0,0,0,0,0,0,0,0,0,0,0,0,0,0,0,0,0,0,0,0,0,0,0,0,0,0,0,0,0,0,0,0,0,0,0,0,0,0,0,0,0,0,0,0,0,0,0,0,0,0,0,0,0,0,0,0,0,0,0,0,0,0,0,0,0,0,0,0,0,0,0,0,0,0,0,0,0
0,0,0,0,0,0,0,0,0,0,0,0,0,0,0,0,0,0,0,0,0,0,0,0,0,0,0,0,0,0,0,0,0,0,0,0,0,0,0,0,0,0,0,0,0,0,0,0,0,0,0,0,0,0,0,0,0,0,0,0,0,0,0,0,0,0,0,0,0,0,0,0,0,0,0,0,0,0,0,0,0,0,0,0,0,0,0,0,0,0,0,0,0,0,0,0,0,0,0,0
0,0,0,0,0,0,0,0,0,0,0,0,0,0,0,0,0,0,0,0,0,0,0,0,0,0,0,0,0,0,0,0,0,0,0,0,0,0,0,0,0,0,0,0,0,0,0,0,0,0,0,0,0,0,0,0,0,0,0,0,0,0,0,0,0,0,0,0,0,0,0,0,0,0,0,0,0,0,0,0,0,0,0,0,0,0,0,0,0,0,0,0,0,0,0,0,0,0,0,0
0,0,0,0,0,0,0,0,0,0,0,0,0,0,0,0,0,0,0,0,0,0,0,0,0,0,0,0,0,0,0,0,0,0,0,0,0,0,0,0,0,0,0,0,0,0,0,0,0,0,0,0,0,0,0,0,0,0,0,0,0,0,0,0,0,0,0,0,0,0,0,0,0,0,0,0,0,0,0,0,0,0,0,0,0,0,0,0,0,0,0,0,0,0,0,0,0,0,0,0
0,0,0,0,0,0,0,0,0,0,0,0,0,0,0,0,0,0,0,0,0,0,0,0,0,0,0,0,0,0,0,0,0,0,0,0,0,0,0,0,0,0,0,0,0,0,0,0,0,0,0,0,0,0,0,0,0,0,0,0,0,0,0,0,0,0,0,0,0,0,0,0,0,0,0,0,0,0,0,0,0,0,0,0,0,0,0,0,0,0,0,0,0,0,0,0,0,0,0,0
0,0,0,0,0,0,0,0,0,0,0,0,0,0,0,0,0,0,0,0,0,0,0,0,0,0,0,0,0,0,0,0,0,0,0,0,0,0,0,0,0,0,0,0,0,0,0,0,0,0,0,0,0,0,0,0,0,0,0,0,0,0,0,0,0,0,0,0,0,0,0,0,0,0,0,0,0,0,0,0,0,0,0,0,0,0,0,0,0,0,0,0,0,0,0,0,0,0,0,0
0,0,0,0,0,0,0,0,0,0,0,0,0,0,0,0,0,0,0,0,0,0,0,0,0,0,0,0,0,0,0,0,0,0,0,0,0,0,0,0,0,0,0,0,0,0,0,0,0,0,0,0,0,0,0,0,0,0,0,0,0,0,0,0,0,0,0,0,0,0,0,0,0,0,0,0,0,0,0,0,0,0,0,0,0,0,0,0,0,0,0,0,0,0,0,0,0,0,0,0
0,0,0,0,0,0,0,0,0,0,0,0,0,0,0,0,0,0,0,0,0,0,0,0,0,0,0,0,0,0,0,0,0,0,0,0,0,0,0,0,0,0,0,0,0,0,0,0,0,0,0,0,0,0,0,0,0,0,0,0,0,0,0,0,0,0,0,0,0,0,0,0,0,0,0,0,0,0,0,0,0,0,0,0,0,0,0,0,0,0,0,0,0,0,0,0,0,0,0,0
0,0,0,0,0,0,0,0,0,0,0,0,0,0,0,0,0,0,0,0,0,0,0,0,0,0,0,0,0,0,0,0,0,0,0,0,0,0,0,0,0,0,0,0,0,0,0,0,0,0,0,0,0,0,0,0,0,0,0,0,0,0,0,0,0,0,0,0,0,0,0,0,0,0,0,0,0,0,0,0,0,0,0,0,0,0,0,0,0,0,0,0,0,0,0,0,0,0,0,0
0,0,0,0,0,0,0,0,0,0,0,0,0,0,0,0,0,0,0,0,0,0,0,0,0,0,0,0,0,0,0,0,0,0,0,0,0,0,0,0,0,0,0,0,0,0,0,0,0,0,0,0,0,0,0,0,0,0,0,0,0,0,0,0,0,0,0,0,0,0,0,0,0,0,0,0,0,0,0,0,0,0,0,0,0,0,0,0,0,0,0,0,0,0,0,0,0,0,0,0
0,0,0,0,0,0,0,0,0,0,0,0,0,0,0,0,0,0,0,0,0,0,0,0,0,0,0,0,0,0,0,0,0,0,0,0,0,0,0,0,0,0,0,0,0,0,0,0,0,0,0,0,0,0,0,0,0,0,0,0,0,0,0,0,0,0,0,0,0,0,0,0,0,0,0,0,0,0,0,0,0,0,0,0,0,0,0,0,0,0,0,0,0,0,0,0,0,0,0,0
0,0,0,0,0,0,0,0,0,0,0,0,0,0,0,0,0,0,0,0,0,0,0,0,0,0,0,0,0,0,0,0,0,0,0,0,0,0,0,0,0,0,0,0,0,0,0,0,0,0,0,0,0,0,0,0,0,0,0,0,0,0,0,0,0,0,0,0,0,0,0,0,0,0,0,0,0,0,0,0,0,0,0,0,0,0,0,0,0,0,0,0,0,0,0,0,0,0,0,0
0,0,0,0,0,0,0,0,0,0,0,0,0,0,0,0,0,0,0,0,0,0,0,0,0,0,0,0,0,0,0,0,0,0,0,0,0,0,0,0,0,0,0,0,0,0,0,0,0,0,0,0,0,2.77750880706529e-05,1.86427047405299e-05,0,0,0,0,0,0,0,0,0,0,0,0,0,0,0,0,0,0,0,0,0,0,0,0,0,0,0,0,0,0,0,0,0,0,0,0,0,0,0,0,0,0,0,0,0
0,0,0,0,0,0,0,0,0,0,0,0,0,0,0,0,0,0,0,0,0,0,0,0,0,0,0,0,0,0,0,0,0,0,0,0,0,0,0,0,0,0,0,0,0,0,0,0,0,0,0,0,2.65287703956604e-05,0.000272955796418931,0.000182171504762755,0,0,0,0,0,0,0,0,0,0,0,0,0,0,0,0,0,0,0,0,0,0,0,0,0,0,0,0,0,0,0,0,0,0,0,0,0,0,0,0,0,0,0,0,0
0,0,0,0,0,0,0,0,0,0,0,0,0,0,0,0,0,0,0,0,0,0,0,0,0,0,0,0,0,0,0,0,0,0,0,0,0,0,0,0,0,0,0,0,0,0,0,0,0,7.75691669683086e-05,5.55925267295971e-05,0,0.000445952859288699,2.59732763227708e-05,0,0,4.60784824795484e-05,0.000422217969925634,0.000156435008896429,0,0,0,0,0,0,0,0,0,0,0,0,0,0,0,0,0,0,0,0,0,0,0,0,0,0,0,0,0,0,0,0,0,0,0,0,0,0,0,0,0
0,0,0,0,0,0,0,0,0,0,0,0,0,0,0,0,0,0,0,0,0,0,0,0,0,0,0,0,0,0,0,0,0,0,0,0,0,0,0,0,0,0,0,0,0,0,0,0,0,0.000213690146480663,0.000153148159821431,0,0.000207196012895213,0.00011388660224486,0.000292477876464571,0.00124981590682682,0.000609185988945978,0.000285522561420055,0.000474265627384578,5.51935958048817e-05,0.000170366807489531,0.000173312643571414,0,0.000302893945383665,0.000142045752788933,0,0,0,0,0,0,0,0,0,0,0,0,0,0,0,0,0,0,0,0,0,0,0,0,0,0,0,0,0,0,0,0,0,0,0
0,0,0,0,0,0,0,0,0,0,0,0,0,0,0,0,0,0,0,0,0,0,0,0,0,0,0,0,0,0,0,0,0,0,0,0,0,0,0,0,0,0,0,0,0,0,0,0,0,0,4.92748912028941e-05,0.00066892974672217,0.0012466666295279,0.000381557668629894,0.000942813205004136,0.00110402211875753,0.000815206666260276,0.000180608346099825,0.000699936686652162,0.000465010387287901,0.000449962927355645,7.88302224573734e-05,0,3.74824546405109e-05,1.75778471868905e-05,0,0,0,0,0,0,0,0,0,0,0,0,0,0,0,0,0,0,0,0,0,0,0,0,0,0,0,0,0,0,0,0,0,0,0
0,0,0,0,0,0,0,0,0,0,0,0,0,0,0,0,0,0,0,0,0,0,0,0,0,0,0,0,0,0,0,0,0,0,0,0,0,0,0,0,0,0,0,0,0,0,0,0.000114940008030368,0.0006620720486874,0.000354079188142437,0.000524145441457303,0.00141143704018128,0.000901585214343307,0.000862808335862431,0.000972378900657173,0.001735789241431,0.000726904946516267,0.000773778962684409,0.00117744717248024,0.000218301911777407,0.000149251494141516,5.75104991849342e-08,0.000114050802352381,0.000351370883691124,0,0,0,0,0,0,0,0,0,0,0,0,0,0,0,0,0,0,0,0,0,0,0,0,0,0,0,0,0,0,0,0,0,0,0,0
0,0,0,0,0,0,0,0,0,0,0,0,0,0,0,0,0,0,0,0,0,0,0,0,0,0,0,0,0,0,0,0,0,0,0,0,0,0,0,0,2.91485210107362e-05,0.000108086100700285,0,0.000400013858442993,0.000230263496219154,0.000501964912194688,0.00036143643513158,7.8073541781101e-05,0.0003566646792478,0.00111063078765657,0.00230286279999798,0.00238449541337273,0.00133113746741774,0.00147135239148726,0.001909735978852,0.000916355250436035,0.000681609302073088,0.000504764656115195,0.000684571096263557,0.00118314814524156,0.000371327189898135,0.000824931443999995,0.00177573714975098,0.000753298444967551,0.000191155982524746,9.74307699439242e-05,3.22001165389474e-05,0,0,0,0,0,0,0,0,0,0,0,0,0,0,0,0,0,0,0,0,0,0,0,0,0,0,0,0,0,0,0,0,0
0,0,0,0,0,0,0,0,0,0,0,0,0,0,0,0,0,0,0,0,0,0,0,0,0,0,0,0,0,0,0,0,0,0,0,0,0,0,0,0,7.70510685947022e-05,0.000285714309694276,3.28609491075286e-05,0.000483676410670034,0.00108431723557774,0.000660928253087833,0.000772961908232522,0.00071996901565777,0.00283750904435234,0.00336812484846055,0.00176384164620484,0.000833424458877982,0.000410381454049175,0.000829192918505306,0.00139384268921817,0.000818870227383524,0.000856417618107411,0.000890816639960528,0.00187074369638966,0.000656291524052187,0.000366208325866826,0.000559935088942922,0.000865997085761976,0.000721371776424307,0.000878609754019649,0.000423499772397808,0.000269988669534953,0,0,0,0,0,0,0,0,0,0,0,0,0,0,0,0,0,0,0,0,0,0,0,0,0,0,0,0,0,0,0,0,0
0,0,0,0,0,0,0,0,0,0,0,0,0,0,0,0,0,0,0,0,0,0,0,0,0,0,0,0,0,0,0,0,0,0,0,0,0,0,0,0,0,0,0.000320079505472401,0.000752945765367882,0.00148382259193062,0.00150608490005391,0.000754243695190782,0.00096563237234016,0.00248063331205084,0.00153102622311018,0.0011094127748855,0.00105906498619757,0.000583184461211524,0.000542521325487405,0.000979308988691558,0.000611701608385929,0.000481125240626852,0.000592632954686348,0.00070035174122928,0.000919044439895818,0.000462466044392984,0.000264658610436248,0.000767743010294569,0.000465850548317206,0.000456665359115639,0.00078462420047471,0.000298066508028827,0.000205092369909718,2.18493361118255e-05,0,0,0,0,0,0,0,0,0,0,0,0,0,0,0,0,0,0,0,0,0,0,0,0,0,0,0,0,0,0,0
0,0,0,0,0,0,0,0,0,0,0,0,0,0,0,0,0,0,0,0,0,0,0,0,0,0,0,0,0,0,0,0,0,0,0,0,0,0,0,0,0.000187561707422887,0.00010888136678265,0.000440274402735254,0.000689782761229539,0.00340915506266632,0.00257860138072687,0.00258494025068966,0.00136333495343104,0.00236322937894621,0.00141023422275266,0.00112968426905191,0.000623032426820408,0.000475002683312985,0.000741373808921543,0.000805368203698965,0.000412867589684388,0.000846826283714323,0.000241603838228211,0.000576652013440732,0.000713668999045341,0.000984590276658749,0.000272995211342093,0.00025411322400261,0.000651613862981969,0.000547151221634154,0.000385251701436964,0.00060559214704369,0.000397548138794125,3.60168770584602e-05,0,0,0,0,0,0,0,0,0,0,0,0,0,0,0,0,0,0,0,0,0,0,0,0,0,0,0,0,0,0,0
0,0,0,0,0,0,0,0,0,0,0,0,0,0,0,0,0,0,0,0,0,0,0,0,0,0,0,0,0,0,0,0,0,0,0,0,0,0,0,0,0.000271717249330751,0.000780316071109914,0.00066646587385949,0.00145265334753482,0.00172833438478231,0.00179533011660052,0.00148845890433201,0.000855257113747194,0.00194530499244866,0.000826616086795385,0.00103068418517076,0.000279761924610383,0.000906640557251437,0.00172911327383961,0.000643571769256296,0.000422943786009089,0.00128068244397425,0.000483610884431396,0.000333815856965082,0.000297013086254367,0.000800178097374185,0.000849892011520344,0.000528768678085004,0.000314627905685795,0.000517678709987427,0.000203477201823874,0.000520710608717519,9.29785929127198e-05,0,0,0,0,0,0,0,0,0,0,0,0,0,0,0,0,0,0,0,0,0,0,0,0,0,0,0,0,0,0,0,0
0,0,0,0,0,0,0,0,0,0,0,0,0,0,0,0,0,0,0,0,0,0,0,0,0,0,0,0,0,0,0,0,0,0,0,0,0,0,0,9.97884594494063e-06,0.00102581827705955,0.00178003668114775,0.00103337429615375,0.00182000911471569,0.00219020440497566,0.00211170095824832,0.00129154610430647,0.00186082159597851,0.00179360821010884,0.00146979669429644,0.00119800851938698,0.000187467016759595,0.00063152105561943,0.000867160904636407,0.000339519892418725,3.83437183317292e-05,0.000589716687462937,0.000133649181416819,0,9.73560669676549e-05,0.00143365750166219,0.000519976508740468,6.44663033167374e-05,5.89161104477993e-05,5.50414600313765e-05,0.000247811055042588,0.000527327968607383,0.000549638951025148,0.000201113324933477,0,0,0,0,0,0,0,0,0,0,0,0,0,0,0,0,0,0,0,0,0,0,0,0,0,0,0,0,0,0,0
0,0,0,0,0,0,0,0,0,0,0,0,0,0,0,0,0,0,0,0,0,0,0,0,0,0,0,0,0,0,0,0,0,0,0,0,0,0,0,0.000287521583348187,0.000786227111089299,0.00139025221228975,0.00297565086322748,0.00315581973489341,0.0019959343957767,0.00081562265991422,0.000992692894619501,0.0017377347776256,0.00086177146244913,0.00120770650252863,0.00131459876950896,0.000142053840785817,5.99953750903283e-05,0.000999282648402662,0.00137215389245711,0.000425986303953905,0.000156463513344386,0.00039496560237462,0.000550855262482192,0.000706842537004813,0.00120336106060813,0.000961646894966359,0.000625535244552504,0,0.000408629735210312,0.000489152148277723,0.00017773274260232,5.89991621711886e-05,6.5483539231859e-05,0,0,0,0,0,0,0,0,0,0,0,0,0,0,0,0,0,0,0,0,0,0,0,0,0,0,0,0,0,0,0
0,0,0,0,0,0,0,0,0,0,0,0,0,0,0,0,0,0,0,0,0,0,0,0,0,0,0,0,0,0,0,0,0,0,0,0,0,4.2215223202628e-06,0.000185493603413304,0.000533868222861855,0.000975608048330746,0.00168526216279215,0.00307737051754238,0.00354078187833484,0.00169261082407834,0.000743085608249064,0.00110591383444084,0.00113164294917671,0.000221646705185628,0.000604952622084325,0.000723020926222331,0.0002430065853374,0,0.000357702116208851,0.000451533264356012,0.000120117510546308,0.000557856711322756,0.00108414134266274,0.000457163175931767,0.00144149135010313,0.000252080647321806,9.06181021165423e-05,0.000364071624057414,0,0.000454312352453059,0.00103746169976559,0.000925545040926466,0.000174293037919119,0.000888266882322789,0.000525416063160759,0,0,0,0,0,0,0,0,0,0,0,0,0,0,0,0,0,0,0,0,0,0,0,0,0,0,0,0,0,0
0,0,0,0,0,0,0,0,0,0,0,0,0,0,0,0,0,0,0,0,0,0,0,0,0,0,0,0,0,0,0,0,0,0,0,0,0,0.000540351936628203,0.00095423278468937,0.00172531525378508,0.00221171470868698,0.00416210333372266,0.00280273648374296,0.002878039550988,0.00109923466711651,0.000553779003168112,0.000907468219359343,0.00070186122814366,0.000504848274302029,0.000475994240763405,0.000276168504821928,0.000168312699233049,0.00033749213275844,7.44267002058758e-06,0,6.91637680184328e-05,0.000211331451598399,0.000265566572091923,0.000164116870890831,0.000553101669785836,0.0005789695346765,0.000450330167372287,0.000198287221919469,0.000168479637583607,0.000525334257471632,0.00104468746189387,0.000242398962719494,0.000286247737489536,0.000419275311568462,0.000489059758785417,0.000287142205530457,0,0,0,0,0,0,0,0,0,0,0,0,0,0,0,0,0,0,0,0,0,0,0,0,0,0,0,0,0
0,0,0,0,0,0,0,0,0,0,0,0,0,0,0,0,0,0,0,0,0,0,0,0,0,0,0,0,0,0,0,0,0,0,0,1.63933313338365e-05,8.46366541878212e-05,0.000297495850464522,0.000828828272526933,0.000746836838748069,0.00243705102817089,0.00262122378216337,0.00344737834535693,0.00346173383771347,0.0024185391413457,0.00133707641464683,0.000897549801767311,0.000273071817599623,0.000577794734076315,0.000811934803800374,0.000691212388412986,0.000481501850208355,0.000859997037304368,0.000130451198715193,1.76791080270487e-05,0.000232732785124812,0.000408679265102168,0.000396386958921826,0.000671168887926697,8.19552845786961e-06,0.000396148432218372,0.000443551725684949,0.000568583104761527,0.000258241082697731,0.00020815642125131,0.000366395560974948,0.00101618411925799,0.0001100293045476,0.000531778173482576,0.000383423034006645,3.21603025355575e-05,0,0,0,0,0,0,0,0,0,0,0,0,0,0,0,0,0,0,0,0,0,0,0,0,0,0,0,0,0
0,0,0,0,0,0,0,0,0,0,0,0,0,0,0,0,0,0,0,0,0,0,0,0,0,0,0,0,0,0,0,0,0,0,0,6.4737687586889e-05,0.00046028908841624,0.000722559678488107,0.00214081723853925,0.00357701204925439,0.00329638785497538,0.00405585960227016,0.00431908615504841,0.00254126865890053,0.00144898242966778,0.000668339609288475,0.00163443279902128,0.0012567705931893,0.00106908104905326,0.000991855394200232,0.000655511630289125,0.000429594085217051,0.000384993273381877,0.000337005102256103,0.000112884902243274,0.000258476768137539,0.000236217173710636,0.000760493718722054,0.000399156718466665,0.000562921679545267,0.000660734709148291,0.000877342829649496,0.000333515474050104,0.000154018338137287,4.04484951661916e-06,4.77615572455939e-07,2.49649808849821e-05,2.68625114130145e-05,0.000215422803094875,0.000459239931279545,2.18438734257328e-05,0,0,0,0,0,0,0,0,0,0,0,0,0,0,0,0,0,0,0,0,0,0,0,0,0,0,0,0,0
0,0,0,0,0,0,0,0,0,0,0,0,0,0,0,0,0,0,0,0,0,0,0,0,0,0,0,0,0,0,0,0,0,0,0.000281101900079008,0.000543424639357574,0.000429056583388501,0.00106999516203836,0.00229407790947496,0.00200966658667287,0.00422937203128601,0.00432582398949618,0.00344823220447512,0.00236016641311137,0.00277483731854634,0.00151935572508325,0.00084428610282398,0.00127053020122527,0.000707926439252785,0.00025771342371693,0.00034807474297791,0.00104524765040397,0.000897387874645265,0.000846146503966187,0.000419719509880391,0.000193715559488857,0.000874238538712264,0.000722846618972723,0.000428154692948555,0.000401013484974915,0.000150286895450915,0.000714236960818032,0.000142218131379685,0.000291679957591484,0.000198326405942085,0,6.20939321275955e-05,0.000625529429232324,0.000415762268204434,0.000400534721095429,0.000118478799614369,0,0,0,0,0,0,0,0,0,0,0,0,0,0,0,0,0,0,0,0,0,0,0,0,0,0,0,0,0
0,0,0,0,0,0,0,0,0,0,0,0,0,0,0,0,0,0,0,0,0,0,0,0,0,0,0,0,0,0,0,0,0,0,0.000115279366658605,0.000215770275153234,0.000410435221467236,0.00222286965066046,0.00418183455017377,0.0041622466636626,0.00578337733402404,0.00427309132635301,0.00293974099620909,0.00162618488290124,0.0014594248423427,0.00188998576547151,0.00128519377358503,0.00129258176465666,0.000267666257306835,0.000161861961823402,0.000249878882577391,0.000447811576606196,0.000959627691046492,0.00168913413126238,0.000583526963002526,0.000438182235894919,0.000646734019318061,0.000587862423709192,0.000532347820041982,0,0,7.02692420145173e-06,0.000765194686225557,0.000560649637443724,0.000272696407284983,0.000630995336029951,0.000609901744102904,0.00123528574127276,0.000504750754397647,0.000356916129368744,1.85041969886568e-05,8.07995521865307e-07,0,0,0,0,0,0,0,0,0,0,0,0,0,0,0,0,0,0,0,0,0,0,0,0,0,0,0,0
0,0,0,0,0,0,0,0,0,0,0,0,0,0,0,0,0,0,0,0,0,0,0,0,0,0,0,0,0,0,0,0,0,0,0,0.000471412954665537,0.00133652596764663,0.00197887903974719,0.00199921224416599,0.00512060122658384,0.00507685444803964,0.00439771572298041,0.00159192390095836,0.00200366477129531,0.00135261463626711,0.000723584558344041,0.000830480604447226,0.000724334959315613,0.000312108950195919,0.000726023894235523,0.000901307222249266,0.000564867620618132,0.00139889320075285,0.00061486495573587,0.000276853273688458,0.000159193827747193,0.000251047634051688,8.24147460871376e-05,0.000114987857711005,7.04881419983937e-08,0,0,0.000396299093882945,0.000823219997429247,0.000290731483295542,0.000425405768241458,0.000263156626323474,0.00089692982667617,0.000554020769015537,0.000412785532637366,0.000569017647801223,0.000151720510656633,0,0,0,0,0,0,0,0,0,0,0,0,0,0,0,0,0,0,0,0,0,0,0,0,0,0,0,0
0,0,0,0,0,0,0,0,0,0,0,0,0,0,0,0,0,0,0,0,0,0,0,0,0,0,0,0,0,0,0,0,0,0,0,0.00091145590421083,0.00176290874663377,0.00353740153620455,0.00320765070644603,0.00524909280482083,0.00537154257980907,0.00430608510340191,0.00239063809376562,0.00239575111610727,0.00136162903262199,8.29545563486808e-05,0.0009418044673351,0.00168601632842943,0.000612455264251927,0.000660275394834823,0.000647127641911988,0.000521775112847792,0.000250023740265552,7.92199432636713e-05,0.000429463480502345,0.000382747858119853,0.000420061205214983,0.000342166747571208,0.00123602089070673,0.000106695443769951,0,4.18214366106356e-05,0.000542753775132131,0.000375783385302627,0.000739395475382499,0.00080966808385756,0.000832804047015743,0.000562399536348702,0.000195903515092013,0.000313539466223503,0.000148876897359792,0,0,0,0,0,0,0,0,0,0,0,0,0,0,0,0,0,0,0,0,0,0,0,0,0,0,0,0,0
0,0,0,0,0,0,0,0,0,0,0,0,0,0,0,0,0,0,0,0,0,0,0,0,0,0,0,0,0,0,0,0,0,0,9.49979417925027e-05,0.000771863950715608,0.00146803484972998,0.00235317281349733,0.00298618596744947,0.00414667127615105,0.00511408335015702,0.00340773762767965,0.00224791508047026,0.00226639771628867,0.00157930064447357,0.00138193249028615,0.00174956658551415,0.00135968979150235,9.36937891053467e-05,2.62041748712931e-05,0.000269974127570056,0.000565580857670925,0.000955716217796809,0.000977044016764324,0.000998835012521128,0.000133312667749802,0.000268500072954078,0.000455548083390639,0.000446843962642968,0.000429784436750158,0.000132223202058073,1.17916544645743e-05,0.000957121802866915,0.00063060141395684,0.00048225509791392,0.000889050932216624,0.000919531061712168,9.85100897023132e-05,0.000136528146195772,3.4799413149891e-05,1.21002101609446e-05,0,0,0,0,0,0,0,0,0,0,0,0,0,0,0,0,0,0,0,0,0,0,0,0,0,0,0,0,0
0,0,0,0,0,0,0,0,0,0,0,0,0,0,0,0,0,0,0,0,0,0,0,0,0,0,0,0,0,0,0,0,0,0,0.000109844421157213,0.000463645859648257,0.00145188118583165,0.00271183038048674,0.00324710710219434,0.00417052848570021,0.00363705214108188,0.00380448036546789,0.00294963701391312,0.0029403752248948,0.0017238812816709,0.000261348058566817,0.000566699063351094,0.00106160842071316,0.000871855500162208,0.000678838297101344,0.000911163817830285,0.00112115655654585,0.000600098370309572,0.00135585427019999,0.00107599999899047,0.000521671840002156,3.05824210121572e-06,0.000625391163969897,0.00107376809420859,0.000998935127725282,0.000432921217112332,0.000405293737287902,0.000771577435884367,0.0008395868013474,0.000817004945538883,0.00138238737278591,0.000355097645496961,0.000407621596640998,0.000618315093231642,0.000398133801871408,1.03604211466935e-07,0,0,0,0,0,0,0,0,0,0,0,0,0,0,0,0,0,0,0,0,0,0,0,0,0,0,0,0,0
0,0,0,0,0,0,0,0,0,0,0,0,0,0,0,0,0,0,0,0,0,0,0,0,0,0,0,0,0,0,0,0,0,0,0,0.000258934364433488,0.00143248202541763,0.00286987308284991,0.00363697342733661,0.00522248562256955,0.00491395389867484,0.00442428694824533,0.00425205024572053,0.00166079877384345,0.00119224141400434,0.000541466688271951,0.000176407098036869,0.000925779994493139,0.00172940318391397,0.000975843910905762,0.00203353802553786,0.00102664390729582,0.000988074166030256,0.000655719913215779,0.000807623615631924,0.000684164600681761,0.000458230504014893,0.000905095705497619,0.000273696798792348,0.000103294775983922,0.000713449639300463,0.000565183903135946,0.0008011076085047,0.000984960826857855,0.000530024387337961,0.000656758959227965,0.0011747080326632,0.000672829976803326,0.000280363063432582,0.000539255696066713,3.57744931471523e-05,0,0,0,0,0,0,0,0,0,0,0,0,0,0,0,0,0,0,0,0,0,0,0,0,0,0,0,0,0
0,0,0,0,0,0,0,0,0,0,0,0,0,0,0,0,0,0,0,0,0,0,0,0,0,0,0,0,0,0,0,0,0,0,0,8.62582938427866e-05,0.000863800359499773,0.00230626556441699,0.00366849874327962,0.00388067603044628,0.00456206226515159,0.00462898002106792,0.00410192254519051,0.00282420774685721,0.000751137293416165,0.000838854838825923,0.000874272339179988,0.000383785714690746,0.000665291176250319,0.000908608141120181,0.00147006003276228,0.00045413225328318,0.00058450556193213,0.000696432083558111,0.000136529603560556,0.000360223993379736,0.00049728910100105,0.000516148892207787,0.000312771239529894,0.000458493229768666,0.000786796679364677,0.000941691127653891,0.00037995039853683,0.000719720328230463,0.000730003690715063,0.000445089925071048,0.000725910152114869,0.000461742819455372,0.000112156883103432,0,0,0,0,0,0,0,0,0,0,0,0,0,0,0,0,0,0,0,0,0,0,0,0,0,0,0,0,0,0,0
0,0,0,0,0,0,0,0,0,0,0,0,0,0,0,0,0,0,0,0,0,0,0,0,0,0,0,0,0,0,0,0,0,0,0,6.2161436413361e-05,0.000326993803184274,0.00206131872428713,0.00311903213782429,0.00354660625922481,0.00417979130752149,0.00568264292100673,0.00383741230495843,0.00271874779002931,0.00187961151142637,0.000616279162811467,0.00190193580459646,0.000861402835982731,0.000760944860792335,0.00129092906865349,0.000773976085009463,0.000260607783757771,0.000255361407989835,0.000467365210500222,0.000421475955380293,0.000866825544244578,0.000554656623712503,0.000858700893305286,0.00126547587814746,0.000854620592989444,0.000386166497850273,0.000466985543044554,0.000768250156306891,0.00066020525493134,0.000353533793995033,0.00131115505206847,0.00130081157021214,0.0010180023974573,0.000209419926051989,0.000129885103030061,0.000180587150444752,0,0,0,0,0,0,0,0,0,0,0,0,0,0,0,0,0,0,0,0,0,0,0,0,0,0,0,0,0
0,0,0,0,0,0,0,0,0,0,0,0,0,0,0,0,0,0,0,0,0,0,0,0,0,0,0,0,0,0,0,0,0,0,0,0.000380553454076604,0.00121651288973445,0.0013635097092652,0.00166340530799772,0.0039617720262755,0.00293774413765495,0.00363157480743086,0.00352849349164793,0.00329211130954908,0.00266888063061711,0.00109711673504875,0.00152810691756721,0.000940646936220739,0.00121304157653992,0.000650524654070398,0.000642835643385635,0.00061128427859432,0.000574288661656933,0.00102950585562357,0.000321662184980633,0.000474486099608815,0.000682059352852444,0.000334709772544086,0.000531826098571062,0.000132733527302479,0.000237194096922002,0.000159929573612204,0.000603189139488807,0.000808140887867625,0.000471146578706489,0.00147819050728032,0.000234249006057028,0.000590216055105097,0.000191525014691298,7.92883441562553e-05,0.000110239402368931,0,0,0,0,0,0,0,0,0,0,0,0,0,0,0,0,0,0,0,0,0,0,0,0,0,0,0,0,0
0,0,0,0,0,0,0,0,0,0,0,0,0,0,0,0,0,0,0,0,0,0,0,0,0,0,0,0,0,0,0,0,0,0,0,0,0.000249407311920061,0.00118443420649848,0.00152610969978193,0.00250881014901937,0.00375559719087663,0.00453940593154773,0.00426645181683978,0.00463982012971492,0.00099824173492189,0.00103861888570062,0.000906552187936094,0.00142083201094284,0.00111926929343627,0.00044510830109925,0.000949571916146274,0.00085458105295907,0.00091571637054102,0.00129441984657796,0.000584759581938593,0.000725018811822951,9.17599867978275e-05,0.000916622495863623,0.000247539933977475,0.00025714759582998,0.000763653774331155,0.000138286125680295,0.000449412237551808,0.000684741324907558,0.000286217755482998,0.00112544236199881,0.000276285478768682,0.000280915078825478,5.15104362322841e-05,0,0,0,0,0,0,0,0,0,0,0,0,0,0,0,0,0,0,0,0,0,0,0,0,0,0,0,0,0,0,0
0,0,0,0,0,0,0,0,0,0,0,0,0,0,0,0,0,0,0,0,0,0,0,0,0,0,0,0,0,0,0,0,0,0,0,0,0.000346237037232175,0.00110674852804513,0.00166400567488669,0.00267831824735395,0.00266939808026446,0.00421640134877524,0.00412296823905469,0.00280152377376356,0.00200337171672988,0.00201565998154579,0.000766525062470276,0.000435551844596431,0.000374167492035035,0.00119820563160619,0.00105109440906416,0.000638227663928197,0.000365149044934968,0.000748044470916129,0.000575771846990771,0.000422890255242215,0.000370794876214514,0.000749726422106262,0.000109614684089477,2.41954069929553e-05,0.000369081935535818,0.000702004494404364,0.000478250419366651,0.000553233089627035,0.000130518932530923,6.08631871424731e-05,0.000278559081873871,0.000167418381851635,0,0,0,0,0,0,0,0,0,0,0,0,0,0,0,0,0,0,0,0,0,0,0,0,0,0,0,0,0,0,0,0
0,0,0,0,0,0,0,0,0,0,0,0,0,0,0,0,0,0,0,0,0,0,0,0,0,0,0,0,0,0,0,0,0,0,0,0,0.000108848860031683,0.00015957439484055,0.00124072709249701,0.00272138332518646,0.00187548732402026,0.0025642472762228,0.00346021930893798,0.0034843778275217,0.0026338788907158,0.00254954012517011,0.00099011772001134,0.000795066850270596,0.00105377871887217,0.000763369726037774,0.000851612134103022,0.00141327801933821,0.000652256037763157,0.000826485769270373,0.000122026504234875,8.37291968553442e-05,0.00057228377027329,0.000936772120993638,0.000355952330896491,0.000386122109897111,0.00050401775473916,0.000218160119843895,0.000214979626289741,0.000210156635162832,0.000740503941447338,0.000199813365802668,0.000384710507595295,0.000165918813228801,0,0,0,0,0,0,0,0,0,0,0,0,0,0,0,0,0,0,0,0,0,0,0,0,0,0,0,0,0,0,0,0
0,0,0,0,0,0,0,0,0,0,0,0,0,0,0,0,0,0,0,0,0,0,0,0,0,0,0,0,0,0,0,0,0,0,0,0,0,0,0,0.000191428023847733,0.000702242201507989,0.00178180618088331,0.00254887442702829,0.00363888202390017,0.00330322872908369,0.00275905179938941,0.00141894664332792,0.00176628915623543,0.00138812458310523,0.000861357924715369,0.000723072237532484,0.000832847022269057,0.000837891365440027,0.00107037650054557,0.000578403647288102,0.00119752361697609,0.00116795750250507,0.000487489900987863,0.000624868049839512,0.000611730379572874,0.000555083607434155,0.000390896629926081,6.17161527944091e-05,0.000670074423830094,0.00083816291879919,0.000298534938800841,0.00048812380219625,8.40545977262317e-05,0,0,0,0,0,0,0,0,0,0,0,0,0,0,0,0,0,0,0,0,0,0,0,0,0,0,0,0,0,0,0,0
0,0,0,0,0,0,0,0,0,0,0,0,0,0,0,0,0,0,0,0,0,0,0,0,0,0,0,0,0,0,0,0,0,0,0,0,0,6.87801848616466e-05,0.000311885466363128,0.000418383808176694,0.000472032030167752,0.00106482754278572,0.000926438928110117,0.00236465217856502,0.00262738611461059,0.00244811915023259,0.00261713711376633,0.00197129409080821,0.00134017224622512,0.0022280958399754,0.000841627849098668,0.00150281630163202,0.00033156920201963,0.000943665285450797,0.00150998733900142,0.00134317324595526,0.00114431726530324,0.0014116983999666,0.000616402656214979,0.000449693565049083,0.00024599780193409,0.000398574954595047,0.000196014001090017,0.000710615300693273,0.000382650766961605,0.000481231349603954,0.000291343416912009,0.0001642534465786,0,0,0,0,0,0,0,0,0,0,0,0,0,0,0,0,0,0,0,0,0,0,0,0,0,0,0,0,0,0,0,0
0,0,0,0,0,0,0,0,0,0,0,0,0,0,0,0,0,0,0,0,0,0,0,0,0,0,0,0,0,0,0,0,0,0,0,0,0,2.15618050714476e-05,0.000318032322836562,3.30630469895625e-05,0.000198635472310656,0.000673420635100175,0.00185830951775989,0.00178667974996509,0.00244954225139812,0.00298541946180041,0.00314257962585596,0.00341345358411392,0.0023672121577613,0.000859632822907426,0.000818110305095761,0.00121747914189382,0.00125828129723281,0.000725697142433798,0.000961209732510029,0.00171106270187125,0.00121805140897027,0.00125523094409994,0.0019548200505843,0.000437908091536382,0.000313679347678277,0.00094767797745603,0.000547336204571644,0.000145471310436319,0.000163981644405351,1.16720271530196e-05,3.53515723545622e-05,2.07653903367256e-05,0,0,0,0,0,0,0,0,0,0,0,0,0,0,0,0,0,0,0,0,0,0,0,0,0,0,0,0,0,0,0,0
0,0,0,0,0,0,0,0,0,0,0,0,0,0,0,0,0,0,0,0,0,0,0,0,0,0,0,0,0,0,0,0,0,0,0,0,0,0,0.000214481500412246,3.21956734654078e-05,9.01737241100241e-06,0.000182669705224013,0.00144356400984034,0.00120312380848192,0.000528440441244843,0.00125098226545134,0.0013645836590389,0.00189470660937392,0.00168953512128416,0.000542488824347044,0.00100134220329541,0.00142975006110176,0.00207356241503315,0.00148576594122915,0.000717119022134477,0.00183456695344312,0.000830827541822427,0.00067284342251188,0.000676682336028541,7.86410467720048e-05,0.000212335449416204,0.000391116971718223,0.00062510753502242,0.000151209078818374,0.000288987896033878,0,0,0,0,0,0,0,0,0,0,0,0,0,0,0,0,0,0,0,0,0,0,0,0,0,0,0,0,0,0,0,0,0,0,0
0,0,0,0,0,0,0,0,0,0,0,0,0,0,0,0,0,0,0,0,0,0,0,0,0,0,0,0,0,0,0,0,0,0,0,0,0,0,0,0,0,0.000136362203707597,0.000649955477291903,0.000193315447691918,0.000369395409919651,0.000237693404710604,0.000685532027106614,0.00163119704921819,0.000933880279563385,0.000858338531223214,0.00127334080612463,0.00093832026208863,0.00127665333684007,0.00125490606830467,0.0011354486227456,0.0008652731664874,0.000349215933607771,0.000254812164511296,0,0,0.000321117783300156,3.44119783432651e-05,0,0,0,0,0,0,0,0,0,0,0,0,0,0,0,0,0,0,0,0,0,0,0,0,0,0,0,0,0,0,0,0,0,0,0,0,0,0
0,0,0,0,0,0,0,0,0,0,0,0,0,0,0,0,0,0,0,0,0,0,0,0,0,0,0,0,0,0,0,0,0,0,0,0,0,0,0,0,0,2.32185712347488e-05,0.000445865867726931,0.000174756931852676,0.000360454684722418,0.000516057033645452,0.00103612104659675,0.000647854781663503,0.000484010365054237,0.00204085044228669,0.00101277565860703,0.000736234620168123,0.000260545692690056,0.000634527585745077,0.000838338746485541,0.000492183225863129,0.000298723839034814,0.000422100023116123,0,0,0,0,0,0,0,0,0,0,0,0,0,0,0,0,0,0,0,0,0,0,0,0,0,0,0,0,0,0,0,0,0,0,0,0,0,0,0,0,0,0
0,0,0,0,0,0,0,0,0,0,0,0,0,0,0,0,0,0,0,0,0,0,0,0,0,0,0,0,0,0,0,0,0,0,0,0,0,0,0,0,0,0,0,0,0,0,2.75184581972395e-05,0.000616944197959374,0.000407085347338115,0.00111239319092778,0.000869476093342072,0.00023877556260618,0.000436768530110811,0.000595743133060483,0.000406802139568443,0.000649689121310115,7.41051937558261e-05,0.000188934739652592,0,0,0,0,0,0,0,0,0,0,0,0,0,0,0,0,0,0,0,0,0,0,0,0,0,0,0,0,0,0,0,0,0,0,0,0,0,0,0,0,0,0
0,0,0,0,0,0,0,0,0,0,0,0,0,0,0,0,0,0,0,0,0,0,0,0,0,0,0,0,0,0,0,0,0,0,0,0,0,0,0,0,0,0,0,0,0,0,2.09159953449089e-06,0.000431359672269187,5.50137276612781e-05,0,8.30882162063879e-05,0.000217250295515794,5.78568735230349e-05,0,0,0,0,0.000159896180813767,0.00021504257238733,0,0,0,0,0,0,0,0,0,0,0,0,0,0,0,0,0,0,0,0,0,0,0,0,0,0,0,0,0,0,0,0,0,0,0,0,0,0,0,0,0
0,0,0,0,0,0,0,0,0,0,0,0,0,0,0,0,0,0,0,0,0,0,0,0,0,0,0,0,0,0,0,0,0,0,0,0,0,0,0,0,0,0,0,0,0,0,0,0.000140069510429705,9.98596584614491e-07,0,0,0.000181590292795937,4.98668516041696e-05,0,0,0,0,5.33335526408693e-05,7.17276941580343e-05,0,0,0,0,0,0,0,0,0,0,0,0,0,0,0,0,0,0,0,0,0,0,0,0,0,0,0,0,0,0,0,0,0,0,0,0,0,0,0,0,0
0,0,0,0,0,0,0,0,0,0,0,0,0,0,0,0,0,0,0,0,0,0,0,0,0,0,0,0,0,0,0,0,0,0,0,0,0,0,0,0,0,0,0,0,0,0,0,0,0,0,0,0,0,0,0,0,0,0,0,0,0,0,0,0,0,0,0,0,0,0,0,0,0,0,0,0,0,0,0,0,0,0,0,0,0,0,0,0,0,0,0,0,0,0,0,0,0,0,0,0
0,0,0,0,0,0,0,0,0,0,0,0,0,0,0,0,0,0,0,0,0,0,0,0,0,0,0,0,0,0,0,0,0,0,0,0,0,0,0,0,0,0,0,0,0,0,0,0,0,0,0,0,0,0,0,0,0,0,0,0,0,0,0,0,0,0,0,0,0,0,0,0,0,0,0,0,0,0,0,0,0,0,0,0,0,0,0,0,0,0,0,0,0,0,0,0,0,0,0,0
0,0,0,0,0,0,0,0,0,0,0,0,0,0,0,0,0,0,0,0,0,0,0,0,0,0,0,0,0,0,0,0,0,0,0,0,0,0,0,0,0,0,0,0,0,0,0,0,0,0,0,0,0,0,0,0,0,0,0,0,0,0,0,0,0,0,0,0,0,0,0,0,0,0,0,0,0,0,0,0,0,0,0,0,0,0,0,0,0,0,0,0,0,0,0,0,0,0,0,0
0,0,0,0,0,0,0,0,0,0,0,0,0,0,0,0,0,0,0,0,0,0,0,0,0,0,0,0,0,0,0,0,0,0,0,0,0,0,0,0,0,0,0,0,0,0,0,0,0,0,0,0,0,0,0,0,0,0,0,0,0,0,0,0,0,0,0,0,0,0,0,0,0,0,0,0,0,0,0,0,0,0,0,0,0,0,0,0,0,0,0,0,0,0,0,0,0,0,0,0
0,0,0,0,0,0,0,0,0,0,0,0,0,0,0,0,0,0,0,0,0,0,0,0,0,0,0,0,0,0,0,0,0,0,0,0,0,0,0,0,0,0,0,0,0,0,0,0,0,0,0,0,0,0,0,0,0,0,0,0,0,0,0,0,0,0,0,0,0,0,0,0,0,0,0,0,0,0,0,0,0,0,0,0,0,0,0,0,0,0,0,0,0,0,0,0,0,0,0,0
0,0,0,0,0,0,0,0,0,0,0,0,0,0,0,0,0,0,0,0,0,0,0,0,0,0,0,0,0,0,0,0,0,0,0,0,0,0,0,0,0,0,0,0,0,0,0,0,0,0,0,0,0,0,0,0,0,0,0,0,0,0,0,0,0,0,0,0,0,0,0,0,0,0,0,0,0,0,0,0,0,0,0,0,0,0,0,0,0,0,0,0,0,0,0,0,0,0,0,0
0,0,0,0,0,0,0,0,0,0,0,0,0,0,0,0,0,0,0,0,0,0,0,0,0,0,0,0,0,0,0,0,0,0,0,0,0,0,0,0,0,0,0,0,0,0,0,0,0,0,0,0,0,0,0,0,0,0,0,0,0,0,0,0,0,0,0,0,0,0,0,0,0,0,0,0,0,0,0,0,0,0,0,0,0,0,0,0,0,0,0,0,0,0,0,0,0,0,0,0
0,0,0,0,0,0,0,0,0,0,0,0,0,0,0,0,0,0,0,0,0,0,0,0,0,0,0,0,0,0,0,0,0,0,0,0,0,0,0,0,0,0,0,0,0,0,0,0,0,0,0,0,0,0,0,0,0,0,0,0,0,0,0,0,0,0,0,0,0,0,0,0,0,0,0,0,0,0,0,0,0,0,0,0,0,0,0,0,0,0,0,0,0,0,0,0,0,0,0,0
0,0,0,0,0,0,0,0,0,0,0,0,0,0,0,0,0,0,0,0,0,0,0,0,0,0,0,0,0,0,0,0,0,0,0,0,0,0,0,0,0,0,0,0,0,0,0,0,0,0,0,0,0,0,0,0,0,0,0,0,0,0,0,0,0,0,0,0,0,0,0,0,0,0,0,0,0,0,0,0,0,0,0,0,0,0,0,0,0,0,0,0,0,0,0,0,0,0,0,0
0,0,0,0,0,0,0,0,0,0,0,0,0,0,0,0,0,0,0,0,0,0,0,0,0,0,0,0,0,0,0,0,0,0,0,0,0,0,0,0,0,0,0,0,0,0,0,0,0,0,0,0,0,0,0,0,0,0,0,0,0,0,0,0,0,0,0,0,0,0,0,0,0,0,0,0,0,0,0,0,0,0,0,0,0,0,0,0,0,0,0,0,0,0,0,0,0,0,0,0
0,0,0,0,0,0,0,0,0,0,0,0,0,0,0,0,0,0,0,0,0,0,0,0,0,0,0,0,0,0,0,0,0,0,0,0,0,0,0,0,0,0,0,0,0,0,0,0,0,0,0,0,0,0,0,0,0,0,0,0,0,0,0,0,0,0,0,0,0,0,0,0,0,0,0,0,0,0,0,0,0,0,0,0,0,0,0,0,0,0,0,0,0,0,0,0,0,0,0,0
0,0,0,0,0,0,0,0,0,0,0,0,0,0,0,0,0,0,0,0,0,0,0,0,0,0,0,0,0,0,0,0,0,0,0,0,0,0,0,0,0,0,0,0,0,0,0,0,0,0,0,0,0,0,0,0,0,0,0,0,0,0,0,0,0,0,0,0,0,0,0,0,0,0,0,0,0,0,0,0,0,0,0,0,0,0,0,0,0,0,0,0,0,0,0,0,0,0,0,0
0,0,0,0,0,0,0,0,0,0,0,0,0,0,0,0,0,0,0,0,0,0,0,0,0,0,0,0,0,0,0,0,0,0,0,0,0,0,0,0,0,0,0,0,0,0,0,0,0,0,0,0,0,0,0,0,0,0,0,0,0,0,0,0,0,0,0,0,0,0,0,0,0,0,0,0,0,0,0,0,0,0,0,0,0,0,0,0,0,0,0,0,0,0,0,0,0,0,0,0
0,0,0,0,0,0,0,0,0,0,0,0,0,0,0,0,0,0,0,0,0,0,0,0,0,0,0,0,0,0,0,0,0,0,0,0,0,0,0,0,0,0,0,0,0,0,0,0,0,0,0,0,0,0,0,0,0,0,0,0,0,0,0,0,0,0,0,0,0,0,0,0,0,0,0,0,0,0,0,0,0,0,0,0,0,0,0,0,0,0,0,0,0,0,0,0,0,0,0,0
0,0,0,0,0,0,0,0,0,0,0,0,0,0,0,0,0,0,0,0,0,0,0,0,0,0,0,0,0,0,0,0,0,0,0,0,0,0,0,0,0,0,0,0,0,0,0,0,0,0,0,0,0,0,0,0,0,0,0,0,0,0,0,0,0,0,0,0,0,0,0,0,0,0,0,0,0,0,0,0,0,0,0,0,0,0,0,0,0,0,0,0,0,0,0,0,0,0,0,0
0,0,0,0,0,0,0,0,0,0,0,0,0,0,0,0,0,0,0,0,0,0,0,0,0,0,0,0,0,0,0,0,0,0,0,0,0,0,0,0,0,0,0,0,0,0,0,0,0,0,0,0,0,0,0,0,0,0,0,0,0,0,0,0,0,0,0,0,0,0,0,0,0,0,0,0,0,0,0,0,0,0,0,0,0,0,0,0,0,0,0,0,0,0,0,0,0,0,0,0
0,0,0,0,0,0,0,0,0,0,0,0,0,0,0,0,0,0,0,0,0,0,0,0,0,0,0,0,0,0,0,0,0,0,0,0,0,0,0,0,0,0,0,0,0,0,0,0,0,0,0,0,0,0,0,0,0,0,0,0,0,0,0,0,0,0,0,0,0,0,0,0,0,0,0,0,0,0,0,0,0,0,0,0,0,0,0,0,0,0,0,0,0,0,0,0,0,0,0,0
0,0,0,0,0,0,0,0,0,0,0,0,0,0,0,0,0,0,0,0,0,0,0,0,0,0,0,0,0,0,0,0,0,0,0,0,0,0,0,0,0,0,0,0,0,0,0,0,0,0,0,0,0,0,0,0,0,0,0,0,0,0,0,0,0,0,0,0,0,0,0,0,0,0,0,0,0,0,0,0,0,0,0,0,0,0,0,0,0,0,0,0,0,0,0,0,0,0,0,0
0,0,0,0,0,0,0,0,0,0,0,0,0,0,0,0,0,0,0,0,0,0,0,0,0,0,0,0,0,0,0,0,0,0,0,0,0,0,0,0,0,0,0,0,0,0,0,0,0,0,0,0,0,0,0,0,0,0,0,0,0,0,0,0,0,0,0,0,0,0,0,0,0,0,0,0,0,0,0,0,0,0,0,0,0,0,0,0,0,0,0,0,0,0,0,0,0,0,0,0
0,0,0,0,0,0,0,0,0,0,0,0,0,0,0,0,0,0,0,0,0,0,0,0,0,0,0,0,0,0,0,0,0,0,0,0,0,0,0,0,0,0,0,0,0,0,0,0,0,0,0,0,0,0,0,0,0,0,0,0,0,0,0,0,0,0,0,0,0,0,0,0,0,0,0,0,0,0,0,0,0,0,0,0,0,0,0,0,0,0,0,0,0,0,0,0,0,0,0,0
0,0,0,0,0,0,0,0,0,0,0,0,0,0,0,0,0,0,0,0,0,0,0,0,0,0,0,0,0,0,0,0,0,0,0,0,0,0,0,0,0,0,0,0,0,0,0,0,0,0,0,0,0,0,0,0,0,0,0,0,0,0,0,0,0,0,0,0,0,0,0,0,0,0,0,0,0,0,0,0,0,0,0,0,0,0,0,0,0,0,0,0,0,0,0,0,0,0,0,0
0,0,0,0,0,0,0,0,0,0,0,0,0,0,0,0,0,0,0,0,0,0,0,0,0,0,0,0,0,0,0,0,0,0,0,0,0,0,0,0,0,0,0,0,0,0,0,0,0,0,0,0,0,0,0,0,0,0,0,0,0,0,0,0,0,0,0,0,0,0,0,0,0,0,0,0,0,0,0,0,0,0,0,0,0,0,0,0,0,0,0,0,0,0,0,0,0,0,0,0
0,0,0,0,0,0,0,0,0,0,0,0,0,0,0,0,0,0,0,0,0,0,0,0,0,0,0,0,0,0,0,0,0,0,0,0,0,0,0,0,0,0,0,0,0,0,0,0,0,0,0,0,0,0,0,0,0,0,0,0,0,0,0,0,0,0,0,0,0,0,0,0,0,0,0,0,0,0,0,0,0,0,0,0,0,0,0,0,0,0,0,0,0,0,0,0,0,0,0,0
0,0,0,0,0,0,0,0,0,0,0,0,0,0,0,0,0,0,0,0,0,0,0,0,0,0,0,0,0,0,0,0,0,0,0,0,0,0,0,0,0,0,0,0,0,0,0,0,0,0,0,0,0,0,0,0,0,0,0,0,0,0,0,0,0,0,0,0,0,0,0,0,0,0,0,0,0,0,0,0,0,0,0,0,0,0,0,0,0,0,0,0,0,0,0,0,0,0,0,0
0,0,0,0,0,0,0,0,0,0,0,0,0,0,0,0,0,0,0,0,0,0,0,0,0,0,0,0,0,0,0,0,0,0,0,0,0,0,0,0,0,0,0,0,0,0,0,0,0,0,0,0,0,0,0,0,0,0,0,0,0,0,0,0,0,0,0,0,0,0,0,0,0,0,0,0,0,0,0,0,0,0,0,0,0,0,0,0,0,0,0,0,0,0,0,0,0,0,0,0
0,0,0,0,0,0,0,0,0,0,0,0,0,0,0,0,0,0,0,0,0,0,0,0,0,0,0,0,0,0,0,0,0,0,0,0,0,0,0,0,0,0,0,0,0,0,0,0,0,0,0,0,0,0,0,0,0,0,0,0,0,0,0,0,0,0,0,0,0,0,0,0,0,0,0,0,0,0,0,0,0,0,0,0,0,0,0,0,0,0,0,0,0,0,0,0,0,0,0,0
0,0,0,0,0,0,0,0,0,0,0,0,0,0,0,0,0,0,0,0,0,0,0,0,0,0,0,0,0,0,0,0,0,0,0,0,0,0,0,0,0,0,0,0,0,0,0,0,0,0,0,0,0,0,0,0,0,0,0,0,0,0,0,0,0,0,0,0,0,0,0,0,0,0,0,0,0,0,0,0,0,0,0,0,0,0,0,0,0,0,0,0,0,0,0,0,0,0,0,0
0,0,0,0,0,0,0,0,0,0,0,0,0,0,0,0,0,0,0,0,0,0,0,0,0,0,0,0,0,0,0,0,0,0,0,0,0,0,0,0,0,0,0,0,0,0,0,0,0,0,0,0,0,0,0,0,0,0,0,0,0,0,0,0,0,0,0,0,0,0,0,0,0,0,0,0,0,0,0,0,0,0,0,0,0,0,0,0,0,0,0,0,0,0,0,0,0,0,0,0
0,0,0,0,0,0,0,0,0,0,0,0,0,0,0,0,0,0,0,0,0,0,0,0,0,0,0,0,0,0,0,0,0,0,0,0,0,0,0,0,0,0,0,0,0,0,0,0,0,0,0,0,0,0,0,0,0,0,0,0,0,0,0,0,0,0,0,0,0,0,0,0,0,0,0,0,0,0,0,0,0,0,0,0,0,0,0,0,0,0,0,0,0,0,0,0,0,0,0,0
0,0,0,0,0,0,0,0,0,0,0,0,0,0,0,0,0,0,0,0,0,0,0,0,0,0,0,0,0,0,0,0,0,0,0,0,0,0,0,0,0,0,0,0,0,0,0,0,0,0,0,0,0,0,0,0,0,0,0,0,0,0,0,0,0,0,0,0,0,0,0,0,0,0,0,0,0,0,0,0,0,0,0,0,0,0,0,0,0,0,0,0,0,0,0,0,0,0,0,0
0,0,0,0,0,0,0,0,0,0,0,0,0,0,0,0,0,0,0,0,0,0,0,0,0,0,0,0,0,0,0,0,0,0,0,0,0,0,0,0,0,0,0,0,0,0,0,0,0,0,0,0,0,0,0,0,0,0,0,0,0,0,0,0,0,0,0,0,0,0,0,0,0,0,0,0,0,0,0,0,0,0,0,0,0,0,0,0,0,0,0,0,0,0,0,0,0,0,0,0
0,0,0,0,0,0,0,0,0,0,0,0,0,0,0,0,0,0,0,0,0,0,0,0,0,0,0,0,0,0,0,0,0,0,0,0,0,0,0,0,0,0,0,0,0,0,0,0,0,0,0,0,0,0,0,0,0,0,0,0,0,0,0,0,0,0,0,0,0,0,0,0,0,0,0,0,0,0,0,0,0,0,0,0,0,0,0,0,0,0,0,0,0,0,0,0,0,0,0,0
0,0,0,0,0,0,0,0,0,0,0,0,0,0,0,0,0,0,0,0,0,0,0,0,0,0,0,0,0,0,0,0,0,0,0,0,0,0,0,0,0,0,0,0,0,0,0,0,0,0,0,0,0,0,0,0,0,0,0,0,0,0,0,0,0,0,0,0,0,0,0,0,0,0,0,0,0,0,0,0,0,0,0,0,0,0,0,0,0,0,0,0,0,0,0,0,0,0,0,0
0,0,0,0,0,0,0,0,0,0,0,0,0,0,0,0,0,0,0,0,0,0,0,0,0,0,0,0,0,0,0,0,0,0,0,0,0,0,0,0,0,0,0,0,0,0,0,0,0,0,0,0,0,0,0,0,0,0,0,0,0,0,0,0,0,0,0,0,0,0,0,0,0,0,0,0,0,0,0,0,0,0,0,0,0,0,0,0,0,0,0,0,0,0,0,0,0,0,0,0
0,0,0,0,0,0,0,0,0,0,0,0,0,0,0,0,0,0,0,0,0,0,0,0,0,0,0,0,0,0,0,0,0,0,0,0,0,0,0,0,0,0,0,0,0,0,0,0,0,0,0,0,0,0,0,0,0,0,0,0,0,0,0,0,0,0,0,0,0,0,0,0,0,0,0,0,0,0,0,0,0,0,0,0,0,0,0,0,0,0,0,0,0,0,0,0,0,0,0,0
0,0,0,0,0,0,0,0,0,0,0,0,0,0,0,0,0,0,0,0,0,0,0,0,0,0,0,0,0,0,0,0,0,0,0,0,0,0,0,0,0,0,0,0,0,0,0,0,0,0,0,0,0,0,0,0,0,0,0,0,0,0,0,0,0,0,0,0,0,0,0,0,0,0,0,0,0,0,0,0,0,0,0,0,0,0,0,0,0,0,0,0,0,0,0,0,0,0,0,0
0,0,0,0,0,0,0,0,0,0,0,0,0,0,0,0,0,0,0,0,0,0,0,0,0,0,0,0,0,0,0,0,0,0,0,0,0,0,0,0,0,0,0,0,0,0,0,0,0,0,0,0,0,0,0,0,0,0,0,0,0,0,0,0,0,0,0,0,0,0,0,0,0,0,0,0,0,0,0,0,0,0,0,0,0,0,0,0,0,0,0,0,0,0,0,0,0,0,0,0
0,0,0,0,0,0,0,0,0,0,0,0,0,0,0,0,0,0,0,0,0,0,0,0,0,0,0,0,0,0,0,0,0,0,0,0,0,0,0,0,0,0,0,0,0,0,0,0,0,0,0,0,0,0,0,0,0,0,0,0,0,0,0,0,0,0,0,0,0,0,0,0,0,0,0,0,0,0,0,0,0,0,0,0,0,0,0,0,0,0,0,0,0,0,0,0,0,0,0,0
0,0,0,0,0,0,0,0,0,0,0,0,0,0,0,0,0,0,0,0,0,0,0,0,0,0,0,0,0,0,0,0,0,0,0,0,0,0,0,0,0,0,0,0,0,0,0,0,0,0,0,0,0,0,0,0,0,0,0,0,0,0,0,0,0,0,0,0,0,0,0,0,0,0,0,0,0,0,0,0,0,0,0,0,0,0,0,0,0,0,0,0,0,0,0,0,0,0,0,0
0,0,0,0,0,0,0,0,0,0,0,0,0,0,0,0,0,0,0,0,0,0,0,0,0,0,0,0,0,0,0,0,0,0,0,0,0,0,0,0,0,0,0,0,0,0,0,0,0,0,0,0,0,0,0,0,0,0,0,0,0,0,0,0,0,0,0,0,0,0,0,0,0,0,0,0,0,0,0,0,0,0,0,0,0,0,0,0,0,0,0,0,0,0,0,0,0,0,0,0
0,0,0,0,0,0,0,0,0,0,0,0,0,0,0,0,0,0,0,0,0,0,0,0,0,0,0,0,0,0,0,0,0,0,0,0,0,0,0,0,0,0,0,0,0,0,0,0,0,0,0,0,0,0,0,0,0,0,0,0,0,0,0,0,0,0,0,0,0,0,0,0,0,0,0,0,0,0,0,0,0,0,0,0,0,0,0,0,0,0,0,0,0,0,0,0,0,0,0,0
0,0,0,0,0,0,0,0,0,0,0,0,0,0,0,0,0,0,0,0,0,0,0,0,0,0,0,0,0,0,0,0,0,0,0,0,0,0,0,0,0,0,0,0,0,0,0,0,0,0,0,0,0,0,0,0,0,0,0,0,0,0,0,0,0,0,0,0,0,0,0,0,0,0,0,0,0,0,0,0,0,0,0,0,0,0,0,0,0,0,0,0,0,0,0,0,0,0,0,0
0,0,0,0,0,0,0,0,0,0,0,0,0,0,0,0,0,0,0,0,0,0,0,0,0,0,0,0,0,0,0,0,0,0,0,0,0,0,0,0,0,0,0,0,0,0,0,0,0,0,0,0,0,0,0,0,0,0,0,0,0,0,0,0,0,0,0,0,0,0,0,0,0,0,0,0,0,0,0,0,0,0,0,0,0,0,0,0,0,0,0,0,0,0,0,0,0,0,0,0
0,0,0,0,0,0,0,0,0,0,0,0,0,0,0,0,0,0,0,0,0,0,0,0,0,0,0,0,0,0,0,0,0,0,0,0,0,0,0,0,0,0,0,0,0,0,0,0,0,0,0,0,0,0,0,0,0,0,0,0,0,0,0,0,0,0,0,0,0,0,0,0,0,0,0,0,0,0,0,0,0,0,0,0,0,0,0,0,0,0,0,0,0,0,0,0,0,0,0,0
0,0,0,0,0,0,0,0,0,0,0,0,0,0,0,0,0,0,0,0,0,0,0,0,0,0,0,0,0,0,0,0,0,0,0,0,0,0,0,0,0,0,0,0,0,0,0,0,0,0,0,0,0,0,0,0,0,0,0,0,0,0,0,0,0,0,0,0,0,0,0,0,0,0,0,0,0,0,0,0,0,0,0,0,0,0,0,0,0,0,0,0,0,0,0,0,0,0,0,0
0,0,0,0,0,0,0,0,0,0,0,0,0,0,0,0,0,0,0,0,0,0,0,0,0,0,0,0,0,0,0,0,0,0,0,0,0,0,0,0,0,0,0,0,0,0,0,0,0,0,0,0,0,0,0,0,0,0,0,0,0,0,0,0,0,0,0,0,0,0,0,0,0,0,0,0,0,0,0,0,0,0,0,0,0,0,0,0,0,0,0,0,0,0,0,0,0,0,0,0
0,0,0,0,0,0,0,0,0,0,0,0,0,0,0,0,0,0,0,0,0,0,0,0,0,0,0,0,0,0,0,0,0,0,0,0,0,0,0,0,0,0,0,0,0,0,0,0,0,0,0,0,0,0,0,0,0,0,0,0,0,0,0,0,0,0,0,0,0,0,0,0,0,0,0,0,0,0,0,0,0,0,0,0,0,0,0,0,0,0,0,0,0,0,0,0,0,0,0,0
0,0,0,0,0,0,0,0,0,0,0,0,0,0,0,0,0,0,0,0,0,0,0,0,0,0,0,0,0,0,0,0,0,0,0,0,0,0,0,0,0,0,0,0,0,0,0,0,0,0,0,0,0,0,0,0,0,0,0,0,0,0,0,0,0,0,0,0,0,0,0,0,0,0,0,0,0,0,0,0,0,0,0,0,0,0,0,0,0,0,0,0,0,0,0,0,0,0,0,0
