0,0,0,0,0,0,0,0,0,0,0,0,0,0,0,0,0,0,0,0,0,0,0,0,0,0,0,0,0,0,0,0,0,0,0,0,0,0,0,0,0,0,0,0,0,0,0,0,0,0,0,0,0,0,0,0,0,0,0,0,0,0,0,0,0,0,0,0,0,0,0,0,0,0,0,0,0,0,0,0,0,0,0,0,0,0,0,0,0,0,0,0,0,0,0,0,0,0,0,0
0,0,0,0,0,0,0,0,0,0,0,0,0,0,0,0,0,0,0,0,0,0,0,0,0,0,0,0,0,0,0,0,0,0,0,0,0,0,0,0,0,0,0,0,0,0,0,0,0,0,0,0,0,0,0,0,0,0,0,0,0,0,0,0,0,0,0,0,0,0,0,0,0,0,0,0,0,0,0,0,0,0,0,0,0,0,0,0,0,0,0,0,0,0,0,0,0,0,0,0
0,0,0,0,0,0,0,0,0,0,0,0,0,0,0,0,0,0,0,0,0,0,0,0,0,0,0,0,0,0,0,0,0,0,0,0,0,0,0,0,0,0,0,0,0,0,0,0,0,0,0,0,0,0,0,0,0,0,0,0,0,0,0,0,0,0,0,0,0,0,0,0,0,0,0,0,0,0,0,0,0,0,0,0,0,0,0,0,0,0,0,0,0,0,0,0,0,0,0,0
0,0,0,0,0,0,0,0,0,0,0,0,0,0,0,0,0,0,0,0,0,0,0,0,0,0,0,0,0,0,0,0,0,0,0,0,0,0,0,0,0,0,0,0,0,0,0,0,0,0,0,0,0,0,0,0,0,0,0,0,0,0,0,0,0,0,0,0,0,0,0,0,0,0,0,0,0,0,0,0,0,0,0,0,0,0,0,0,0,0,0,0,0,0,0,0,0,0,0,0
0,0,0,0,0,0,0,0,0,0,0,0,0,0,0,0,0,0,0,0,0,0,0,0,0,0,0,0,0,0,0,0,0,0,0,0,0,0,0,0,0,0,0,0,0,0,0,0,0,0,0,0,0,0,0,0,0,0,0,0,0,0,0,0,0,0,0,0,0,0,0,0,0,0,0,0,0,0,0,0,0,0,0,0,0,0,0,0,0,0,0,0,0,0,0,0,0,0,0,0
0,0,0,0,0,0,0,0,0,0,0,0,0,0,0,0,0,0,0,0,0,0,0,0,0,0,0,0,0,0,0,0,0,0,0,0,0,0,0,0,0,0,0,0,0,0,0,0,0,0,0,0,0,0,0,0,0,0,0,0,0,0,0,0,0,0,0,0,0,0,0,0,0,0,0,0,0,0,0,0,0,0,0,0,0,0,0,0,0,0,0,0,0,0,0,0,0,0,0,0
0,0,0,0,0,0,0,0,0,0,0,0,0,0,0,0,0,0,0,0,0,0,0,0,0,0,0,0,0,0,0,0,0,0,0,0,0,0,0,0,0,0,0,0,0,0,0,0,0,0,0,0,0,0,0,0,0,0,0,0,0,0,0,0,0,0,0,0,0,0,0,0,0,0,0,0,0,0,0,0,0,0,0,0,0,0,0,0,0,0,0,0,0,0,0,0,0,0,0,0
0,0,0,0,0,0,0,0,0,0,0,0,0,0,0,0,0,0,0,0,0,0,0,0,0,0,0,0,0,0,0,0,0,0,0,0,0,0,0,0,0,0,0,0,0,0,0,0,0,0,0,0,0,0,0,0,0,0,0,0,0,0,0,0,0,0,0,0,0,0,0,0,0,0,0,0,0,0,0,0,0,0,0,0,0,0,0,0,0,0,0,0,0,0,0,0,0,0,0,0
0,0,0,0,0,0,0,0,0,0,0,0,0,0,0,0,0,0,0,0,0,0,0,0,0,0,0,0,0,0,0,0,0,0,0,0,0,0,0,0,0,0,0,0,0,0,0,0,0,0,0,0,0,0,0,0,0,0,0,0,0,0,0,0,0,0,0,0,0,0,0,0,0,0,0,0,0,0,0,0,0,0,0,0,0,0,0,0,0,0,0,0,0,0,0,0,0,0,0,0
0,0,0,0,0,0,0,0,0,0,0,0,0,0,0,0,0,0,0,0,0,0,0,0,0,0,0,0,0,0,0,0,0,0,0,0,0,0,0,0,0,0,0,0,0,0,0,0,0,0,0,0,0,0,0,0,0,0,0,0,0,0,0,0,0,0,0,0,0,0,0,0,0,0,0,0,0,0,0,0,0,0,0,0,0,0,0,0,0,0,0,0,0,0,0,0,0,0,0,0
0,0,0,0,0,0,0,0,0,0,0,0,0,0,0,0,0,0,0,0,0,0,0,0,0,0,0,0,0,0,0,0,0,0,0,0,0,0,0,0,0,0,0,0,0,0,0,0,0,0,0,0,0,0,0,0,0,0,0,0,0,0,0,0,0,0,0,0,0,0,0,0,0,0,0,0,0,0,0,0,0,0,0,0,0,0,0,0,0,0,0,0,0,0,0,0,0,0,0,0
0,0,0,0,0,0,0,0,0,0,0,0,0,0,0,0,0,0,0,0,0,0,0,0,0,0,0,0,0,0,0,0,0,0,0,0,0,0,0,0,0,0,0,0,0,0,0,0,0,0,0,0,0,0,0,0,0,0,0,0,0,0,0,0,0,0,0,0,0,0,0,0,0,0,0,0,0,0,0,0,0,0,0,0,0,0,0,0,0,0,0,0,0,0,0,0,0,0,0,0
0,0,0,0,0,0,0,0,0,0,0,0,0,0,0,0,0,0,0,0,0,0,0,0,0,0,0,0,0,0,0,0,0,0,0,0,0,0,0,0,0,0,0,0,0,0,0,0,0,0,0,0,0,0,0,0,0,0,0,0,0,0,0,0,0,0,0,0,0,0,0,0,0,0,0,0,0,0,0,0,0,0,0,0,0,0,0,0,0,0,0,0,0,0,0,0,0,0,0,0
0,0,0,0,0,0,0,0,0,0,0,0,0,0,0,0,0,0,0,0,0,0,0,0,0,0,0,0,0,0,0,0,0,0,0,0,0,0,0,0,0,0,0,0,0,0,0,0,0,0,0,0,0,0,0,0,0,0,0,0,0,0,0,0,0,0,0,0,0,0,0,0,0,0,0,0,0,0,0,0,0,0,0,0,0,0,0,0,0,0,0,0,0,0,0,0,0,0,0,0
0,0,0,0,0,0,0,0,0,0,0,0,0,0,0,0,0,0,0,0,0,0,0,0,0,0,0,0,0,0,0,0,0,0,0,0,0,0,0,0,0,0,0,0,0,0,0,0,0,0,0,0,0,0,0,0,0,0,0,0,0,0,0,0,0,0,0,0,0,0,0,0,0,0,0,0,0,0,0,0,0,0,0,0,0,0,0,0,0,0,0,0,0,0,0,0,0,0,0,0
0,0,0,0,0,0,0,0,0,0,0,0,0,0,0,0,0,0,0,0,0,0,0,0,0,0,0,0,0,0,0,0,0,0,0,0,0,0,0,0,0,0,0,0,0,0,0,0,0,0,0,0,0,0,0,0,0,0,0,0,0,0,0,0,0,0,0,0,0,0,0,0,0,0,0,0,0,0,0,0,0,0,0,0,0,0,0,0,0,0,0,0,0,0,0,0,0,0,0,0
0,0,0,0,0,0,0,0,0,0,0,0,0,0,0,0,0,0,0,0,0,0,0,0,0,0,0,0,0,0,0,0,0,0,0,0,0,0,0,0,0,0,0,0,0,0,0,0,0,0,0,0,0,0,0,0,0,0,0,0,0,0,0,0,0,0,0,0,0,0,0,0,0,0,0,0,0,0,0,0,0,0,0,0,0,0,0,0,0,0,0,0,0,0,0,0,0,0,0,0
0,0,0,0,0,0,0,0,0,0,0,0,0,0,0,0,0,0,0,0,0,0,0,0,0,0,0,0,0,0,0,0,0,0,0,0,0,0,0,0,0,0,0,0,0,0,0,0,0,0,0,0,0,0,0,0,0,0,0,0,0,0,0,0,0,0,0,0,0,0,0,0,0,0,0,0,0,0,0,0,0,0,0,0,0,0,0,0,0,0,0,0,0,0,0,0,0,0,0,0
0,0,0,0,0,0,0,0,0,0,0,0,0,0,0,0,0,0,0,0,0,0,0,0,0,0,0,0,0,0,0,0,0,0,0,0,0,0,0,0,0,0,0,0,0,0,0,0,0,0,0,0,0,0,0,0,0,0,0,0,0,0,0,0,0,0,0,0,0,0,0,0,0,0,0,0,0,0,0,0,0,0,0,0,0,0,0,0,0,0,0,0,0,0,0,0,0,0,0,0
0,0,0,0,0,0,0,0,0,0,0,0,0,0,0,0,0,0,0,0,0,0,0,0,0,0,0,0,0,0,0,0,0,0,0,0,0,0,0,0,0,0,0,0,0,0,0,0,0,0,0,0,0,0,0,0,0,0,0,0,0,0,0,0,0,0,0,0,0,0,0,0,0,0,0,0,0,0,0,0,0,0,0,0,0,0,0,0,0,0,0,0,0,0,0,0,0,0,0,0
0,0,0,0,0,0,0,0,0,0,0,0,0,0,0,0,0,0,0,0,0,0,0,0,0,0,0,0,0,0,0,0,0,0,0,0,0,0,0,0,0,0,0,0,0,0,0,0,0,0,0,0,0,0,0,0,0,0,0,0,0,0,0,0,0,0,0,0,0,0,0,0,0,0,0,0,0,0,0,0,0,0,0,0,0,0,0,0,0,0,0,0,0,0,0,0,0,0,0,0
0,0,0,0,0,0,0,0,0,0,0,0,0,0,0,0,0,0,0,0,0,0,0,0,0,0,0,0,0,0,0,0,0,0,0,0,0,0,0,0,0,0,0,0,0,0,0,0,0,0,0,0,0,0,0,0,0,0,0,0,0,0,0,0,0,0,0,0,0,0,0,0,0,0,0,0,0,0,0,0,0,0,0,0,0,0,0,0,0,0,0,0,0,0,0,0,0,0,0,0
0,0,0,0,0,0,0,0,0,0,0,0,0,0,0,0,0,0,0,0,0,0,0,0,0,0,0,0,0,0,0,0,0,0,0,0,0,0,0,0,0,0,0,0,0,0,0,0,0,0,0,0,0,0,0,0,0,0,0,0,0,0,0,0,0,0,0,0,0,0,0,0,0,0,0,0,0,0,0,0,0,0,0,0,0,0,0,0,0,0,0,0,0,0,0,0,0,0,0,0
0,0,0,0,0,0,0,0,0,0,0,0,0,0,0,0,0,0,0,0,0,0,0,0,0,0,0,0,0,0,0,0,0,0,0,0,0,0,0,0,0,0,0,0,0,0,0,0,0,0,0,0,0,0,0,0,0,0,0,0,0,0,0,0,0,0,0,0,0,0,0,0,0,0,0,0,0,0,0,0,0,0,0,0,0,0,0,0,0,0,0,0,0,0,0,0,0,0,0,0
0,0,0,0,0,0,0,0,0,0,0,0,0,0,0,0,0,0,0,0,0,0,0,0,0,0,0,0,0,0,0,0,0,0,0,0,0,0,0,0,0,0,0,0,0,0,0,0,0,0,0,0,0,0,0,0,0,0,0,0,0,0,0,0,0,0,0,0,0,0,0,0,0,0,0,0,0,0,0,0,0,0,0,0,0,0,0,0,0,0,0,0,0,0,0,0,0,0,0,0
0,0,0,0,0,0,0,0,0,0,0,0,0,0,0,0,0,0,0,0,0,0,0,0,0,0,0,0,0,0,0,0,0,0,0,0,0,0,0,0,0,0,0,0,0,0,0,0,0,0,0,0,0,0,0,0,0,0,0,0,0,0,0,0,0,0,0,0,0,0,0,0,0,0,0,0,0,0,0,0,0,0,0,0,0,0,0,0,0,0,0,0,0,0,0,0,0,0,0,0
0,0,0,0,0,0,0,0,0,0,0,0,0,0,0,0,0,0,0,0,0,0,0,0,0,0,0,0,0,0,0,0,0,0,0,0,0,0,0,0,0,0,0,0,0,0,0,0,0,0,0,0,0,0,0,0,0,0,0,0,0,0,0,0,0,0,0,0,0,0,0,0,0,0,0,0,0,0,0,0,0,0,0,0,0,0,0,0,0,0,0,0,0,0,0,0,0,0,0,0
0,0,0,0,0,0,0,0,0,0,0,0,0,0,0,0,0,0,0,0,0,0,0,0,0,0,0,0,0,0,0,0,0,0,0,0,0,0,0,0,0,0,0,0,0,0,0,0,0,0,0,0,0,0,0,0,0,0,0,0,0,0,0,0,0,0,0,0,0,0,0,0,0,0,0,0,0,0,0,0,0,0,0,0,0,0,0,0,0,0,0,0,0,0,0,0,0,0,0,0
0,0,0,0,0,0,0,0,0,0,0,0,0,0,0,0,0,0,0,0,0,0,0,0,0,0,0,0,0,0,0,0,0,0,0,0,0,0,0,0,0,0,0,0,0,0,0,0,0,0,0,0,0,0,0,0,0,0,0,0,0,0,0,0,0,0,0,0,0,0,0,0,0,0,0,0,0,0,0,0,0,0,0,0,0,0,0,0,0,0,0,0,0,0,0,0,0,0,0,0
0,0,0,0,0,0,0,0,0,0,0,0,0,0,0,0,0,0,0,0,0,0,0,0,0,0,0,0,0,0,0,0,0,0,0,0,0,0,0,0,0,0,0,0,0,0,0,0,0,0,0,0,0,0,0,0,0,0,0,0,0,0,0,0,0,0,0,0,0,0,0,0,0,0,0,0,0,0,0,0,0,0,0,0,0,0,0,0,0,0,0,0,0,0,0,0,0,0,0,0
0,0,0,0,0,0,0,0,0,0,0,0,0,0,0,0,0,0,0,0,0,0,0,0,0,0,0,0,0,0,0,0,0,0,0,0,0,0,0,0,0,0,0,0,0,0,0,0,0,0,0,0,0,0,0,0,0,0,0,0,0,0,0,0,0,0,0,0,0,0,0,0,0,0,0,0,0,0,0,0,0,0,0,0,0,0,0,0,0,0,0,0,0,0,0,0,0,0,0,0
0,0,0,0,0,0,0,0,0,0,0,0,0,0,0,0,0,0,0,0,0,0,0,0,0,0,0,0,0,0,0,0,0,0,0,0,0,0,0,0,0,0,0,0,0,0,0,0,0,0,0,0,0,0,0,0,0,0,0,0,0,0,0,0,0,0,0,0,0,0,0,0,0,0,0,0,0,0,0,0,0,0,0,0,0,0,0,0,0,0,0,0,0,0,0,0,0,0,0,0
0,0,0,0,0,0,0,0,0,0,0,0,0,0,0,0,0,0,0,0,0,0,0,0,0,0,0,0,0,0,0,0,0,0,0,0,0,0,0,0,0,0,0,0,0,0,0,0,0,0,0,0,0,0,0,0,0,0,0,0,0,0,0,0,0,0,0,0,0,0,0,0,0,0,0,0,0,0,0,0,0,0,0,0,0,0,0,0,0,0,0,0,0,0,0,0,0,0,0,0
0,0,0,0,0,0,0,0,0,0,0,0,0,0,0,0,0,0,0,0,0,0,0,0,0,0,0,0,0,0,0,0,0,0,0,0,0,0,0,0,0,0,0,0,0,0,0,0,0,0,0,0,0,0,0,0,0,0,0,0,0,0,0,0,0,0,0,0,0,0,0,0,0,0,0,0,0,0,0,0,0,0,0,0,0,0,0,0,0,0,0,0,0,0,0,0,0,0,0,0
0,0,0,0,0,0,0,0,0,0,0,0,0,0,0,0,0,0,0,0,0,0,0,0,0,0,0,0,0,0,0,0,0,0,0,0,0,0,0,0,0,0,0,0,0,0,0,0,0,0,0,0,0,0,0,0,0,0,0,0,0,0,0,0,0,0,0,0,0,0,0,0,0,0,0,0,0,0,0,0,0,0,0,0,0,0,0,0,0,0,0,0,0,0,0,0,0,0,0,0
0,0,0,0,0,0,0,0,0,0,0,0,0,0,0,0,0,0,0,0,0,0,0,0,0,0,0,0,0,0,0,0,0,0,0,0,0,0,0,0,0,0,0,0,0,0,0,0,0,0,0,0,0,0,0,0,0,0,0,0,0,0,0,0,0,0,0,0,0,0,0,0,0,0,0,0,0,0,0,0,0,0,0,0,0,0,0,0,0,0,0,0,0,0,0,0,0,0,0,0
0,0,0,0,0,0,0,0,0,0,0,0,0,0,0,0,0,0,0,0,0,0,0,0,0,0,0,0,0,0,0,0,0,0,0,0,0,0,0,0,0,0,0,0,0,0,0,0,0,0,0,0,0,0,0,0,0,0,0,0,0,0,0,0,0,0,0,0,0,0,0,0,0,0,0,0,0,0,0,0,0,0,0,0,0,0,0,0,0,0,0,0,0,0,0,0,0,0,0,0
0,0,0,0,0,0,0,0,0,0,0,0,0,0,0,0,0,0,0,0,0,0,0,0,0,0,0,0,0,0,0,0,0,0,0,0,0,0,0,0,0,0,0,0,0,0,0,0,0,0,0,0,0,0,0,0,0,0,0,0,0,0,0,0,0,0,0,0,0,0,0,0,0,0,0,0,0,0,0,0,0,0,0,0,0,0,0,0,0,0,0,0,0,0,0,0,0,0,0,0
0,0,0,0,0,0,0,0,0,0,0,0,0,0,0,0,0,0,0,0,0,0,0,0,0,0,0,0,0,0,0,0,0,0,0,0,0,0,0,0,0,0,0,0,0,0,0,0,0,0,0,0,0,0,0,0,0,0,0,0,0,0,0,0,0,0,0,0,0,0,0,0,0,0,0,0,0,0,0,0,0,0,0,0,0,0,0,0,0,0,0,0,0,0,0,0,0,0,0,0
0,0,0,0,0,0,0,0,0,0,0,0,0,0,0,0,0,0,0,0,0,0,0,0,0,0,0,0,0,0,0,0,0,0,0,0,0,0,0,0,0,0,0,0,0,0,0,0,0,0,0,0,0,0,0,0,0,0,0,0,0,0,0,0,0,0,0,0,0,0,0,0,0,0,0,0,0,0,0,0,0,0,0,0,0,0,0,0,0,0,0,0,0,0,0,0,0,0,0,0
0,0,0,0,0,0,0,0,0,0,0,0,0,0,0,0,0,0,0,0,0,0,0,0,0,0,0,0,0,0,0,0,0,0,0,0,0,0,0,0,0,0,0,0,0,0,0,0,0,0,0,0,0,0,0,0,0,0,0,0,0,0,0,0,0,0,0,0,0,0,0,0,0,0,0,0,0,0,0,0,0,0,0,0,0,0,0,0,0,0,0,0,0,0,0,0,0,0,0,0
0,0,0,0,0,0,0,0,0,0,0,0,0,0,0,0,0,0,0,0,0,0,0,0,0,0,0,0,0,0,0,0,0,0,0,0,0,0,0,0,0,0,0,0,0,0,0,0,0,0,0,0,0,0,0,0,0,0,0,0,0,0,0,0,0,0,0,0,0,0,0,0,0,0,0,0,0,0,0,0,0,0,0,0,0,0,0,0,0,0,0,0,0,0,0,0,0,0,0,0
0,0,0,0,0,0,0,0,0,0,0,0,0,0,0,0,0,0,0,0,0,0,0,0,0,0,0,0,0,0,0,0,0,0,0,0,0,0,0,0,0,0,0,0,0,0,0,0,0,0,0,0,0,0,0,0,0,0,0,0,0,0,0,0,0,0,0,0,0,0,0,0,0,0,0,0,0,0,0,0,0,0,0,0,0,0,0,0,0,0,0,0,0,0,0,0,0,0,0,0
0,0,0,0,0,0,0,0,0,0,0,0,0,0,0,0,0,0,0,0,0,0,0,0,0,0,0,0,0,0,0,0,0,0,0,0,0,0,0,0,0,0,0,0,0,0,0,0,0,0,0,0,0,0,0,0,0,0,0,0,0,0,0,0,0,0,0,0,0,0,0,0,0,0,0,0,0,0,0,0,0,0,0,0,0,0,0,0,0,0,0,0,0,0,0,0,0,0,0,0
0,0,0,0,0,0,0,0,0,0,0,0,0,0,0,0,0,0,0,0,0,0,0,0,0,0,0,0,0,0,0,0,0,0,0,0,0,0,0,0,0,0,0,0,0,0,0,0,0,0,0,0,0,0,0,0,0,0,0,0,0,0,0,0,0,0,0,0,0,0,0,0,0,0,0,0,0,0,0,0,0,0,0,0,0,0,0,0,0,0,0,0,0,0,0,0,0,0,0,0
0,0,0,0,0,0,0,0,0,0,0,0,0,0,0,0,0,0,0,0,0,0,0,0,0,0,0,0,0,0,0,0,0,0,0,0,0,0,0,0,0,0,0,0,0,0,0,0,0,0,0,0,0,0,0,0,0,0,0,0,0,0,0,0,0,0,0,0,0,0,0,0,0,0,0,0,0,0,0,0,0,0,0,0,0,0,0,0,0,0,0,0,0,0,0,0,0,0,0,0
0,0,0,0,0,0,0,0,0,0,0,0,0,0,0,0,0,0,0,0,0,0,0,0,0,0,0,0,0,0,0,0,0,0,0,0,0,0,0,0,0,0,0,0,0,0,0,0,0,0,0,0,0,0,0,0,0,0,0,0,0,0,0,0,0,0,0,0,0,0,0,0,0,0,0,0,0,0,0,0,0,0,0,0,0,0,0,0,0,0,0,0,0,0,0,0,0,0,0,0
0,0,0,0,0,0,0,0,0,0,0,0,0,0,0,0,0,0,0,0,0,0,0,0,0,0,0,0,0,0,0,0,0,0,0,0,0,0,0,0,0,0,0,0,0,0,0,0,0,0,0,0,0,0,0,0,0,0,0,0,0,0,0,0,0,0,0,0,0,0,0,0,0,0,0,0,0,0,0,0,0,0,0,0,0,0,0,0,0,0,0,0,0,0,0,0,0,0,0,0
0,0,0,0,0,0,0,0,0,0,0,0,0,0,0,0,0,0,0,0,0,0,0,0,0,0,0,0,0,0,0,0,0,0,0,0,0,0,0,0,0,0,0,0,0,0,0,0,0,0,0,0,0,0,0,0,0,0,0,0,0,0,0,0,0,0,0,0,0,0,0,0,0,0,0,0,0,0,0,0,0,0,0,0,0,0,0,0,0,0,0,0,0,0,0,0,0,0,0,0
0,0,0,0,0,0,0,0,0,0,0,0,0,0,0,0,0,0,0,0,0,0,0,0,0,0,0,0,0,0,0,0,0,0,0,0,0,0,0,0,0,0,0,0,0,0,0,0,0,0,0,0,0,0,0,0,0,0,0,0,0,0,0,0,0,0,0,0,0,0,0,0,0,0,0,0,0,0,0,0,0,0,0,0,0,0,0,0,0,0,0,0,0,0,0,0,0,0,0,0
0,0,0,0,0,0,0,0,0,0,0,0,0,0,0,0,0,0,0,0,0,0,0,0,0,0,0,0,0,0,0,0,0,0,0,0,0,0,0,0,0,0,0,0,0,0,0,0,0,0,0,0,0,0,0,0,0,0,0,0,0,0,0,0,0,0,0,0,0,0,0,0,0,0,0,0,0,0,0,0,0,0,0,0,0,0,0,0,0,0,0,0,0,0,0,0,0,0,0,0
0,0,0,0,0,0,0,0,0,0,0,0,0,0,0,0,0,0,0,0,0,0,0,0,0,0,0,0,0,0,0,0,0,0,0,0,0,0,0,0,0,0,0,0,0,0,0,0,0,0,0,0,0,0,0,0,0,0,0,0,0,0,0,0,0,0,0,0,0,0,0,0,0,0,0,0,0,0,0,0,0,0,0,0,0,0,0,0,0,0,0,0,0,0,0,0,0,0,0,0
0,0,0,0,0,0,0,0,0,0,0,0,0,0,0,0,0,0,0,0,0,0,0,0,0,0,0,0,0,0,0,0,0,0,0,0,0,0,0,0,0,0,0,0,0,0,0,0,0,0,0,0,0,0,0,0,0,0,0,0,0,0,0,0,0,0,0,0,0,0,0,0,0,0,0,0,0,0,0,0,0,0,0,0,0,0,0,0,0,0,0,0,0,0,0,0,0,0,0,0
0,0,0,0,0,0,0,0,0,0,0,0,0,0,0,0,0,0,0,0,0,0,0,0,0,0,0,0,0,0,0,0,0,0,0,0,0,0,0,0,0,0,0,0,0,0,0,0,0,0,0,0,0,0,0,0,0,0,0,0,0,0,0,0,0,0,0,0,0,0,0,0,0,0,0,0,0,0,0,0,0,0,0,0,0,0,0,0,0,0,0,0,0,0,0,0,0,0,0,0
0,0,0,0,0,0,0,0,0,0,0,0,0,0,0,0,0,0,0,0,0,0,0,0,0,0,0,0,0,0,0,0,0,0,0,0,0,0,0,0,0,0,0,0,0,0,0,0,0,0,0,0,0,0,0,0,0,0,0,0,0,0,0,0,0,0,0,0,0,0,0,0,0,0,0,0,0,0,0,0,0,0,0,0,0,0,0,0,0,0,0,0,0,0,0,0,0,0,0,0
0,0,0,0,0,0,0,0,0,0,0,0,0,0,0,0,0,0,0,0,0,0,0,0,0,0,0,0,0,0,0,0,0,0,0,0,0,0,0,0,0,0,0,0,0,0,0,0,0,0,0,0,0,0,0,0,0,0,0,0,0,0,0,0,0,0,0,0,0,0,0,0,0,0,0,0,0,0,0,0,0,0,0,0,0,0,0,0,0,0,0,0,0,0,0,0,0,0,0,0
0,0,0,0,0,0,0,0,0,0,0,0,0,0,0,0,0,0,0,0,0,0,0,0,0,0,0,0,0,0,0,0,0,0,0,0,0,0,0,0,0,0,0,0,0,0,0,0,0,0,0,0,0,0,0,0,0,0,0,0,0,0,0,0,0,0,0,0,0,0,0,0,0,0,0,0,0,0,0,0,0,0,0,0,0,0,0,0,0,0,0,0,0,0,0,0,0,0,0,0
0,0,0,0,0,0,0,0,0,0,0,0,0,0,0,0,0,0,0,0,0,0,0,0,0,0,0,0,0,0,0,0,0,0,0,0,0,0,0,0,0,0,0,0,0,0,0,0,0,0,0,0,0,0,0,0,0,0,0,0,0,0,0,0,0,0,0,0,0,0,0,0,0,0,0,0,0,0,0,0,0,0,0,0,0,0,0,0,0,0,0,0,0,0,0,0,0,0,0,0
0,0,0,0,0,0,0,0,0,0,0,0,0,0,0,0,0,0,0,0,0,0,0,0,0,0,0,0,0,0,0,0,0,0,0,0,0,0,0,0,0,0,0,0,0,0,0,0,0,0,0,0,0,0,0,0,0,0,0,0,0,0,0,0,0,0,0,0,0,0,0,0,0,0,0,0,0,0,0,0,0,0,0,0,0,0,0,0,0,0,0,0,0,0,0,0,0,0,0,0
0,0,0,0,0,0,0,0,0,0,0,0,0,0,0,0,0,0,0,0,0,0,0,0,0,0,0,0,0,0,0,0,0,0,0,0,0,0,0,0,0,0,0,0,0,0,0,0,0,0,0,0,0,0,0,0,0,0,0,0,0,0,0,0,0,0,0,0,0,0,0,0,0,0,0,0,0,0,0,0,0,0,0,0,0,0,0,0,0,0,0,0,0,0,0,0,0,0,0,0
0,0,0,0,0,0,0,0,0,0,0,0,0,0,0,0,0,0,0,0,0,0,0,0,0,0,0,0,0,0,0,0,0,0,0,0,0,0,0,0,0,0,0,0,0,0,0,0,0,0,0,0,0,0,0,0,0,0,0,0,0,0,0,0,0,0,0,0,0,0,0,0,0,0,0,0,0,0,0,0,0,0,0,0,0,0,0,0,0,0,0,0,0,0,0,0,0,0,0,0
0,0,0,0,0,0,0,0,0,0,0,0,0,0,0,0,0,0,0,0,0,0,0,0,0,0,0,0,0,0,0,0,0,0,0,0,0,0,0,0,0,0,0,0,0,0,0,0,0,0,0,0,0,0,1.33366854353951e-05,2.1464032482988e-05,0,0,0,0,0,0,0,0,0,0,0,0,0,0,0,0,0,0,0,0,0,0,0,0,0,0,0,0,0,0,0,0,0,0,0,0,0,0,0,0,0,0,0,0
0,0,0,0,0,0,0,0,0,0,0,0,0,0,0,0,0,0,0,0,0,0,0,0,0,0,0,0,0,0,0,0,0,0,0,0,0,0,0,0,0,0,0,0,0,0,0,0,0,0,0,0,0,0,0.000178278405188212,0.000286920876893405,0,0,0,0,0,0,0,0,0,0,0,0,0,0,0,0,0,0,0,0,0,0,0,0,0,0,0,0,0,0,0,0,0,0,0,0,0,0,0,0,0,0,0,0
0,0,0,0,0,0,0,0,0,0,0,0,0,0,0,0,0,0,0,0,0,0,0,0,0,0,0,0,0,0,0,0,0,0,0,0,0,0,0,0,0,0,0,0,0,0,0,0,0,1.97968636346099e-08,0.00011651898028097,6.36273538676164e-05,0,0.000271135996505702,0.000116452946598731,0.000264042244073333,0.000167360157816614,0.000255682378995058,0,0,0,0,0,0,0,0,0,0,0,0,0,0,0,0,0,0,0,0,0,0,0,0,0,0,0,0,0,0,0,0,0,0,0,0,0,0,0,0,0,0
0,0,0,0,0,0,0,0,0,0,0,0,0,0,0,0,0,0,0,0,0,0,0,0,0,0,0,0,0,0,0,0,0,0,0,0,0,0,0,0,0,0,0,0,0,0,0,0,0,1.05252199281495e-07,0.000568399460875868,0.000251329155912629,0,0.000192943506377259,0.000569390772492556,0.000198166074176471,5.19857575086882e-05,0.000103663066681237,1.98974877961243e-05,0,0,0.000203503188182526,0.000105520759554847,0,0,0,0,0,0,0,0,0,0,0,0,0,0,0,0,0,0,0,0,0,0,0,0,0,0,0,0,0,0,0,0,0,0,0,0,0
0,0,0,0,0,0,0,0,0,0,0,0,0,0,0,0,0,0,0,0,0,0,0,0,0,0,0,0,0,0,0,0,0,0,0,0,0,0,0,0,0,0,0,0,0,0,0,0,0.000156139292391045,0.000398713174155928,0.000533872555000732,0.000257479707106873,0,5.60409861211239e-05,0.000294035791904628,0,0.000295981490664808,0.000325076392854959,0.000143740793084385,0,0,0.000567115893747918,0.000123860158514709,0,0,0,0,0,0,0,0,0,0,0,0,0,0,0,0,0,0,0,0,0,0,0,0,0,0,0,0,0,0,0,0,0,0,0,0,0
0,0,0,0,0,0,0,0,0,0,0,0,0,0,0,0,0,0,0,0,0,0,0,0,0,0,0,0,0,0,0,0,0,0,0,0,0,0,0,0,0,0,0,5.11440630012644e-05,1.97757744963553e-05,0,0,4.95453490767955e-06,0.000372892071371834,0.000304031975788328,0.00120642193093843,0.000549459925001936,4.05234339583206e-05,0,6.46522412697539e-05,0.00055920365259652,0.000415667561709198,0.000171639098315847,0.00035123509363051,2.481494295729e-05,0,0,0,0,0,0,0,0,0,0,0,0,0,0,0,0,0,0,0,0,0,0,0,0,0,0,0,0,0,0,0,0,0,0,0,0,0,0,0,0
0,0,0,0,0,0,0,0,0,0,0,0,0,0,0,0,0,0,0,0,0,0,0,0,0,0,0,0,0,0,0,0,0,0,0,0,0,0,0,0,0,0.000103096556566396,0.000116583574825522,0.000309432503484671,0.000119647659017709,0,3.26995599260073e-05,0.000587864978886659,0.000637678757127985,0.000197383403292659,0.0012241306140401,0.000515272413885566,0.000181626924232287,0.000109349816824102,0.000493020282266288,0.000631348206529132,0.000821931981630524,0.00107685451476304,0.000422148232095511,1.205139286113e-05,0,0.00016058747751237,0.000384625111909134,1.31782328393637e-05,0.000474574436189001,0.000714533239864074,0.00021291492710826,0,0,0,0,0,0,0,0,0,0,0,0,0,0,0,0,0,0,0,0,0,0,0,0,0,0,0,0,0,0,0,0,0
0,0,0,0,0,0,0,0,0,0,0,0,0,0,0,0,0,0,0,0,0,0,0,0,0,0,0,0,0,0,0,0,0,0,0,0,0,0,0,0,0,0.000362107410877022,0.000418212457731059,0,0,0.000230689166930482,0.000290980797483938,0.00131530751810666,0.00136793649942301,0.000542031341730184,0.000683983692569463,0.000509893353825952,0.000294386776245978,0.000138550559478702,0.000175928955572721,0.000622087315318842,0.000687681305376568,0.0001827671998797,6.91129874872146e-05,6.27991250600587e-05,1.52203389215956e-05,8.16194071166441e-05,0.00037344573232472,0.000286227363927623,0.000440349408906389,0.000663634182484372,0.000485713990587981,0,0,0,0,0,0,0,0,0,0,0,0,0,0,0,0,0,0,0,0,0,0,0,0,0,0,0,0,0,0,0,0,0
0,0,0,0,0,0,0,0,0,0,0,0,0,0,0,0,0,0,0,0,0,0,0,0,0,0,0,0,0,0,0,0,0,0,0,0,0,0,0,0,0,0,0.000233956424563193,0.000120257227699687,0.0004380113598998,0.00051275794575802,0.000581909346494859,0.000964049134715311,0.00139608025883045,0.00100165993980609,0.00116204949105137,0.000697853145804766,0.000923267889412258,7.44521841457421e-05,1.48814482831883e-05,0.000380779793435961,0.000421582061480099,0.000350226321082302,0.000198228238979994,0.00036957914492956,0.000247068372350135,0.00018011486039765,0.000614822971337263,0.000515491608179656,0.000380116548586296,3.81705574497331e-05,0.000248377760876899,1.34368553793784e-06,0,0,0,0,0,0,0,0,0,0,0,0,0,0,0,0,0,0,0,0,0,0,0,0,0,0,0,0,0,0,0,0
0,0,0,0,0,0,0,0,0,0,0,0,0,0,0,0,0,0,0,0,0,0,0,0,0,0,0,0,0,0,0,0,0,0,0,0,0,0,0,0,0,4.32142529926296e-05,0.000652400849604311,0.000391843347033631,0.00029559922999411,0.000135333778570859,0.000211343474023324,0.00145878704973788,0.00169989555307951,0.000473191852041192,0.000997814985531341,0.000353879904432468,0.00023348747990532,0,0.000188125303457088,0.000376186914758826,3.17010200862484e-05,1.54401303298401e-05,0.00023857352651624,0.000374273183489598,0.000474106836501812,0.000750740374209192,0.000658613546405826,0.00023974884623756,0.000156975803329214,0.000181629625518825,0.000403732602969995,8.19065159955203e-05,0,0,0,0,0,0,0,0,0,0,0,0,0,0,0,0,0,0,0,0,0,0,0,0,0,0,0,0,0,0,0,0
0,0,0,0,0,0,0,0,0,0,0,0,0,0,0,0,0,0,0,0,0,0,0,0,0,0,0,0,0,0,0,0,0,0,0,0,0,0,0,0,0,0.000223825307729897,0.000630886059748463,0.000712826060107654,0.000248636433686063,0.000598970963510815,0.00134052110936587,0.000471257530808049,0.000314024816945216,0.000600516210083195,0.000337248987302692,0.000264230846730679,0.000201500978423223,0.000167704353258209,0.000431805179653676,0.000555205920067255,0.000464199782596051,0.000251166304291689,8.11357987925087e-05,0.000277065556527137,0.000385310766289704,0.00071309586856333,0.00070837062088817,0.000617596948879342,0.000245202433590741,0.000260294107427928,8.55196346460551e-05,0.000342777147035742,0,0,0,0,0,0,0,0,0,0,0,0,0,0,0,0,0,0,0,0,0,0,0,0,0,0,0,0,0,0,0,0
0,0,0,0,0,0,0,0,0,0,0,0,0,0,0,0,0,0,0,0,0,0,0,0,0,0,0,0,0,0,0,0,0,0,0,0,0,0,0,0,9.28014733202567e-05,0.000222360135637772,4.37380655619606e-05,0.000781448107956093,0.000983481745463193,0.000532684484106878,0.000916746109908132,0.00109654856911612,0.000394047031874612,0.000578918101369594,0.000524401729666223,0.000500937426534193,0.000466527491448252,0.000358352009924933,0.000590746030172592,0.000329689227457886,0.000149544017054596,0.000247381895233221,0.000745794265397248,0.00131709200683605,0.000164680082766463,0.000550740529641747,0.000582693506483113,0.000308423154021146,0.000364821971613389,0.000731907309984895,5.90071197146169e-05,9.73132723968769e-06,3.14939575919433e-05,5.1520128239892e-06,0,0,0,0,0,0,0,0,0,0,0,0,0,0,0,0,0,0,0,0,0,0,0,0,0,0,0,0,0,0
0,0,0,0,0,0,0,0,0,0,0,0,0,0,0,0,0,0,0,0,0,0,0,0,0,0,0,0,0,0,0,0,0,0,0,0,0,0,2.70021663714234e-05,0.000135578738165735,9.2184551120727e-05,0.000279922748806451,0.00043626269607687,0.000499233002276681,0.000688524017344317,0.000732429898704908,0.000406893809005255,0.000262931483351902,0.000468696429118877,0.000182494198185283,0.000986186706841231,0.00075853878989179,0.00070502776353017,0.000568343405817795,0.000305830903486619,0.000887290763480887,0.00121731583509741,0.000706448934339881,0.00013164344169398,0.000345838475723071,0.000640016008066942,0.000295025912780105,0.000425140679749976,0.000387508181581554,0.000564250188309173,0.000701651736671293,0.000654219597616817,0.000423800252031655,0.00055077072325504,0.000179375250338433,0,0,0,0,0,0,0,0,0,0,0,0,0,0,0,0,0,0,0,0,0,0,0,0,0,0,0,0,0,0
0,0,0,0,0,0,0,0,0,0,0,0,0,0,0,0,0,0,0,0,0,0,0,0,0,0,0,0,0,0,0,0,0,0,0,8.60385340293512e-05,9.26582872872551e-05,0,0.000123869876148612,0.00111993446613545,0.00118839187173883,0.001953556312109,0.00102426678129058,0.000478924628702772,0.000533694658597893,0.00107639498325749,0.000643606297310504,0.00127149815750942,0.000886197370548576,0.000118130578718888,0.000868490787920181,0.00100939355499733,0.000925217347102719,0.000563336003190922,0.000800739527076214,0.00050541603383727,0.000815530435965142,0.000758338427968584,0.000237092253696717,0.000134745376079163,0.000733095000373021,0.000145110721848413,0.000624450349018702,0.000744727073471614,0.000863817490654955,0.000667676494476901,8.56670360213855e-05,0.000239660954688571,0.000703101103007497,0.000301857200893409,0.000272913548397644,0.000201992657239638,0,0,0,0,0,0,0,0,0,0,0,0,0,0,0,0,0,0,0,0,0,0,0,0,0,0,0,0
0,0,0,0,0,0,0,0,0,0,0,0,0,0,0,0,0,0,0,0,0,0,0,0,0,0,0,0,0,0,0,0,0,0,0,0.00015470031458428,0.000166602864099114,0,0.000368720305491206,0.000842234496009635,0.000644655638968361,0.00120563084880155,0.000516776516245444,0.00056612295972078,0.000733637050619514,0.00142963529878882,0.000743990807582603,0.00112432810084958,0.0007420593789192,0.000288051575968394,0.000685928459681104,0.000573070238786892,0.000694822022844496,0.000641967129888011,0.000121900928592923,0.000531844683185399,0.000929987998871883,0.000162914168024413,0,0.000175091224248934,0.000279631269903446,0.000869269544633583,0.000289183120143007,0.000121893928268845,0.000302600780324021,8.07578617234553e-05,0,2.18466208405442e-06,2.6573948698645e-06,0.000115456667586739,0.000117198832586515,1.06731858699311e-05,0,0,0,0,0,0,0,0,0,0,0,0,0,0,0,0,0,0,0,0,0,0,0,0,0,0,0,0
0,0,0,0,0,0,0,0,0,0,0,0,0,0,0,0,0,0,0,0,0,0,0,0,0,0,0,0,0,0,0,0,0,0,0,0,0,0,0.000460106637720404,0.000889520120756277,0.00228628025444376,0.000507616109341637,0.000584280461642454,0.000662023355296974,0.00071815312575805,0.00131571937107002,0.00087247102860938,0.00013803263221378,0.000175294627557001,0.000869223628654521,0.000232600566482944,4.97301077033817e-06,7.50934570040397e-05,0.000466595496937932,2.02806282245284e-05,0.000173004918280301,0.000367352793841048,0.000515824696557188,0.000240123618650173,0.00017894071780553,0.000249408959217597,0.000697404476100522,0.00017682483507378,0.000137310129363083,0.000637797681016672,0.000211202753945918,0.000385243293281856,6.50182673471361e-05,0.000244394162165601,0.000149067182604429,0.000214837661675263,0.000185872381244291,0,0,0,0,0,0,0,0,0,0,0,0,0,0,0,0,0,0,0,0,0,0,0,0,0,0,0,0
0,0,0,0,0,0,0,0,0,0,0,0,0,0,0,0,0,0,0,0,0,0,0,0,0,0,0,0,0,0,0,0,0,0,0,0,0,0,0.000802755256312313,0.00095814415114091,0.00318207728345693,0.00161185493061612,0.00105488620240788,0.000309509841149747,0.000219008253012408,0.000459351306267706,0.00078401141591964,0.000192425761461117,4.45714733062061e-05,0.000424128203293945,0.000108263890100376,0,0.000170843076223275,0.0004271625987961,0.000220452319531472,1.31114644638048e-05,0,0.000184727028300187,0.000819324395353475,0.000165369490374532,8.58522599210758e-05,0.000464484755359679,0.000420661266624075,0.00015686825309218,2.29497749198591e-06,0.000259165025799812,0.000281996927035559,0.000149016500966616,0.000280013264818234,0,0.00017785718853813,0.000261426258368591,0,2.95689167617026e-05,4.93843014688069e-06,0,0,0,0,0,0,0,0,0,0,0,0,0,0,0,0,0,0,0,0,0,0,0,0,0
0,0,0,0,0,0,0,0,0,0,0,0,0,0,0,0,0,0,0,0,0,0,0,0,0,0,0,0,0,0,0,0,0,0,0,0,0,4.47343816997974e-05,0.000136375764273662,0.00143812046299376,0.00277341101855999,0.00253193760375968,0.00101685603420069,0.000804490060817048,0.000397271118509623,0.000424378570759388,0.000249440754322272,5.75148878965973e-05,0,0.000330015347080102,0.000105987160952512,6.18964528419135e-05,0.000548928376354889,0.000927794054500701,0.000738969316815539,0.000205522896087628,0.000656380526204221,0,0.000200011825208514,6.16468137900397e-06,2.14218060017258e-05,0.000136963232511126,0.000687815919734756,0.00013319679002452,0,0.000422006749693213,0.00121460093077056,0.00134159194597214,0.000103604595609694,0.000107606586031011,0.000370462844548136,0.000141960435106497,0,0.000398874870006901,6.66177830845156e-05,0,0,0,0,0,0,0,0,0,0,0,0,0,0,0,0,0,0,0,0,0,0,0,0,0
0,0,0,0,0,0,0,0,0,0,0,0,0,0,0,0,0,0,0,0,0,0,0,0,0,0,0,0,0,0,0,0,0,0,0,0,2.13309940511785e-05,0.00014349362977995,0.000385138089828043,0.00186423366222193,0.00261593307649015,0.00146452832940088,0.00181471554281002,0.00219337924551868,0.00073888079154466,0.000305718216576084,0.000359981525507369,0.000245705885722171,0.000410466981361015,0.000696886810015533,0.000233511865001741,0.000505322562101332,0.000772350501766023,0.000521254988470431,0.00112370933815969,0.000430898721805596,0.000328879051952775,0.000570193811174487,0.000235287361645025,4.58028366813696e-05,0.000253367946259086,0.000502533630820745,6.1008904871927e-05,0.000155919633602416,0.0006635205415685,0.000217734206555446,0.000172344081480305,0.000509132262591361,1.52541029442481e-05,5.67658950466235e-05,0.000115908675156561,0,0.000232515190246931,9.26118296465124e-05,0,0,0,0,0,0,0,0,0,0,0,0,0,0,0,0,0,0,0,0,0,0,0,0,0,0
0,0,0,0,0,0,0,0,0,0,0,0,0,0,0,0,0,0,0,0,0,0,0,0,0,0,0,0,0,0,0,0,0,0,0,0,0.000216944383985572,0.000880670374247953,0.00173161854580438,0.00191871962331043,0.00234631219664533,0.00117788894872331,0.00140071857716237,0.00113038614125325,0.0010184987441782,0.000246674643477588,0.000212066181637145,0.000331838698954761,1.29346860082757e-05,0.000302220485878146,0.000593141681077454,0.000432585396202458,0.000721529612067469,0.00029076138508881,0.000692568900769971,0.000988248675589176,0.000209964204231277,0.000133300874104262,0.000267893527015366,0.00040484197110619,0.000145621667847336,0.000327821840617509,4.17229158858271e-05,0.000653725232779323,0.00156457485470381,0.000490852455200761,0.000671946496974855,0.000677224516309588,0,0.000181507400498176,0.000328880180948005,0,0.000125060735499159,4.98122446073974e-05,0,0,0,0,0,0,0,0,0,0,0,0,0,0,0,0,0,0,0,0,0,0,0,0,0,0
0,0,0,0,0,0,0,0,0,0,0,0,0,0,0,0,0,0,0,0,0,0,0,0,0,0,0,0,0,0,0,0,0,0,0,0,9.20572245643219e-05,0.000610025170810771,0.000680108599049497,0.00105314555317171,0.00188906090966275,0.00375113523913751,0.00269941800547625,0.00214356043556335,0.00096934926024659,0.000534242605260232,0.00066920403616705,0.000653235639899395,0.00061951769890776,0.000418451411462401,0.000475950957008226,7.35969578934822e-05,0.000403981537274275,0.000156667021862734,0.000416908244760225,0.000500715924863826,0.000159604030793731,0.000200965780873,0,8.18122411182909e-05,0.000212452664051116,0.00055346876514037,0.000517635600673065,0.000673543029591727,0.000161801932748958,0.000515984585812103,0.00107026638727361,0.00127829552609742,0.000406935181945062,0.000569197285334326,0.00036903029773012,0.000374558174725852,2.19118362794468e-05,0,0,0,0,0,0,0,0,0,0,0,0,0,0,0,0,0,0,0,0,0,0,0,0,0,0,0
0,0,0,0,0,0,0,0,0,0,0,0,0,0,0,0,0,0,0,0,0,0,0,0,0,0,0,0,0,0,0,0,0,0,0,0,0.000392622901217841,0.000873241290988709,0.00170102354012383,0.00167028868156782,0.00393510745640552,0.00279469637947581,0.00143042394332619,0.00140291839975323,0.000250388595384761,0.000109217049584698,4.45096527956348e-05,0.000413939327864615,0.00107735930316577,0.000576321979338799,0.000237331117385806,0.000314153138828484,0.00084794840791307,0.000613376091487266,0.000400762913118423,0.00108746277202853,0.0006986645880455,0.000647034543622703,0.000130429663965468,0.00047987206071035,0.000814966919624928,0.000586668805674161,0.00101756005433859,5.68930211789027e-05,0.000301428120944618,0.000339549437399163,4.0252479748195e-05,7.86693848934816e-05,0.000241008401720532,0.000266369819861823,0.000150526804903932,0.000244408208796678,0.000410793224423092,8.04305138546325e-05,0,0,0,0,0,0,0,0,0,0,0,0,0,0,0,0,0,0,0,0,0,0,0,0,0,0
0,0,0,0,0,0,0,0,0,0,0,0,0,0,0,0,0,0,0,0,0,0,0,0,0,0,0,0,0,0,0,0,0,0,0,0,0.000151891754533096,0.000516889882804977,0.00104636343659433,0.00295867317657118,0.00459406731634902,0.00243707446819173,0.00153860999767822,0.00171750163801818,0.000516230596544235,0.000668430021519641,0.000519959219171179,0.000255797702527582,0.000408023902851857,0.000744453193379428,0.00029850602369295,0.000260067767870005,0.000872878448225337,0.00107606518320908,0.00105147157412016,0.000731512055119934,0.000545694310730055,0.000767580643832918,0.000442634321451707,0.000284224970968189,0.0003711837637522,0.0004339697059145,0.00029113912449386,3.13810788322578e-05,5.03627877141705e-06,0.000203447311824658,0.000107460746688917,3.03442943999971e-06,6.20237208949716e-05,9.03220425732784e-05,0.000448838415945803,0.000444621103661017,0.00037616014732482,3.53172423270153e-05,0,0,0,0,0,0,0,0,0,0,0,0,0,0,0,0,0,0,0,0,0,0,0,0,0,0
0,0,0,0,0,0,0,0,0,0,0,0,0,0,0,0,0,0,0,0,0,0,0,0,0,0,0,0,0,0,0,0,0,0.000131313225358519,0.000143239815715723,0,5.72710347446755e-05,8.16081431627311e-05,0.000266983109454896,0.00280235972764737,0.00399059903527014,0.00377226073227936,0.00252068924401703,0.00162385461530267,0.00115952931292209,0.000751940426514058,0.000977800132171069,0.000399679685388037,0.000873811449863661,0.000517152543377644,4.77286407038051e-05,0.000672653385262695,0.000785904161013264,0.000870968383502779,0.000759990602545175,0.000193532815288525,0.000222007550412718,0.00115486166975928,0.000509466281176595,0.000291888210255526,0.000130070881765143,0.000167536460634299,7.16189370500528e-05,0.000399472240809626,0.000481972923213278,0.000535818181170013,0.000609365183336632,0.000221173513064998,0.000404231835592752,0.00029561164863195,0.00070568108457086,0.000419063366671463,0.00015201525589534,0.000243355670896124,3.28051650661417e-05,0,0,0,0,0,0,0,0,0,0,0,0,0,0,0,0,0,0,0,0,0,0,0,0,0
0,0,0,0,0,0,0,0,0,0,0,0,0,0,0,0,0,0,0,0,0,0,0,0,0,0,0,0,0,0,0,0,0,0.000107826768947737,0.000117620189978021,0,0.000247329403888526,0.000158660497173893,0.000606499285259754,0.00148998010436486,0.00319766048125465,0.00395757640978463,0.00227928916411178,0.00266928286009512,0.0025769323367587,0.00225852675165555,0.00143289947656198,0.00116777810017492,0.00147645652291949,0.00102349185697645,0.000768214114284137,0.00156802745493471,0.00083866450938376,0.00051735097251704,0.000277830686895751,0.000305568484368732,0.000627776325299889,0.000577200966861573,5.13949716112284e-05,0.000876047334626631,7.14099363505826e-05,3.19963248881754e-05,0.000170430972087055,0.000297823809766305,0.000724372553976898,0.00055822190246218,0.000375500837692957,0.000162020930553276,0.00018052272509982,0.000429172487428375,0.000666215844188588,0.000479388532176559,0.000328467792195839,0.000197249294047884,2.65898699898504e-05,0,0,0,0,0,0,0,0,0,0,0,0,0,0,0,0,0,0,0,0,0,0,0,0,0
0,0,0,0,0,0,0,0,0,0,0,0,0,0,0,0,0,0,0,0,0,0,0,0,0,0,0,0,0,0,0,0,0,0,0,0,3.97799652142955e-05,0.000191401694430174,0.00056820751180126,0.00240927267438589,0.00403107659285014,0.00431325848225116,0.00264656737664702,0.0034854513352368,0.00288048193431288,0.00235820294536331,0.00288419355067443,0.00187408458952637,0.001837465116129,0.00242812363154648,0.00151719465684194,0.00136578998947233,0.00112140671522774,0.000827660244321091,0.00126176050102661,0.000450626828624367,0.0004933433154086,0.000270263144340863,2.83154305694105e-05,0.000451001737442251,0.000172619031582407,0.000358450292279245,0.000702901173426226,0.000181673089077262,0.00108413739205636,0.000160873889666759,0.000191593591063226,0.000540650519438214,0.000901099280652029,0.000606096128809003,0.000776270282001783,0.000231972199324622,0.000421587713507753,0.000151870241200883,0,0,0,0,0,0,0,0,0,0,0,0,0,0,0,0,0,0,0,0,0,0,0,0,0,0
0,0,0,0,0,0,0,0,0,0,0,0,0,0,0,0,0,0,0,0,0,0,0,0,0,0,0,0,0,0,0,0,0,0,0,0,4.62561962949531e-05,0.000300500416608179,0.000976517469318446,0.00209964081516735,0.00378825631512787,0.0023601494622237,0.00305058757312807,0.00414036177319755,0.00284082574633467,0.00169362532004608,0.00348792337553924,0.00212353971659047,0.00134051275211915,0.00164070988156606,0.000894183776058793,0.000858460272909757,0.00118989927513863,0.000568320598587507,0.000781912431614154,0.00113463462852614,0.000591266706424657,4.29479025378934e-05,0.000650026839164745,0.000385058565106283,0.000166702103829431,0.000515470608720245,6.98402264764961e-05,0.000197538042220963,0.000643184134279182,2.05006742204914e-05,0.000410710943180705,0.00124973158376891,5.03661926038585e-05,0.000147630667066272,0.000550655374919078,0.000686294424665912,0.00010230005161333,0.0002447015357993,0,0,0,0,0,0,0,0,0,0,0,0,0,0,0,0,0,0,0,0,0,0,0,0,0,0
0,0,0,0,0,0,0,0,0,0,0,0,0,0,0,0,0,0,0,0,0,0,0,0,0,0,0,0,0,0,0,0,0,0,0,0,0,0.000103412590238591,0.00126757153580689,0.00378066164692722,0.00415501377050003,0.00297779646961021,0.00361091249633825,0.00443718525366868,0.00524015448260238,0.00179996037640769,0.00472500066302688,0.00257748733595394,0.00222831001817576,0.0017920962140719,0.00207473438448729,0.0014058422891958,8.23219414372627e-05,6.89838488646429e-05,0.000270752841650392,0.00070337857877513,0.000196679792031257,0.000106948531207883,0.000862865447225093,0.000859175861327673,0.000730246675111375,0.000785002328895418,0.000233095186636313,0.000342524380064498,0.000806768159494131,0.000605506892550053,0.000320010337009523,0.000475143845636367,0.000456999715454768,0.000600772518964423,0.000260254476133804,0.000312328279092687,1.26013265534771e-05,0,0,0,0,0,0,0,0,0,0,0,0,0,0,0,0,0,0,0,0,0,0,0,0,0,0,0
0,0,0,0,0,0,0,0,0,0,0,0,0,0,0,0,0,0,0,0,0,0,0,0,0,0,0,0,0,0,0,0,0,0,0,0,0,0.000103896276048758,0.000816534207803022,0.00320549276285985,0.00259046894073512,0.00428998322884524,0.00554453100747317,0.00323146691329548,0.00378389011739616,0.00326257449044743,0.00348826289939102,0.00186299780485858,0.00177251476173437,0.00234916585392285,0.000591390740907488,0.00130865150977333,0.000218105783239438,0.000522985112340165,0.00120666267030357,0.00102135722090327,2.88746165089679e-06,0.000657333794941843,0.0007639883827901,0.000574947629925265,0.000179911875781116,0.000433777127435669,0.000318765949697239,5.36307850640228e-05,0.0003280452777701,0.000815149902752326,0.000117237078691622,0.000209076304575318,0.000751144936129099,0.00104558760555101,0.00109402109472185,0.000899107488382076,0.000511684677909484,0,0,0,0,0,0,0,0,0,0,0,0,0,0,0,0,0,0,0,0,0,0,0,0,0,0,0
0,0,0,0,0,0,0,0,0,0,0,0,0,0,0,0,0,0,0,0,0,0,0,0,0,0,0,0,0,0,0,0,0,0,0,0,0,0,0.000204243625513248,0.00222673517552055,0.00284125015481735,0.00157016925519361,0.00311852153590343,0.00400526671394104,0.00489495280228557,0.0039390218233293,0.00202076847061439,0.00171288377428502,0.00181343954072099,0.0021570938680403,0.000892564211973359,0.00117396865554469,0.000568537511739458,0.000574753818387345,0.000768059662240492,0.000205560623456522,2.76861552470434e-05,0.000728067452340455,0.000678946021225477,0.000572256262602725,9.7204378009754e-05,0.000250447215429612,0.000177286526509185,0.000679145525198182,0.000607736578900264,0.000797651811416571,0.000508283790542676,0.000350994080128846,0.000847913001523582,0.00063600377120724,0.000699467380725964,0.00093105357567018,0.000329214548332396,0.000329194104195083,0,0,0,0,0,0,0,0,0,0,0,0,0,0,0,0,0,0,0,0,0,0,0,0,0,0
0,0,0,0,0,0,0,0,0,0,0,0,0,0,0,0,0,0,0,0,0,0,0,0,0,0,0,0,0,0,0,0,0,0,0,0,0,0.000205117469952411,0.000300632798603521,0.000644259099049145,0.00237397412636805,0.00273729312557219,0.00439777838798288,0.00502380854726068,0.00394409662261204,0.0040690275771722,0.00581739476611071,0.00313386983770449,0.00245885009804838,0.00251464809980552,0.00153150971320922,0.00124123697342719,0.000595385588378226,0.000328432188815225,0.000146938180787232,0.000296140987813302,0.000122472865608146,0.00104382138773017,0.000402277327612111,0.000584694261694084,0.000458548702887983,0.000308266239041075,0.000777878996083612,0.000345715941643596,0.0006522304170422,0.00125172896967448,0.000957034604676508,0.000396611837322432,0.000383530249536778,0.000579860842270504,0.000897758376042055,0.000142060104647963,1.6005404332724e-05,0.000104268690023346,0,0,0,0,0,0,0,0,0,0,0,0,0,0,0,0,0,0,0,0,0,0,0,0,0,0
0,0,0,0,0,0,0,0,0,0,0,0,0,0,0,0,0,0,0,0,0,0,0,0,0,0,0,0,0,0,0,0,0,0,0,0,0,8.49839565872139e-06,0.000724985153956576,0.00167019657675566,0.00168468582210629,0.00172156063064969,0.00407052904798357,0.00463565479255865,0.00398529555846412,0.00484507719643182,0.00426807728825015,0.00328230117768516,0.00212079056235317,0.00186078045816237,0.0015571857938623,0.00144855954093258,0.00135862683881571,0.00114753540020146,0.000254553932272382,0.000146201020847223,0.000182894842467997,0.00065376362429735,0.000449598681530526,0.000430966796643985,0.00037917245722338,0.000275749289624232,0.000981012988163944,0.000630441246215128,0.000516360182908165,0.000639100979806761,0.00107983881687791,0.00124684302533035,4.5857255962982e-05,0.000387153398150377,0.000421365359967784,0.000426848444253163,0.000202258104708559,0,0,0,0,0,0,0,0,0,0,0,0,0,0,0,0,0,0,0,0,0,0,0,0,0,0,0
0,0,0,0,0,0,0,0,0,0,0,0,0,0,0,0,0,0,0,0,0,0,0,0,0,0,0,0,0,0,0,0,0,0,0,0,0,0,0.000212276826211237,0.000134499113023978,0.00104076546724322,0.00182149631955769,0.00340737551865913,0.00426977822263216,0.00370887992189328,0.00182109301869579,0.00322218445136582,0.00343014289226425,0.00350126956478397,0.00341978351761095,0.00202813303642405,0.00199543957805271,0.00185030716447395,0.00132504680575156,0.000428663524267532,0.000297311554256485,0.000178698548693647,0.00118274134963175,0.00122959534322442,0.000555984045725475,0.000658485726716789,0.00033943155710509,0.00108233874410504,0.000526419800619272,0.000211552747078276,0.000563959549293651,0.00152905293231316,0.000817901325571437,0.000188772150663146,0.000276620654172343,9.95875666079759e-05,0.000177299985938892,0.000193593465099386,0,0,0,0,0,0,0,0,0,0,0,0,0,0,0,0,0,0,0,0,0,0,0,0,0,0,0
0,0,0,0,0,0,0,0,0,0,0,0,0,0,0,0,0,0,0,0,0,0,0,0,0,0,0,0,0,0,0,0,0,0,0,0,0,0,0.000340097402359832,5.89973978919289e-05,0.000267284638723823,0.000868479235836065,0.00267178782285175,0.0032215054401975,0.00337905512965513,0.00463051376109839,0.00431838141748477,0.00523600444502746,0.00470358278545278,0.00217898806159869,0.00303083646081511,0.0031334944483192,0.00151424489073634,0.00229552697253252,0.00168708436607089,0.00132090482957632,0.00128219545286626,0.000419737369534135,0.000713600473149825,0.000958410919653524,0.000951836930889834,0.00125169029008904,0.00103594814034966,0.000878887359766364,0.00138836949207642,0.000667530119846251,0.000893572680316819,0.000210973627367666,0.000196068596768987,0.000860511262674558,0.00047494145987217,0,0,3.49994662546684e-05,0.000227089035578913,0,0,0,0,0,0,0,0,0,0,0,0,0,0,0,0,0,0,0,0,0,0,0,0,0
0,0,0,0,0,0,0,0,0,0,0,0,0,0,0,0,0,0,0,0,0,0,0,0,0,0,0,0,0,0,0,0,0,0,0,0,0,0,0,0.00012436016083533,0.000323553561830665,0.000477920137077376,0.00209372843942138,0.00311247061394274,0.00331865954072741,0.0047793741125947,0.00332279143079018,0.00459279714149694,0.00430674567990081,0.00287588794340096,0.00199854447425124,0.00294347691710063,0.00291805749177512,0.00239381497202349,0.00115714075958298,0.000807179460987871,0.00167925169933884,0.000602475891904606,0.000420368428959211,0.000776782502014498,0.000665068829043526,0.00121854211189986,0.0017565977955453,0.00145706446575763,0.00167264597183013,0.000998125453322145,0.000855221693182409,0.000366659827849395,0,4.61207883975603e-05,5.88349903742235e-06,0,0,3.17708537132256e-05,0.000206140644453193,0,0,0,0,0,0,0,0,0,0,0,0,0,0,0,0,0,0,0,0,0,0,0,0,0
0,0,0,0,0,0,0,0,0,0,0,0,0,0,0,0,0,0,0,0,0,0,0,0,0,0,0,0,0,0,0,0,0,0,0,0,0,0,0,0,0,0.000391890200495244,0.000649875280261946,0.00133073772879394,0.00138135500247781,0.00233291409751293,0.00296581830428133,0.00304263439898345,0.00298424412774462,0.00251924154526307,0.00211599475626309,0.00280658724965226,0.00149966204042913,0.00252694430296588,0.00279325014233739,0.00272059259437476,0.00152098366719014,0.00136830521807639,0.00122952275760704,0.000632794803247258,0.000735859377676036,0.00100719298516511,0.00135120016772315,0.000171603182482922,0.00139363286468439,0.000952964718983441,0.0012590803696803,0.000389274206451576,0,0,0,0,0,0,0,0,0,0,0,0,0,0,0,0,0,0,0,0,0,0,0,0,0,0,0,0,0,0,0,0
0,0,0,0,0,0,0,0,0,0,0,0,0,0,0,0,0,0,0,0,0,0,0,0,0,0,0,0,0,0,0,0,0,0,0,0,0,0,0,0,0,0,0.000386522610052067,0.000300794382765097,0.000684042565573656,0.0012702719500926,0.00118392446831213,0.00125154229069084,0.00118927270461114,0.00142105095814557,0.00227621478583671,0.00307643385483575,0.00286530775051088,0.0025509644396232,0.00192588851082607,0.00120844738243173,0.00173755520369481,0.0012691586833841,0.001979237267269,0.000649636764795213,0.000861365511692186,0.000919135654314321,0.00118498721370392,0.000120057350241653,0.000313267021744394,0.000796542834058239,0.000632127528325621,0.0010014228317988,0.00015699205688401,0,0,0,0,0,0,0,0,0,0,0,0,0,0,0,0,0,0,0,0,0,0,0,0,0,0,0,0,0,0,0
0,0,0,0,0,0,0,0,0,0,0,0,0,0,0,0,0,0,0,0,0,0,0,0,0,0,0,0,0,0,0,0,0,0,0,0,0,0,0,0,0,0,7.38953233620481e-05,0.00037943025535817,0.000305360494299541,0.00105628968216241,0.000280284999488116,0.00141224189482494,0.00132381799161201,0.00120562628650477,0.00111211267994131,0.00116513169908773,0.00136881686144206,0.00214403793640734,0.00174230325551345,0.000958434573254624,0.00181921812194645,0.000891821518435786,0.00115873267297736,0.000875219572941679,0.000264605498110711,0.000383945527217363,0.000715156192528209,0.00068391985282034,0.000405494070723848,0.000450665344949612,0,3.16065234175808e-05,0.000438308183242276,0,0,0,0,0,0,0,0,0,0,0,0,0,0,0,0,0,0,0,0,0,0,0,0,0,0,0,0,0,0,0
0,0,0,0,0,0,0,0,0,0,0,0,0,0,0,0,0,0,0,0,0,0,0,0,0,0,0,0,0,0,0,0,0,0,0,0,0,0,0,0,0,0,7.77404270516728e-06,8.75390110352377e-05,0,8.7086887744308e-05,3.31335793630008e-06,0.000533818407090384,0.000578912372018508,0.000214879262745061,0.000691632241001267,0.000407626543250792,0.000555758156730138,0.00130210036726101,0.00205634077458891,0.00151553816507506,0.00133767397800355,0.000551835424039447,0.000677097896864496,0.000723692814728092,0.000163730201965369,0.000305819879558747,0.000117868316486076,3.41320124944925e-05,1.9687058992781e-05,0.000127041045521886,0,8.49967760928696e-07,6.93167276548287e-05,0,0,0,0,0,0,0,0,0,0,0,0,0,0,0,0,0,0,0,0,0,0,0,0,0,0,0,0,0,0,0
