0,0,0,0,0,0,0,0,0,0,0,0,0,0,0,0,0,0,0,0,0,0,0,0,0,0,0,0,0,0,0,0,0,0,0,0,0,0,0,0,0,0,0,0,0,0,0,0,0,0,0,0,0,0,0,0,0,0,0,0,0,0,0,0,0,0,0,0,0,0,0,0,0,0,0,0,0,0,0,0,0,0,0,0,0,0,0,0,0,0,0,0,0,0,0,0,0,0,0,0
0,0,0,0,0,0,0,0,0,0,0,0,0,0,0,0,0,0,0,0,0,0,0,0,0,0,0,0,0,0,0,0,0,0,0,0,0,0,0,0,0,0,0,0,0,0,0,0,0,0,0,0,0,0,0,0,0,0,0,0,0,0,0,0,0,0,0,0,0,0,0,0,0,0,0,0,0,0,0,0,0,0,0,0,0,0,0,0,0,0,0,0,0,0,0,0,0,0,0,0
0,0,0,0,0,0,0,0,0,0,0,0,0,0,0,0,0,0,0,0,0,0,0,0,0,0,0,0,0,0,0,0,0,0,0,0,0,0,0,0,0,0,0,0,0,0,0,0,0,0,0,0,0,0,0,0,0,0,0,0,0,0,0,0,0,0,0,0,0,0,0,0,0,0,0,0,0,0,0,0,0,0,0,0,0,0,0,0,0,0,0,0,0,0,0,0,0,0,0,0
0,0,0,0,0,0,0,0,0,0,0,0,0,0,0,0,0,0,0,0,0,0,0,0,0,0,0,0,0,0,0,0,0,0,0,0,0,0,0,0,0,0,0,0,0,0,0,0,0,0,0,0,0,0,0,0,0,0,0,0,0,0,0,0,0,0,0,0,0,0,0,0,0,0,0,0,0,0,0,0,0,0,0,0,0,0,0,0,0,0,0,0,0,0,0,0,0,0,0,0
0,0,0,0,0,0,0,0,0,0,0,0,0,0,0,0,0,0,0,0,0,0.000235622131885054,0.000184934591060969,0,0,0,0,0,0,0,0,0,0,0,0,0,0,0,0,0,0,0,0,0,0,0,0,0,0,0,0,0,0,0,0,0,0,0,0,0,0,0,0,0,0,0,0,0,0,0,0,0,0,0,0,0,0,0,0,0,0,0,0,0,0,0,0,0,0,0,0,0,0,0,0,0,0,0,0,0
0,0,0,0,0,0,0,0,0,0,0,0,0,0,0,0,0,0,0,0,0,4.973846358662e-05,4.87970665511053e-05,0.000163759196858892,5.31956765263855e-05,0,0,0,0,0,0,0,0,0,0,0,0,0,0,0,0,0,0,0,0,0,0,0,0,0,0,0,0,0,0,0,0,0,0,0,0,0,0,0,0,0,0,0,0,0,0,0,0,0,0,0,0,0,0,0,0,0,0,0,0,0,0,0,0,0,0,0,0,0,0,0,0,0,0,0
0,0,0,0,0,0,0,0,0,0,0,0,0,7.79427625954876e-05,0.000454738570226302,0.000357718549739847,0.000354961688742979,9.38584411090454e-05,0,2.08041744613044e-05,0.000220678617614607,0.0003753329774357,0.000657348871082232,0.000302857171008584,0.000148126414530637,2.43554210663956e-05,1.82551356857166e-06,0,0,0,0,0,0,0,0,0,0,0,0,0,0,0,0,0,0,0,0,0,0,0,0,0,0,0,0,0,0,0,0,0,0,0,0,0,0,0,0,0,0,0,0,0,0,0,0,0,0,0,0,0,0,0,0,0,0,0,0,0,0,0,0,0,0,0,0,0,0,0,0,0
0,0,0,0,0,0,0,0,0,0,0,0.000123243008427357,0.000292369487372266,0.000734495628203506,0.00069888444019774,0.00139876616799509,0.0015465858706393,0.000806989569706251,0.00044503236288463,0.00172881158203124,0.00109302026530684,0.000749341333934474,0.00186201767313147,0.0012367557484428,0.000663287270389777,0.000917482977083763,7.06973105263622e-05,0.000217550180747697,0.000100392132530648,4.08612430238018e-05,0,0,0,0,0,0,0,0,0,0,0,0,0,0,0,0,0,0,0,0,0,0,0,0,0,0,0,0,0,0,0,0,0,0,0,0,0,0,0,0,0,0,0,0,0,0,0,0,0,0,0,0,0,0,0,0,0,0,0,0,0,0,0,0,0,0,0,0,0,0
0,0,0,0,0,0,0,0,0,4.9101429036837e-05,0.00026177152646879,0.000440370907565926,0.00115925100632594,0.000937043888247569,0.00226347873025511,0.00358841428428266,0.00300268305767126,0.00169085717989607,0.00166038301842397,0.0036353148742456,0.0023123929050926,0.00191776594459392,0.00122080371593943,0.000612477855095911,0.0012238174174141,0.00049592332182526,0.000149566624116179,0.000256127032701461,0.000439961509800668,0.000408649998069263,0.000193943984690559,0,0,0,0,0,0,0,0,0,0,0,0,0,0,0,0,0,0,0,0,0,0,0,0,0,0,0,0,0,0,0,0,0,0,0,0,0,0,0,0,0,0,0,0,0,0,0,0,0,0,0,0,0,0,0,0,0,0,0,0,0,0,0,0,0,0,0,0,0
0,0,0,0,0,0,0,0,0,9.68510855801587e-05,0.00154328089537572,0.00172926138376762,0.0023500049780931,0.00306048249853881,0.00399394509511935,0.00525228568210488,0.00384927116802232,0.00250847535772104,0.00266287321203902,0.00397296685345985,0.0047151918879798,0.0020177058827368,0.0025558849948443,0.0018949912284006,0.00161352610969894,0.000652210663550244,0.000174335568113598,0.000849491438038071,0.000769888113406179,0.000603317675219585,0.000556083434643422,0.000249206639199318,0,0,0,0,0,0,0,0,0,0,0,0,0,0,0,0,0,0,0,0,0,0,0,0,0,0,0,0,0,0,0,0,0,0,0,0,0,0,0,0,0,0,0,0,0,0,0,0,0,0,0,0,0,0,0,0,0,0,0,0,0,0,0,0,0,0,0,0
0,0,0,0,0,0,0,5.14472885878213e-05,0.00087252331922038,0.00150921923922902,0.00187181529845605,0.00242166643811407,0.0042704874610538,0.00347918091254901,0.00471356879682849,0.00729698714885171,0.00716163716179843,0.00384245883676925,0.00397639712586761,0.00490978140471697,0.00475563732868964,0.00416693839057389,0.00311305017095246,0.00193406189358553,0.00158765517893272,0.000810115861497708,0.00107433951929907,0.00147357703663808,0.000811610244719308,0.00103298914472543,0.000879281893277933,0.000203247059757528,0.000135131706588995,3.71286155219227e-06,0,0,0,0,0,0,0,0,0,0,0,0,0,0,0,0,0,0,0,0,0,0,0,0,0,0,0,0,0,0,0,0,0,0,0,0,0,0,0,0,0,0,0,0,0,0,0,0,0,0,0,0,0,0,0,0,0,0,0,0,0,0,0,0,0,0
0,0,0,0,0,0,5.52721941735045e-06,0.000363383768473139,0.00108483424846193,0.00187819591366527,0.00370250228895827,0.00362193434019535,0.00609585728285762,0.0048441604665348,0.00519419235777413,0.00474723392935449,0.00458096116674391,0.00481768983294469,0.00478731219902007,0.0023910610885473,0.00177007651118979,0.00302333442565335,0.00182894526745025,0.00131708989829375,0.00183001494607006,0.00144960119680945,0.00215714770928207,0.00129695490366896,0.0011261561951243,0.00055185554427892,0.000733695895686478,0.000488469977471532,0.000218916533946601,0.000471860535669837,0,0,0,0,0,0,0,0,0,0,0,0,0,0,0,0,0,0,0,0,0,0,0,0,0,0,0,0,0,0,0,0,0,0,0,0,0,0,0,0,0,0,0,0,0,0,0,0,0,0,0,0,0,0,0,0,0,0,0,0,0,0,0,0,0,0
0,0,0,0,0,0,8.46114363001938e-06,0.000293973944784786,0.000978699052884092,0.00359095056022621,0.00434813710678867,0.00646175874427154,0.00443615031462902,0.00314119430591947,0.00341580294755094,0.00388458486446355,0.00342456871077782,0.00322257247366377,0.00337691323832011,0.00161405547485305,0.00176487670326344,0.00216007003819049,0.000834041123612863,0.00101038491417069,0.00201224292487027,0.00257774444428195,0.00156780967721041,0.00179731690752263,0.00234777134974272,0.00121414764018219,0.000872135578329,0.000901934359706288,0.000523378038737381,0.00047762221207066,0.000121272534008466,0,0,0,0,0,0,0,0,0,0,0,0,0,0,0,0,0,0,0,0,0,0,0,0,0,0,0,0,0,0,0,0,0,0,0,0,0,0,0,0,0,0,0,0,0,0,0,0,0,0,0,0,0,0,0,0,0,0,0,0,0,0,0,0,0
0,0,0,0,0,0,0,0.00068064044578361,0.00187733412210396,0.00309830909199007,0.00543299139900406,0.00872791231970609,0.00457426426958885,0.00239155197676108,0.00284609052656697,0.00335343049578619,0.00493794829301096,0.00312275690744328,0.00250648436048348,0.00172297651435906,0.00118523396551301,0.000915272634877599,0.000740274995738958,0.00098908236918067,0.00165485157063545,0.00211953634657359,0.00216992286156326,0.00160337092335981,0.00124459088150172,0.000780030996955764,0.00210069929692394,0.00135123323962934,0.000778311733267017,0.000388926863012562,0.000179718106009328,0,0,0,0,0,0,0,0,0,0,0,0,0,0,0,0,0,0,0,0,0,0,0,0,0,0,0,0,0,0,0,0,0,0,0,0,0,0,0,0,0,0,0,0,0,0,0,0,0,0,0,0,0,0,0,0,0,0,0,0,0,0,0,0,0
0,0,0,0,0,0,9.84255322959951e-05,0.00069853289232861,0.00147036994383427,0.00314363702519843,0.00486311476803598,0.00537201095610494,0.00299037522538868,0.00322188889219989,0.00319753951428517,0.00283928785084264,0.00441972637665314,0.00252167487595354,0.00230597785610806,0.000736521523105106,0.000725028428088574,0.0012760438276949,0.00116629627166203,0.0019874047617053,0.00152457143356007,0.00154697498401384,0.000734242651736227,0.000263579373153358,0.000411378246717461,0.00107626678793397,0.00211819458852043,0.000652429209651984,0.000588887250742543,0.000148701939245624,9.25190165418122e-06,1.04125680357241e-05,0,0,0,0,0,0,0,0,0,0,0,0,0,0,0,0,0,0,0,0,0,0,0,0,0,0,0,0,0,0,0,0,0,0,0,0,0,0,0,0,0,0,0,0,0,0,0,0,0,0,0,0,0,0,0,0,0,0,0,0,0,0,0,0
0,0,0,0,0,0,8.89196435248704e-05,0.000818057287158668,0.00156673790981561,0.00422135223681053,0.00462955358781525,0.00389507696334222,0.00534376168235391,0.00659322968236147,0.00624245762656778,0.00505220517309124,0.00552464747992281,0.00302728998673023,0.00348798899761992,0.00104801930745516,0.00105526520472162,0.00109004098731097,0.00101221497199829,0.00134258712025885,0.000464816694208802,0.000502560215573713,0.000866497434359224,0.000207353383448845,0.000169203564612266,0.000389880876431836,0.00077634442412013,0.000439589101890778,0.0009782423561334,0.00103756919237422,0.000391019693553056,0.000429817969988355,6.2211282604821e-06,0,0,0,0,0,0,0,0,0,0,0,0,0,0,0,0,0,0,0,0,0,0,0,0,0,0,0,0,0,0,0,0,0,0,0,0,0,0,0,0,0,0,0,0,0,0,0,0,0,0,0,0,0,0,0,0,0,0,0,0,0,0,0
0,0,0,0,0,0,0,0.00072557310413318,0.0024050146985528,0.00313382229858897,0.00578481742055008,0.00413738661787483,0.00425988311255321,0.00692866822278575,0.00452540818029543,0.00425561459835864,0.00334263989413405,0.00280430035427281,0.00201343411658712,0.00174154521844171,0.00172258405963213,0.000803479974980563,0.000293973287284964,0.000862370597582879,0.00171800801891304,0.000769900655759197,0.000959370733374187,0.00126312356831561,0.00117881961978675,0.000228754748753844,0.000629311384292661,0.00066640787845636,0.000824005318222006,0.000593075087451749,0.000596444758253942,0.000902348212716425,2.05798915481304e-05,0.000385019086789329,0,0,0,0,0,0,0,0,0,0,0,0,0,0,0,0,0,0,0,0,0,0,0,0,0,0,0,0,0,0,0,0,0,0,0,0,0,0,0,0,0,0,0,0,0,0,0,0,0,0,0,0,0,0,0,0,0,0,0,0,0,0
0,0,0,0,0,8.25046827122065e-06,8.44636546359313e-05,0.000922352440387973,0.00223811305149123,0.00314670590662393,0.00245430962883882,0.0043897985358111,0.0038273620942401,0.00507467473127434,0.00382789913904594,0.00415357238818067,0.00357857087847795,0.00396454906701784,0.0023130567811851,0.000890903811821127,0.00076559164984463,0.000770806501660661,0.00035099304382309,0.000228953977730895,0.000717383045121433,0.000571601844684463,0.000865401574880021,0.000931266492664021,0.000679765244998783,0.000371917657489958,0.000750576043916731,0.000826460882649143,0.00120174138722496,0.000260338070565808,0.00083237285215876,0.000283388984068761,0.000209462010319404,0.000323213839071339,0,0,0,0,0,0,0,0,0,0,0,0,0,0,0,0,0,0,0,0,0,0,0,0,0,0,0,0,0,0,0,0,0,0,0,0,0,0,0,0,0,0,0,0,0,0,0,0,0,0,0,0,0,0,0,0,0,0,0,0,0,0
0,0,0,0,0,3.62436606301714e-05,0.000641379826949127,0.00115879879098907,0.0025976239982179,0.00248685846568786,0.00351529379248693,0.00424143717211977,0.00298490088636908,0.00316663922944908,0.0027524475353659,0.00144481913677989,0.000992029969267636,0.00166617109189218,0.00113758758382529,0.000889992961917212,0.00123956903760223,0.000823341557326906,0.000618069618199852,0.000471481043486487,0.000722621554364341,0.000722216829293357,0.000825971932567224,0.000390970435423356,0.000752814569563032,0.00037979961622647,0.0004679627496826,0.000528767431238755,0.000683376123634621,0.000847364450566694,0.0010525591122943,0.00106150027264494,0.000290757516866148,0.000337316325111279,0.000522299766007321,0.000355660016453791,0,0,0,0,0,0,0,0,0,0,0,0,0,0,0,0,0,0,0,0,0,0,0,0,0,0,0,0,0,0,0,0,0,0,0,0,0,0,0,0,0,0,0,0,0,0,0,0,0,0,0,0,0,0,0,0,0,0,0,0
0,0,0,0,0,5.29643377356912e-05,0.000637964542399484,0.00063031514287508,0.0033559742306072,0.00318999620415135,0.00403470275914448,0.00298624925498628,0.00280586839473758,0.00255119452853441,0.00113004060694336,0.000635230508637429,0.000267322290466524,0.000924226247713861,0.00095321491083781,0.000852897642772355,0.00050636237109883,0.0002719613288577,0.000211321266101934,0.000610477038038548,0.000182905994809305,1.94673231871871e-05,0,0.000354392431418787,0.000400715944612526,0.000662809531383942,0.000275516167628137,0.00028902905212717,0.000762414606182874,0.000418028893940776,0.00160884802648537,0.00151209473375929,0.000468497620232729,5.09968254674689e-05,0.000444789599655313,9.98713613435164e-05,0,0,0,0,0,0,0,0,0,0,0,0,0,0,0,0,0,0,0,0,0,0,0,0,0,0,0,0,0,0,0,0,0,0,0,0,0,0,0,0,0,0,0,0,0,0,0,0,0,0,0,0,0,0,0,0,0,0,0,0
0,0,0,0,0,6.99862452184928e-05,0.000630471688758868,0.000569682869159589,0.0016417167597356,0.00261775052453683,0.00531884369340822,0.00161764061684534,0.00295954146965048,0.00195475195068464,0.00096969379714449,0.000574777119995891,0.00156363203581058,0.00110445518600064,0.00135684004730399,0.000380753971835128,0.000485442177610899,0.000753270077823262,0.000480423054246077,0.000674932671884726,0.000463900499715194,0.000300599104808412,0.000391291416739417,0.000815604267747428,0.000421677813502081,0.000112324427163987,0.000201037282394424,0.000391658491841058,0.00119729693441292,0.000950741912190937,0.00122787529685083,0.000919966930818674,0.000306638043135458,0.000394069941658992,4.30128711024113e-05,0,0,0,0,0,0,0,0,0,0,0,0,0,0,0,0,0,0,0,0,0,0,0,0,0,0,0,0,0,0,0,0,0,0,0,0,0,0,0,0,0,0,0,0,0,0,0,0,0,0,0,0,0,0,0,0,0,0,0,0,0
0,0,0,0,0,1.79242210692807e-06,0.000551954645550424,0.000563724034032085,0.00131112792772671,0.00320329085278808,0.00503605821503845,0.00132073771367004,0.00362156051146735,0.003425805701118,0.00126349776704632,0.00110170937966224,0.00124886854000998,0.00116141390119351,0.00121305435464094,0.000640055743180501,0.000193500761242097,0.00102966670986538,0.000886989488310321,0.000841439703569783,0.000335145484956369,0.000256312385881336,0.000314577876070999,0.000283458414433477,0.000287099236024267,0.000148567173131339,0.000161896770688391,0.000546578082093303,0.00151451187676194,0.00135065204820098,0.000757161995228312,0.000650440073012068,0.000939990940931568,0.000355410494768668,0.000103387844691242,0,0,0,0,0,0,0,0,0,0,0,0,0,0,0,0,0,0,0,0,0,0,0,0,0,0,0,0,0,0,0,0,0,0,0,0,0,0,0,0,0,0,0,0,0,0,0,0,0,0,0,0,0,0,0,0,0,0,0,0,0
0,0,0,0,0,0,0.000177102553894551,0.00148691559655095,0.00128613110880596,0.00176226671593286,0.00242241533976135,0.00242285002904612,0.00258437233970605,0.00186649064584402,0.00175235223705962,0.000836717955204087,0.000916169339577252,0.00133491542865241,0.000555676788609385,0.000421014334568354,0.000434181227909241,0.00108140216300724,0.000799918158299868,0.00091843288175638,0.000464547872379022,0.000639036145303448,0.000295321069045883,0.000104019753201319,0.000604812574129462,0.000383924034138595,0.000970028349729157,0.00113285639721653,0.000493127660333522,0.000793509423141032,0.000511183003519285,0.000504660049740794,0.000648604902490807,0,0,0,0,0,0,0,0,0,0,0,0,0,0,0,0,0,0,0,0,0,0,0,0,0,0,0,0,0,0,0,0,0,0,0,0,0,0,0,0,0,0,0,0,0,0,0,0,0,0,0,0,0,0,0,0,0,0,0,0,0,0,0
0,0,0,0,0,0,0.000139849293009783,0.00108040687971209,0.00199657784139551,0.00136733414148305,0.00150423771521265,0.00193135550677607,0.00199574197192957,0.000443370456285679,0.000977455279796109,0.000461322697717118,0.00123623363343575,0.000973258468555935,0.0008645291697224,1.87667931601467e-05,0.000769383189862985,0.000914089812383589,0.000506848877475077,0.000300572140130687,0.000373608444407135,0.000613337230573065,0.000329341354945152,0.000137476689940862,0.000148990324049001,0.00111595119547648,0.000585256309048809,0.000818629810702079,0.000425833571125379,0.000744571943034826,0.000618216159945876,0.000467829788097534,0.000451777623054995,0.000269388102297919,2.97675550374919e-05,3.8386658594634e-05,1.5995929911563e-05,0,0,0,0,0,0,0,0,0,0,0,0,0,0,0,0,0,0,0,0,0,0,0,0,0,0,0,0,0,0,0,0,0,0,0,0,0,0,0,0,0,0,0,0,0,0,0,0,0,0,0,0,0,0,0,0,0,0,0
0,0,0,0,0,0,0,0.00112510349132553,0.00155628510433194,0.00112038766788017,0.00265319156957609,0.0019386937172941,0.00193851848220452,0.000605384682224452,0.000709095342135056,0.000649812781952686,0.0016584593753678,0.000721480232369314,0.000556423865919828,0.000530285339678281,0.00097116161689406,0.000303958191734111,2.34437538224561e-06,2.10150713236906e-05,0.000149560446385069,0.000231448766876124,7.32229124473163e-05,0.000353699676630341,0.0008786330110769,0.000495253250614634,0.000326764999028603,0.000360139359524986,0.000372925861019902,0.000240687669817511,0.000659593179958245,0,0.000322033323115286,0.000632776886214147,7.00450517881556e-05,0.000314544855416139,0.000131072556077664,0,0,0,0,0,0,0,0,0,0,0,0,0,0,0,0,0,0,0,0,0,0,0,0,0,0,0,0,0,0,0,0,0,0,0,0,0,0,0,0,0,0,0,0,0,0,0,0,0,0,0,0,0,0,0,0,0,0,0
0,0,0,0,0,0,0,0.000705136709542328,0.000924506831303397,0.00158978197266374,0.00357763718398274,0.001486945687482,0.000914378323694164,0.00123258390447848,0.000677075586116467,0.000479270639283215,0.000650741914542822,0.000282346611679689,0.000371878811391303,0.00129597508394223,0.00107054923400211,0.000118102005257291,0.000560326211202522,0.000426334699939597,0.000132148122423442,0.000533237853987249,0.000728144057048369,0.000378511147743849,0.000673962274312881,0.000246111930821664,0.000184103037889152,0.000419366409788571,0.000389979828236514,0.000608252748494432,0.000499584910280988,0.000471465260154402,0.000609051606393096,0.00027420899032532,0,0,0,0,0,0,0,0,0,0,0,0,0,0,0,0,0,0,0,0,0,0,0,0,0,0,0,0,0,0,0,0,0,0,0,0,0,0,0,0,0,0,0,0,0,0,0,0,0,0,0,0,0,0,0,0,0,0,0,0,0,0
0,0,0,0,0,0,0,0.00026715191143153,0.000629463154288519,0.00177556911039502,0.0028770175965943,0.00119042737554985,0.00172587892233453,0.00183276772784252,0.000797823798143289,0.000106254802695056,0.000635667031649261,0.00073372975916196,0.000692966555571457,0.00122705007979757,0.000498971809092554,0.00029008438745551,0.000405756535893479,5.54960841571991e-05,0.0003381951284259,0.000683644050617386,0.000293450829543309,0.000570154474259209,0.000142160321816629,0,6.80087284577654e-05,0.00032391721561162,0.00070467188069633,0.000317000397435177,0.000471835721597608,0.000939978979138659,0.00096904362031869,0,0,0,0,0,0,0,0,0,0,0,0,0,0,0,0,0,0,0,0,0,0,0,0,0,0,0,0,0,0,0,0,0,0,0,0,0,0,0,0,0,0,0,0,0,0,0,0,0,0,0,0,0,0,0,0,0,0,0,0,0,0,0
0,0,0,0,0,0,0,0,0.000241522145297893,0.0012865535374287,0.00222935127449301,0.00202556802830867,0.00309682238966764,0.000795432739809233,0.00128557460713207,0.000513952054712182,0.000157382230136193,0.000366989609126497,0.00065171249574862,0.000537689091841059,0.000538966317546254,0.00103043392377606,0.000751001038081048,0.000688375294542952,0.000581502026399137,0.000242116916171515,0.000104402890660294,0.000254189050469962,0.000283270067588896,0.000110961469849596,0.000495978555481225,0.000844271530510113,0.00141903323864655,0.000843132176599786,0.000206377852676504,0.000272988987307006,0.000443790949952057,0,0,0,0,0,0,0,0,0,0,0,0,0,0,0,0,0,0,0,0,0,0,0,0,0,0,0,0,0,0,0,0,0,0,0,0,0,0,0,0,0,0,0,0,0,0,0,0,0,0,0,0,0,0,0,0,0,0,0,0,0,0,0
0,0,0,0,0,0,0,1.23174201635664e-05,0.000227745418424524,0.00141080721712301,0.00070344975586998,0.00174867108896385,0.00206105585231208,0.00123121025658528,0.00189504518999498,0.000683494441971787,0.000371423825919086,0.000207154719805371,0.000600666257580481,0.000632465708727935,0.00033684997398471,0.000331854221019282,0.000458606806099101,0.000392853342041997,0.000816072421116037,0.000525128694096601,0.0006018750725005,0.000767397038536216,0.000875564070219159,0.000645594634824019,0.0006231834335987,0.000784842332025623,0.000576103681846575,0.00131881074065172,0.000247184818928484,0.000136938505835231,0.000560046295469222,2.40241440528903e-05,0,0,0,0,0,0,0,0,0,0,0,0,0,0,0,0,0,0,0,0,0,0,0,0,0,0,0,0,0,0,0,0,0,0,0,0,0,0,0,0,0,0,0,0,0,0,0,0,0,0,0,0,0,0,0,0,0,0,0,0,0,0
0,0,0,0,0,0,0,0.000122450335155001,0.000549762947584934,0.000281100602980192,9.4634912464288e-05,0.0014544009655658,0.00141005928222859,0.00186679897541239,0.00162170000929736,0.000546771433108677,0.000120474615681037,7.16998063983891e-06,0.00028933862334158,0.000841531459870333,0.000339399395638881,0.000612762487418244,0.000842465470673494,0.000251223506253881,0.00049002695097309,9.0629178309955e-07,0,9.22251967571367e-05,0.000664564858550033,0.000237900341217436,0.000784451369765929,0.000678965237394508,0.000896140043478914,0.000432901554673874,0.000941794404029262,0.000230930914894071,0.000225625449805291,7.43651255312106e-06,0,0,0,0,0,0,0,0,0,0,0,0,0,0,0,0,0,0,0,0,0,0,0,0,0,0,0,0,0,0,0,0,0,0,0,0,0,0,0,0,0,0,0,0,0,0,0,0,0,0,0,0,0,0,0,0,0,0,0,0,0,0
0,0,0,0,0,0,0,0,1.49539835025858e-05,6.03462934706475e-05,0.000638124013334301,0.000915849633790704,0.0010084759110804,0.000551585562282524,0.00229647564586325,0.00106358836406875,0.000552756447164652,0.000416118080490987,0.000884945657482151,0.000553782369071644,0.000298288634480603,0.000415335533776714,0.000271051208983351,0.000405810450543426,0.000258566171900501,0.000316403140692175,0.000126088444756626,0.000248987481688818,0.000384337131642373,0.00126433960897501,0.00068730653754529,0.000510601089497307,0.00103155138464885,0.000348422129129343,0.000723092476443828,0.000137271337861621,0,0,0,0,0,0,0,0,0,0,0,0,0,0,0,0,0,0,0,0,0,0,0,0,0,0,0,0,0,0,0,0,0,0,0,0,0,0,0,0,0,0,0,0,0,0,0,0,0,0,0,0,0,0,0,0,0,0,0,0,0,0,0,0
0,0,0,0,0,0,0,0,0,0.000151153174068419,0.00059224579195704,0.000811786500442961,0.000519452604712313,0.00054309608306609,0.00213222291411301,0.0011278201973275,0.00130290914735596,0.000572039583349407,0.000742268024313003,0.000731393297058001,0.000383584669003661,0.000367831683382345,0.000244961411043377,0.000633226248695499,0.000448144111606815,4.48104560633369e-05,0.000162234792871854,0.000379180063030821,0.000265132631992572,0.000661387583942097,0.00078405256489745,0.000148863355725519,0.000175987438217449,2.6010093581274e-05,0.000175186647226369,9.39836299767936e-05,0,0,0,0,0,0,0,0,0,0,0,0,0,0,0,0,0,0,0,0,0,0,0,0,0,0,0,0,0,0,0,0,0,0,0,0,0,0,0,0,0,0,0,0,0,0,0,0,0,0,0,0,0,0,0,0,0,0,0,0,0,0,0,0
0,0,0,0,0,0,0,0,0,0.000355970616121225,9.45081727169241e-06,0,0.000112757227605863,0.000644589732956478,0.00130117265793181,0.00102436843634594,0.000275643808415588,0.000577830392161326,0.000187243062255935,0.000289864588346459,0.000306230065643622,0.00115539097697153,0.000530685647360266,0.000747731948895707,9.32862175460323e-05,0.00011572702838417,0.000914475814971699,0.00136803315457493,0.000701501075357625,0.000415748381864849,0.00034548663323986,4.30566492502568e-05,0.000304703685457295,0.000353402376308244,1.77905224319498e-05,0,0,0,0,0,0,0,0,0,0,0,0,0,0,0,0,0,0,0,0,0,0,0,0,0,0,0,0,0,0,0,0,0,0,0,0,0,0,0,0,0,0,0,0,0,0,0,0,0,0,0,0,0,0,0,0,0,0,0,0,0,0,0,0,0
0,0,0,0,0,0,0,0,0,0,0,0,0,0.000555058648166834,0.000912559928601151,0.000424290701877578,0.000229077069201516,0.000436752528760805,0.000957030574787134,0.000559807906282624,0.000334476245135739,0.000608262599476766,0.000620962438787303,0.000922964936877634,0.000147608143366276,5.28238310714859e-05,8.40509683433457e-06,0.000417453542516206,0.000547277274483983,0.00034350893008787,0.000519347292288363,9.54424711086302e-05,0.000980787647069824,0.000938873461614361,0.00053014177229015,3.26977901868123e-05,0,0,0,0,0,0,0,0,0,0,0,0,0,0,0,0,0,0,0,0,0,0,0,0,0,0,0,0,0,0,0,0,0,0,0,0,0,0,0,0,0,0,0,0,0,0,0,0,0,0,0,0,0,0,0,0,0,0,0,0,0,0,0,0
0,0,0,0,0,0,0,0,0,0,0,0,0,0.000141005126595438,0.000533553631675349,0.000222443670760753,0.000626398080105935,0.000541142366652852,0.000470719844110408,0.000846730529178808,0.000973862054650985,0.000217791702936088,0.00045348294213634,0.000324499040181911,0.000582141875468623,0.000972363242014364,9.33993539140153e-05,4.01283717691804e-05,0.000745230698936089,0.000550892338868698,0.000287410235147582,4.78668731131754e-05,0.000376257693447435,1.73466435524407e-06,0.000268562271799302,5.89389056163494e-05,0,0,0,0,0,0,0,0,0,0,0,0,0,0,0,0,0,0,0,0,0,0,0,0,0,0,0,0,0,0,0,0,0,0,0,0,0,0,0,0,0,0,0,0,0,0,0,0,0,0,0,0,0,0,0,0,0,0,0,0,0,0,0,0
0,0,0,0,0,0,0,0,0,0,0,0,0,9.89423346909053e-05,0.000448010521652849,0.000217525180276528,0.000339945203505598,0.000108989587185492,0.000308697857744876,0.000718216850622884,0.000431584274406834,4.52982159641397e-05,0.000452590890200764,0.000509302256118274,0.000250846710966627,0.00114263034518117,0.000320114279708698,0.000803773573753327,0.000506612858064849,8.75034083946059e-05,0,0,0,0,0.000280221466689715,0.000169521749261256,0,0,0,0,0,0,0,0,0,0,0,0,0,0,0,0,0,0,0,0,0,0,0,0,0,0,0,0,0,0,0,0,0,0,0,0,0,0,0,0,0,0,0,0,0,0,0,0,0,0,0,0,0,0,0,0,0,0,0,0,0,0,0,0
0,0,0,0,0,0,0,0,0,0,0,0,0.000452463995921089,0.000161651699516658,0.000385649424995263,0.000262940513559222,0.000638522466864797,0.00043214382207219,0.000370255711102722,0.000220733536480099,0.00018179113295324,0.000285226689591916,0.000262910250112885,6.02599627549722e-05,0,0.000206723213433427,0.000175700728578711,0.000783000908317277,0.000152660641981718,5.82671469069595e-05,0.000163249467881949,0,0,0,0,0,0,0,0,0,0,0,0,0,0,0,0,0,0,0,0,0,0,0,0,0,0,0,0,0,0,0,0,0,0,0,0,0,0,0,0,0,0,0,0,0,0,0,0,0,0,0,0,0,0,0,0,0,0,0,0,0,0,0,0,0,0,0,0,0
0,0,0,0,0,0,0,0,0,0,0,0,2.61387685627732e-06,2.58023770668878e-07,0,0.000496866285150611,0.000509724262012619,1.98143451562497e-05,0.000100804311995033,0.000407430324580704,0.000103453083402679,0.000438682216347228,0.000159788449453093,0,0,0.00018969060655864,0.000592558875133075,0.000352408409867365,3.99865092205947e-06,6.36490191026114e-05,0.000227410211729074,0,0,0,0,0,0,0,0,0,0,0,0,0,0,0,0,0,0,0,0,0,0,0,0,0,0,0,0,0,0,0,0,0,0,0,0,0,0,0,0,0,0,0,0,0,0,0,0,0,0,0,0,0,0,0,0,0,0,0,0,0,0,0,0,0,0,0,0,0
0,0,0,0,0,0,0,0,0,0,0,0,0,0,0,0,0.000276890181763515,3.20354911238824e-05,0,0.000131278546857803,0.000195963929374238,0,0,0,4.02825190766837e-05,0.000616200270856035,0.000323708473353337,0,0.000168072341088415,0.000156807856843681,0,0,0,0,0,0,0,0,0,0,0,0,0,0,0,0,0,0,0,0,0,0,0,0,0,0,0,0,0,0,0,0,0,0,0,0,0,0,0,0,0,0,0,0,0,0,0,0,0,0,0,0,0,0,0,0,0,0,0,0,0,0,0,0,0,0,0,0,0,0
0,0,0,0,0,0,0,0,0,0,0,0,0,0,0,0,0,0,0,0,0,0,0,0,9.6240517204432e-07,1.07045476660858e-05,0.000167883101761354,0.000154599838834415,9.05958420729734e-05,8.45239599949307e-05,0,0,0,0,0,0,0,0,0,0,0,0,0,0,0,0,0,0,0,0,0,0,0,0,0,0,0,0,0,0,0,0,0,0,0,0,0,0,0,0,0,0,0,0,0,0,0,0,0,0,0,0,0,0,0,0,0,0,0,0,0,0,0,0,0,0,0,0,0,0
0,0,0,0,0,0,0,0,0,0,0,0,0,0,0,0,0,0,0,0,0,0,0,0,0,0,9.24145460013455e-05,8.51025134028853e-05,0,0,0,0,0,0,0,0,0,0,0,0,0,0,0,0,0,0,0,0,0,0,0,0,0,0,0,0,0,0,0,0,0,0,0,0,0,0,0,0,0,0,0,0,0,0,0,0,0,0,0,0,0,0,0,0,0,0,0,0,0,0,0,0,0,0,0,0,0,0,0,0
0,0,0,0,0,0,0,0,0,0,0,0,0,0,0,0,0,0,0,0,0,0,0,0,0,0,0,0,0,0,0,0,0,0,0,0,0,0,0,0,0,0,0,0,0,0,0,0,0,0,0,0,0,0,0,0,0,0,0,0,0,0,0,0,0,0,0,0,0,0,0,0,0,0,0,0,0,0,0,0,0,0,0,0,0,0,0,0,0,0,0,0,0,0,0,0,0,0,0,0
0,0,0,0,0,0,0,0,0,0,0,0,0,0,0,0,0,0,0,0,0,0,0,0,0,0,0,0,0,0,0,0,0,0,0,0,0,0,0,0,0,0,0,0,0,0,0,0,0,0,0,0,0,0,0,0,0,0,0,0,0,0,0,0,0,0,0,0,0,0,0,0,0,0,0,0,0,0,0,0,0,0,0,0,0,0,0,0,0,0,0,0,0,0,0,0,0,0,0,0
0,0,0,0,0,0,0,0,0,0,0,0,0,0,0,0,0,0,0,0,0,0,0,0,0,0,0,0,0,0,0,0,0,0,0,0,0,0,0,0,0,0,0,0,0,0,0,0,0,0,0,0,0,0,0,0,0,0,0,0,0,0,0,0,0,0,0,0,0,0,0,0,0,0,0,0,0,0,0,0,0,0,0,0,0,0,0,0,0,0,0,0,0,0,0,0,0,0,0,0
0,0,0,0,0,0,0,0,0,0,0,0,0,0,0,0,0,0,0,0,0,0,0,0,0,0,0,0,0,0,0,0,0,0,0,0,0,0,0,0,0,0,0,0,0,0,0,0,0,0,0,0,0,0,0,0,0,0,0,0,0,0,0,0,0,0,0,0,0,0,0,0,0,0,0,0,0,0,0,0,0,0,0,0,0,0,0,0,0,0,0,0,0,0,0,0,0,0,0,0
0,0,0,0,0,0,0,0,0,0,0,0,0,0,0,0,0,0,0,0,0,0,0,0,0,0,0,0,0,0,0,0,0,0,0,0,0,0,0,0,0,0,0,0,0,0,0,0,0,0,0,0,0,0,0,0,0,0,0,0,0,0,0,0,0,0,0,0,0,0,0,0,0,0,0,0,0,0,0,0,0,0,0,0,0,0,0,0,0,0,0,0,0,0,0,0,0,0,0,0
0,0,0,0,0,0,0,0,0,0,0,0,0,0,0,0,0,0,0,0,0,0,0,0,0,0,0,0,0,0,0,0,0,0,0,0,0,0,0,0,0,0,0,0,0,0,0,0,0,0,0,0,0,0,0,0,0,0,0,0,0,0,0,0,0,0,0,0,0,0,0,0,0,0,0,0,0,0,0,0,0,0,0,0,0,0,0,0,0,0,0,0,0,0,0,0,0,0,0,0
0,0,0,0,0,0,0,0,0,0,0,0,0,0,0,0,0,0,0,0,0,0,0,0,0,0,0,0,0,0,0,0,0,0,0,0,0,0,0,0,0,0,0,0,0,0,0,0,0,0,0,0,0,0,0,0,0,0,0,0,0,0,0,0,0,0,0,0,0,0,0,0,0,0,0,0,0,0,0,0,0,0,0,0,0,0,0,0,0,0,0,0,0,0,0,0,0,0,0,0
0,0,0,0,0,0,0,0,0,0,0,0,0,0,0,0,0,0,0,0,0,0,0,0,0,0,0,0,0,0,0,0,0,0,0,0,0,0,0,0,0,0,0,0,0,0,0,0,0,0,0,0,0,0,0,0,0,0,0,0,0,0,0,0,0,0,0,0,0,0,0,0,0,0,0,0,0,0,0,0,0,0,0,0,0,0,0,0,0,0,0,0,0,0,0,0,0,0,0,0
0,0,0,0,0,0,0,0,0,0,0,0,0,0,0,0,0,0,0,0,0,0,0,0,0,0,0,0,0,0,0,0,0,0,0,0,0,0,0,0,0,0,0,0,0,0,0,0,0,0,0,0,0,0,0,0,0,0,0,0,0,0,0,0,0,0,0,0,0,0,0,0,0,0,0,0,0,0,0,0,0,0,0,0,0,0,0,0,0,0,0,0,0,0,0,0,0,0,0,0
0,0,0,0,0,0,0,0,0,0,0,0,0,0,0,0,0,0,0,0,0,0,0,0,0,0,0,0,0,0,0,0,0,0,0,0,0,0,0,0,0,0,0,0,0,0,0,0,0,0,0,0,0,0,0,0,0,0,0,0,0,0,0,0,0,0,0,0,0,0,0,0,0,0,0,0,0,0,0,0,0,0,0,0,0,0,0,0,0,0,0,0,0,0,0,0,0,0,0,0
0,0,0,0,0,0,0,0,0,0,0,0,0,0,0,0,0,0,0,0,0,0,0,0,0,0,0,0,0,0,0,0,0,0,0,0,0,0,0,0,0,0,0,0,0,0,0,0,0,0,0,0,0,0,0,0,0,0,0,0,0,0,0,0,0,0,0,0,0,0,0,0,0,0,0,0,0,0,0,0,0,0,0,0,0,0,0,0,0,0,0,0,0,0,0,0,0,0,0,0
0,0,0,0,0,0,0,0,0,0,0,0,0,0,0,0,0,0,0,0,0,0,0,0,0,0,0,0,0,0,0,0,0,0,0,0,0,0,0,0,0,0,0,0,0,0,0,0,0,0,0,0,0,0,0,0,0,0,0,0,0,0,0,0,0,0,0,0,0,0,0,0,0,0,0,0,0,0,0,0,0,0,0,0,0,0,0,0,0,0,0,0,0,0,0,0,0,0,0,0
0,0,0,0,0,0,0,0,0,0,0,0,0,0,0,0,0,0,0,0,0,0,0,0,0,0,0,0,0,0,0,0,0,0,0,0,0,0,0,0,0,0,0,0,0,0,0,0,0,0,0,0,0,0,0,0,0,0,0,0,0,0,0,0,0,0,0,0,0,0,0,0,0,0,0,0,0,0,0,0,0,0,0,0,0,0,0,0,0,0,0,0,0,0,0,0,0,0,0,0
0,0,0,0,0,0,0,0,0,0,0,0,0,0,0,0,0,0,0,0,0,0,0,0,0,0,0,0,0,0,0,0,0,0,0,0,0,0,0,0,0,0,0,0,0,0,0,0,0,0,0,0,0,0,0,0,0,0,0,0,0,0,0,0,0,0,0,0,0,0,0,0,0,0,0,0,0,0,0,0,0,0,0,0,0,0,0,0,0,0,0,0,0,0,0,0,0,0,0,0
0,0,0,0,0,0,0,0,0,0,0,0,0,0,0,0,0,0,0,0,0,0,0,0,0,0,0,0,0,0,0,0,0,0,0,0,0,0,0,0,0,0,0,0,0,0,0,0,0,0,0,0,0,0,0,0,0,0,0,0,0,0,0,0,0,0,0,0,0,0,0,0,0,0,0,0,0,0,0,0,0,0,0,0,0,0,0,0,0,0,0,0,0,0,0,0,0,0,0,0
0,0,0,0,0,0,0,0,0,0,0,0,0,0,0,0,0,0,0,0,0,0,0,0,0,0,0,0,0,0,0,0,0,0,0,0,0,0,0,0,0,0,0,0,0,0,0,0,0,0,0,0,0,0,0,0,0,0,0,0,0,0,0,0,0,0,0,0,0,0,0,0,0,0,0,0,0,0,0,0,0,0,0,0,0,0,0,0,0,0,0,0,0,0,0,0,0,0,0,0
0,0,0,0,0,0,0,0,0,0,0,0,0,0,0,0,0,0,0,0,0,0,0,0,0,0,0,0,0,0,0,0,0,0,0,0,0,0,0,0,0,0,0,0,0,0,0,0,0,0,0,0,0,0,0,0,0,0,0,0,0,0,0,0,0,0,0,0,0,0,0,0,0,0,0,0,0,0,0,0,0,0,0,0,0,0,0,0,0,0,0,0,0,0,0,0,0,0,0,0
0,0,0,0,0,0,0,0,0,0,0,0,0,0,0,0,0,0,0,0,0,0,0,0,0,0,0,0,0,0,0,0,0,0,0,0,0,0,0,0,0,0,0,0,0,0,0,0,0,0,0,0,0,0,0,0,0,0,0,0,0,0,0,0,0,0,0,0,0,0,0,0,0,0,0,0,0,0,0,0,0,0,0,0,0,0,0,0,0,0,0,0,0,0,0,0,0,0,0,0
0,0,0,0,0,0,0,0,0,0,0,0,0,0,0,0,0,0,0,0,0,0,0,0,0,0,0,0,0,0,0,0,0,0,0,0,0,0,0,0,0,0,0,0,0,0,0,0,0,0,0,0,0,0,0,0,0,0,0,0,0,0,0,0,0,0,0,0,0,0,0,0,0,0,0,0,0,0,0,0,0,0,0,0,0,0,0,0,0,0,0,0,0,0,0,0,0,0,0,0
0,0,0,0,0,0,0,0,0,0,0,0,0,0,0,0,0,0,0,0,0,0,0,0,0,0,0,0,0,0,0,0,0,0,0,0,0,0,0,0,0,0,0,0,0,0,0,0,0,0,0,0,0,0,0,0,0,0,0,0,0,0,0,0,0,0,0,0,0,0,0,0,0,0,0,0,0,0,0,0,0,0,0,0,0,0,0,0,0,0,0,0,0,0,0,0,0,0,0,0
0,0,0,0,0,0,0,0,0,0,0,0,0,0,0,0,0,0,0,0,0,0,0,0,0,0,0,0,0,0,0,0,0,0,0,0,0,0,0,0,0,0,0,0,0,0,0,0,0,0,0,0,0,0,0,0,0,0,0,0,0,0,0,0,0,0,0,0,0,0,0,0,0,0,0,0,0,0,0,0,0,0,0,0,0,0,0,0,0,0,0,0,0,0,0,0,0,0,0,0
0,0,0,0,0,0,0,0,0,0,0,0,0,0,0,0,0,0,0,0,0,0,0,0,0,0,0,0,0,0,0,0,0,0,0,0,0,0,0,0,0,0,0,0,0,0,0,0,0,0,0,0,0,0,0,0,0,0,0,0,0,0,0,0,0,0,0,0,0,0,0,0,0,0,0,0,0,0,0,0,0,0,0,0,0,0,0,0,0,0,0,0,0,0,0,0,0,0,0,0
0,0,0,0,0,0,0,0,0,0,0,0,0,0,0,0,0,0,0,0,0,0,0,0,0,0,0,0,0,0,0,0,0,0,0,0,0,0,0,0,0,0,0,0,0,0,0,0,0,0,0,0,0,0,0,0,0,0,0,0,0,0,0,0,0,0,0,0,0,0,0,0,0,0,0,0,0,0,0,0,0,0,0,0,0,0,0,0,0,0,0,0,0,0,0,0,0,0,0,0
0,0,0,0,0,0,0,0,0,0,0,0,0,0,0,0,0,0,0,0,0,0,0,0,0,0,0,0,0,0,0,0,0,0,0,0,0,0,0,0,0,0,0,0,0,0,0,0,0,0,0,0,0,0,0,0,0,0,0,0,0,0,0,0,0,0,0,0,0,0,0,0,0,0,0,0,0,0,0,0,0,0,0,0,0,0,0,0,0,0,0,0,0,0,0,0,0,0,0,0
0,0,0,0,0,0,0,0,0,0,0,0,0,0,0,0,0,0,0,0,0,0,0,0,0,0,0,0,0,0,0,0,0,0,0,0,0,0,0,0,0,0,0,0,0,0,0,0,0,0,0,0,0,0,0,0,0,0,0,0,0,0,0,0,0,0,0,0,0,0,0,0,0,0,0,0,0,0,0,0,0,0,0,0,0,0,0,0,0,0,0,0,0,0,0,0,0,0,0,0
0,0,0,0,0,0,0,0,0,0,0,0,0,0,0,0,0,0,0,0,0,0,0,0,0,0,0,0,0,0,0,0,0,0,0,0,0,0,0,0,0,0,0,0,0,0,0,0,0,0,0,0,0,0,0,0,0,0,0,0,0,0,0,0,0,0,0,0,0,0,0,0,0,0,0,0,0,0,0,0,0,0,0,0,0,0,0,0,0,0,0,0,0,0,0,0,0,0,0,0
0,0,0,0,0,0,0,0,0,0,0,0,0,0,0,0,0,0,0,0,0,0,0,0,0,0,0,0,0,0,0,0,0,0,0,0,0,0,0,0,0,0,0,0,0,0,0,0,0,0,0,0,0,0,0,0,0,0,0,0,0,0,0,0,0,0,0,0,0,0,0,0,0,0,0,0,0,0,0,0,0,0,0,0,0,0,0,0,0,0,0,0,0,0,0,0,0,0,0,0
0,0,0,0,0,0,0,0,0,0,0,0,0,0,0,0,0,0,0,0,0,0,0,0,0,0,0,0,0,0,0,0,0,0,0,0,0,0,0,0,0,0,0,0,0,0,0,0,0,0,0,0,0,0,0,0,0,0,0,0,0,0,0,0,0,0,0,0,0,0,0,0,0,0,0,0,0,0,0,0,0,0,0,0,0,0,0,0,0,0,0,0,0,0,0,0,0,0,0,0
0,0,0,0,0,0,0,0,0,0,0,0,0,0,0,0,0,0,0,0,0,0,0,0,0,0,0,0,0,0,0,0,0,0,0,0,0,0,0,0,0,0,0,0,0,0,0,0,0,0,0,0,0,0,0,0,0,0,0,0,0,0,0,0,0,0,0,0,0,0,0,0,0,0,0,0,0,0,0,0,0,0,0,0,0,0,0,0,0,0,0,0,0,0,0,0,0,0,0,0
0,0,0,0,0,0,0,0,0,0,0,0,0,0,0,0,0,0,0,0,0,0,0,0,0,0,0,0,0,0,0,0,0,0,0,0,0,0,0,0,0,0,0,0,0,0,0,0,0,0,0,0,0,0,0,0,0,0,0,0,0,0,0,0,0,0,0,0,0,0,0,0,0,0,0,0,0,0,0,0,0,0,0,0,0,0,0,0,0,0,0,0,0,0,0,0,0,0,0,0
0,0,0,0,0,0,0,0,0,0,0,0,0,0,0,0,0,0,0,0,0,0,0,0,0,0,0,0,0,0,0,0,0,0,0,0,0,0,0,0,0,0,0,0,0,0,0,0,0,0,0,0,0,0,0,0,0,0,0,0,0,0,0,0,0,0,0,0,0,0,0,0,0,0,0,0,0,0,0,0,0,0,0,0,0,0,0,0,0,0,0,0,0,0,0,0,0,0,0,0
0,0,0,0,0,0,0,0,0,0,0,0,0,0,0,0,0,0,0,0,0,0,0,0,0,0,0,0,0,0,0,0,0,0,0,0,0,0,0,0,0,0,0,0,0,0,0,0,0,0,0,0,0,0,0,0,0,0,0,0,0,0,0,0,0,0,0,0,0,0,0,0,0,0,0,0,0,0,0,0,0,0,0,0,0,0,0,0,0,0,0,0,0,0,0,0,0,0,0,0
0,0,0,0,0,0,0,0,0,0,0,0,0,0,0,0,0,0,0,0,0,0,0,0,0,0,0,0,0,0,0,0,0,0,0,0,0,0,0,0,0,0,0,0,0,0,0,0,0,0,0,0,0,0,0,0,0,0,0,0,0,0,0,0,0,0,0,0,0,0,0,0,0,0,0,0,0,0,0,0,0,0,0,0,0,0,0,0,0,0,0,0,0,0,0,0,0,0,0,0
0,0,0,0,0,0,0,0,0,0,0,0,0,0,0,0,0,0,0,0,0,0,0,0,0,0,0,0,0,0,0,0,0,0,0,0,0,0,0,0,0,0,0,0,0,0,0,0,0,0,0,0,0,0,0,0,0,0,0,0,0,0,0,0,0,0,0,0,0,0,0,0,0,0,0,0,0,0,0,0,0,0,0,0,0,0,0,0,0,0,0,0,0,0,0,0,0,0,0,0
0,0,0,0,0,0,0,0,0,0,0,0,0,0,0,0,0,0,0,0,0,0,0,0,0,0,0,0,0,0,0,0,0,0,0,0,0,0,0,0,0,0,0,0,0,0,0,0,0,0,0,0,0,0,0,0,0,0,0,0,0,0,0,0,0,0,0,0,0,0,0,0,0,0,0,0,0,0,0,0,0,0,0,0,0,0,0,0,0,0,0,0,0,0,0,0,0,0,0,0
0,0,0,0,0,0,0,0,0,0,0,0,0,0,0,0,0,0,0,0,0,0,0,0,0,0,0,0,0,0,0,0,0,0,0,0,0,0,0,0,0,0,0,0,0,0,0,0,0,0,0,0,0,0,0,0,0,0,0,0,0,0,0,0,0,0,0,0,0,0,0,0,0,0,0,0,0,0,0,0,0,0,0,0,0,0,0,0,0,0,0,0,0,0,0,0,0,0,0,0
0,0,0,0,0,0,0,0,0,0,0,0,0,0,0,0,0,0,0,0,0,0,0,0,0,0,0,0,0,0,0,0,0,0,0,0,0,0,0,0,0,0,0,0,0,0,0,0,0,0,0,0,0,0,0,0,0,0,0,0,0,0,0,0,0,0,0,0,0,0,0,0,0,0,0,0,0,0,0,0,0,0,0,0,0,0,0,0,0,0,0,0,0,0,0,0,0,0,0,0
0,0,0,0,0,0,0,0,0,0,0,0,0,0,0,0,0,0,0,0,0,0,0,0,0,0,0,0,0,0,0,0,0,0,0,0,0,0,0,0,0,0,0,0,0,0,0,0,0,0,0,0,0,0,0,0,0,0,0,0,0,0,0,0,0,0,0,0,0,0,0,0,0,0,0,0,0,0,0,0,0,0,0,0,0,0,0,0,0,0,0,0,0,0,0,0,0,0,0,0
0,0,0,0,0,0,0,0,0,0,0,0,0,0,0,0,0,0,0,0,0,0,0,0,0,0,0,0,0,0,0,0,0,0,0,0,0,0,0,0,0,0,0,0,0,0,0,0,0,0,0,0,0,0,0,0,0,0,0,0,0,0,0,0,0,0,0,0,0,0,0,0,0,0,0,0,0,0,0,0,0,0,0,0,0,0,0,0,0,0,0,0,0,0,0,0,0,0,0,0
0,0,0,0,0,0,0,0,0,0,0,0,0,0,0,0,0,0,0,0,0,0,0,0,0,0,0,0,0,0,0,0,0,0,0,0,0,0,0,0,0,0,0,0,0,0,0,0,0,0,0,0,0,0,0,0,0,0,0,0,0,0,0,0,0,0,0,0,0,0,0,0,0,0,0,0,0,0,0,0,0,0,0,0,0,0,0,0,0,0,0,0,0,0,0,0,0,0,0,0
0,0,0,0,0,0,0,0,0,0,0,0,0,0,0,0,0,0,0,0,0,0,0,0,0,0,0,0,0,0,0,0,0,0,0,0,0,0,0,0,0,0,0,0,0,0,0,0,0,0,0,0,0,0,0,0,0,0,0,0,0,0,0,0,0,0,0,0,0,0,0,0,0,0,0,0,0,0,0,0,0,0,0,0,0,0,0,0,0,0,0,0,0,0,0,0,0,0,0,0
0,0,0,0,0,0,0,0,0,0,0,0,0,0,0,0,0,0,0,0,0,0,0,0,0,0,0,0,0,0,0,0,0,0,0,0,0,0,0,0,0,0,0,0,0,0,0,0,0,0,0,0,0,0,0,0,0,0,0,0,0,0,0,0,0,0,0,0,0,0,0,0,0,0,0,0,0,0,0,0,0,0,0,0,0,0,0,0,0,0,0,0,0,0,0,0,0,0,0,0
0,0,0,0,0,0,0,0,0,0,0,0,0,0,0,0,0,0,0,0,0,0,0,0,0,0,0,0,0,0,0,0,0,0,0,0,0,0,0,0,0,0,0,0,0,0,0,0,0,0,0,0,0,0,0,0,0,0,0,0,0,0,0,0,0,0,0,0,0,0,0,0,0,0,0,0,0,0,0,0,0,0,0,0,0,0,0,0,0,0,0,0,0,0,0,0,0,0,0,0
0,0,0,0,0,0,0,0,0,0,0,0,0,0,0,0,0,0,0,0,0,0,0,0,0,0,0,0,0,0,0,0,0,0,0,0,0,0,0,0,0,0,0,0,0,0,0,0,0,0,0,0,0,0,0,0,0,0,0,0,0,0,0,0,0,0,0,0,0,0,0,0,0,0,0,0,0,0,0,0,0,0,0,0,0,0,0,0,0,0,0,0,0,0,0,0,0,0,0,0
0,0,0,0,0,0,0,0,0,0,0,0,0,0,0,0,0,0,0,0,0,0,0,0,0,0,0,0,0,0,0,0,0,0,0,0,0,0,0,0,0,0,0,0,0,0,0,0,0,0,0,0,0,0,0,0,0,0,0,0,0,0,0,0,0,0,0,0,0,0,0,0,0,0,0,0,0,0,0,0,0,0,0,0,0,0,0,0,0,0,0,0,0,0,0,0,0,0,0,0
0,0,0,0,0,0,0,0,0,0,0,0,0,0,0,0,0,0,0,0,0,0,0,0,0,0,0,0,0,0,0,0,0,0,0,0,0,0,0,0,0,0,0,0,0,0,0,0,0,0,0,0,0,0,0,0,0,0,0,0,0,0,0,0,0,0,0,0,0,0,0,0,0,0,0,0,0,0,0,0,0,0,0,0,0,0,0,0,0,0,0,0,0,0,0,0,0,0,0,0
0,0,0,0,0,0,0,0,0,0,0,0,0,0,0,0,0,0,0,0,0,0,0,0,0,0,0,0,0,0,0,0,0,0,0,0,0,0,0,0,0,0,0,0,0,0,0,0,0,0,0,0,0,0,0,0,0,0,0,0,0,0,0,0,0,0,0,0,0,0,0,0,0,0,0,0,0,0,0,0,0,0,0,0,0,0,0,0,0,0,0,0,0,0,0,0,0,0,0,0
0,0,0,0,0,0,0,0,0,0,0,0,0,0,0,0,0,0,0,0,0,0,0,0,0,0,0,0,0,0,0,0,0,0,0,0,0,0,0,0,0,0,0,0,0,0,0,0,0,0,0,0,0,0,0,0,0,0,0,0,0,0,0,0,0,0,0,0,0,0,0,0,0,0,0,0,0,0,0,0,0,0,0,0,0,0,0,0,0,0,0,0,0,0,0,0,0,0,0,0
0,0,0,0,0,0,0,0,0,0,0,0,0,0,0,0,0,0,0,0,0,0,0,0,0,0,0,0,0,0,0,0,0,0,0,0,0,0,0,0,0,0,0,0,0,0,0,0,0,0,0,0,0,0,0,0,0,0,0,0,0,0,0,0,0,0,0,0,0,0,0,0,0,0,0,0,0,0,0,0,0,0,0,0,0,0,0,0,0,0,0,0,0,0,0,0,0,0,0,0
0,0,0,0,0,0,0,0,0,0,0,0,0,0,0,0,0,0,0,0,0,0,0,0,0,0,0,0,0,0,0,0,0,0,0,0,0,0,0,0,0,0,0,0,0,0,0,0,0,0,0,0,0,0,0,0,0,0,0,0,0,0,0,0,0,0,0,0,0,0,0,0,0,0,0,0,0,0,0,0,0,0,0,0,0,0,0,0,0,0,0,0,0,0,0,0,0,0,0,0
0,0,0,0,0,0,0,0,0,0,0,0,0,0,0,0,0,0,0,0,0,0,0,0,0,0,0,0,0,0,0,0,0,0,0,0,0,0,0,0,0,0,0,0,0,0,0,0,0,0,0,0,0,0,0,0,0,0,0,0,0,0,0,0,0,0,0,0,0,0,0,0,0,0,0,0,0,0,0,0,0,0,0,0,0,0,0,0,0,0,0,0,0,0,0,0,0,0,0,0
0,0,0,0,0,0,0,0,0,0,0,0,0,0,0,0,0,0,0,0,0,0,0,0,0,0,0,0,0,0,0,0,0,0,0,0,0,0,0,0,0,0,0,0,0,0,0,0,0,0,0,0,0,0,0,0,0,0,0,0,0,0,0,0,0,0,0,0,0,0,0,0,0,0,0,0,0,0,0,0,0,0,0,0,0,0,0,0,0,0,0,0,0,0,0,0,0,0,0,0
0,0,0,0,0,0,0,0,0,0,0,0,0,0,0,0,0,0,0,0,0,0,0,0,0,0,0,0,0,0,0,0,0,0,0,0,0,0,0,0,0,0,0,0,0,0,0,0,0,0,0,0,0,0,0,0,0,0,0,0,0,0,0,0,0,0,0,0,0,0,0,0,0,0,0,0,0,0,0,0,0,0,0,0,0,0,0,0,0,0,0,0,0,0,0,0,0,0,0,0
0,0,0,0,0,0,0,0,0,0,0,0,0,0,0,0,0,0,0,0,0,0,0,0,0,0,0,0,0,0,0,0,0,0,0,0,0,0,0,0,0,0,0,0,0,0,0,0,0,0,0,0,0,0,0,0,0,0,0,0,0,0,0,0,0,0,0,0,0,0,0,0,0,0,0,0,0,0,0,0,0,0,0,0,0,0,0,0,0,0,0,0,0,0,0,0,0,0,0,0
0,0,0,0,0,0,0,0,0,0,0,0,0,0,0,0,0,0,0,0,0,0,0,0,0,0,0,0,0,0,0,0,0,0,0,0,0,0,0,0,0,0,0,0,0,0,0,0,0,0,0,0,0,0,0,0,0,0,0,0,0,0,0,0,0,0,0,0,0,0,0,0,0,0,0,0,0,0,0,0,0,0,0,0,0,0,0,0,0,0,0,0,0,0,0,0,0,0,0,0
0,0,0,0,0,0,0,0,0,0,0,0,0,0,0,0,0,0,0,0,0,0,0,0,0,0,0,0,0,0,0,0,0,0,0,0,0,0,0,0,0,0,0,0,0,0,0,0,0,0,0,0,0,0,0,0,0,0,0,0,0,0,0,0,0,0,0,0,0,0,0,0,0,0,0,0,0,0,0,0,0,0,0,0,0,0,0,0,0,0,0,0,0,0,0,0,0,0,0,0
0,0,0,0,0,0,0,0,0,0,0,0,0,0,0,0,0,0,0,0,0,0,0,0,0,0,0,0,0,0,0,0,0,0,0,0,0,0,0,0,0,0,0,0,0,0,0,0,0,0,0,0,0,0,0,0,0,0,0,0,0,0,0,0,0,0,0,0,0,0,0,0,0,0,0,0,0,0,0,0,0,0,0,0,0,0,0,0,0,0,0,0,0,0,0,0,0,0,0,0
0,0,0,0,0,0,0,0,0,0,0,0,0,0,0,0,0,0,0,0,0,0,0,0,0,0,0,0,0,0,0,0,0,0,0,0,0,0,0,0,0,0,0,0,0,0,0,0,0,0,0,0,0,0,0,0,0,0,0,0,0,0,0,0,0,0,0,0,0,0,0,0,0,0,0,0,0,0,0,0,0,0,0,0,0,0,0,0,0,0,0,0,0,0,0,0,0,0,0,0
0,0,0,0,0,0,0,0,0,0,0,0,0,0,0,0,0,0,0,0,0,0,0,0,0,0,0,0,0,0,0,0,0,0,0,0,0,0,0,0,0,0,0,0,0,0,0,0,0,0,0,0,0,0,0,0,0,0,0,0,0,0,0,0,0,0,0,0,0,0,0,0,0,0,0,0,0,0,0,0,0,0,0,0,0,0,0,0,0,0,0,0,0,0,0,0,0,0,0,0
