0,0,0,0,0,0,0,0,0,0,0,0,0,0,0,0,0,0,0,0,0,0,0,0,0,0,0,0,0,0,0,0,0,0,0,0,0,0,0,0,0,0,0,0,0,0,0,0,0,0,0,0,0,0,0,0,0,0,0,0,0,0,0,0,0,0,0,0,0,0,0,0,0,0,0,0,0,0,0,0,0,0,0,0,0,0,0,0,0,0,0,0,0,0,0,0,0,0,0,0
0,0,0,0,0,0,0,0,0,0,0,0,0,0,0,0,0,0,0,0,0,0,0,0,0,0,0,0,0,0,0,0,0,0,0,0,0,0,0,0,0,0,0,0,0,0,0,0,0,0,0,0,0,0,0,0,0,0,0,0,0,0,0,0,0,0,0,0,0,0,0,0,0,0,0,0,0,0,0,0,0,0,0,0,0,0,0,0,0,0,0,0,0,0,0,0,0,0,0,0
0,0,0,0,0,0,0,0,0,0,0,0,0,0,0,0,0,0,0,0,0,0,0,0,0,0,0,0,0,0,0,0,0,0,0,0,0,0,0,0,0,0,0,0,0,0,0,0,0,0,0,0,0,0,0,0,0,0,0,0,0,0,0,0,0,0,0,0,0,0,0,0,0,0,0,0,0,0,0,0,0,0,0,0,0,0,0,0,0,0,0,0,0,0,0,0,0,0,0,0
0,0,0,0,0,0,0,0,0,0,0,0,0,0,0,0,0,0,0,0,0,0,0,0,0,0,0,0,0,0,0,0,0,0,0,0,0,0,0,0,0,0,0,0,0,0,0,0,0,0,0,0,0,0,0,0,0,0,0,0,0,0,0,0,0,0,0,0,0,0,0,0,0,0,0,0,0,0,0,0,0,0,0,0,0,0,0,0,0,0,0,0,0,0,0,0,0,0,0,0
0,0,0,0,0,0,0,0,0,0,0,0,0,0,0,0,0,0,0,0,0,0,0,0,0,0,0,0,0,0,0,0,0,0,0,0,0,0,0,0,0,0,0,0,0,0,0,0,0,0,0,0,0,0,0,0,0,0,0,0,0,0,0,0,0,0,0,0,0,0,0,0,0,0,0,0,0,0,0,0,0,0,0,0,0,0,0,0,0,0,0,0,0,0,0,0,0,0,0,0
0,0,0,0,0,0,0,0,0,0,0,0,0,0,0,0,0,0,0,0,0,0,0,0,0,0,0,0,0,0,0,0,0,0,0,0,0,0,0,0,0,0,0,0,0,0,0,0,0,0,0,0,0,0,0,0,0,0,0,0,0,0,0,0,0,0,0,0,0,0,0,0,0,0,0,0,0,0,0,0,0,0,0,0,0,0,0,0,0,0,0,0,0,0,0,0,0,0,0,0
0,0,0,0,0,0,0,0,0,0,0,0,0,0,0,0,0,0,0,0,0,0,0,0,0,0,0,0,0,0,0,0,0,0,0,0,0,0,0,0,0,0,0,0,0,0,0,0,0,0,0,0,0,0,0,0,0,0,0,0,0,0,0,0,0,0,0,0,0,0,0,0,0,0,0,0,0,0,0,0,0,0,0,0,0,0,0,0,0,0,0,0,0,0,0,0,0,0,0,0
0,0,0,0,0,0,0,0,0,0,0,0,0,0,0,0,0,0,0,0,0,0,0,0,0,0,0,0,0,0,0,0,0,0,0,0,0,0,0,0,0,0,0,0,0,0,0,0,0,0,0,0,0,0,0,0,0,0,0,0,0,0,0,0,0,0,0,0,0,0,0,0,0,0,0,0,0,0,0,0,0,0,0,0,0,0,0,0,0,0,0,0,0,0,0,0,0,0,0,0
0,0,0,0,0,0,0,0,0,0,0,0,0,0,0,0,0,0,0,0,0,0,0,0,0,0,0,0,0,0,0,0,0,0,0,0,0,0,0,0,0,0,0,0,0,0,0,0,0,0,0,0,0,0,0,0,0,0,0,0,0,0,0,0,0,0,0,0,0,0,0,0,0,0,0,0,0,0,0,0,0,0,0,0,0,0,0,0,0,0,0,0,0,0,0,0,0,0,0,0
0,0,0,0,0,0,0,0,0,0,0,0,0,0,0,0,0,0,0,0,0,0,0,0,0,0,0,0,0,0,0,0,0,0,0,0,0,0,0,0,0,0,0,0,0,0,0,0,0,0,0,0,0,0,0,0,0,0,0,0,0,0,0,0,0,0,0,0,0,0,0,0,0,0,0,0,0,0,0,0,0,0,0,0,0,0,0,0,0,0,0,0,0,0,0,0,0,0,0,0
0,0,0,0,0,0,0,0,0,0,0,0,0,0,0,0,0,0,0,0,0,0,0,0,0,0,0,0,0,0,0,0,0,0,0,0,0,0,0,0,0,0,0,0,0,0,0,0,0,0,0,0,0,0,0,0,0,0,0,0,0,0,0,0,0,0,0,0,0,0,0,0,0,0,0,0,0,0,0,0,0,0,0,0,0,0,0,0,0,0,0,0,0,0,0,0,0,0,0,0
0,0,0,0,0,0,0,0,0,0,0,0,0,0,0,0,0,0,0,0,0,0,0,0,0,0,0,0,0,0,0,0,0,0,0,0,0,0,0,0,0,0,0,0,0,0,0,0,0,0,0,0,0,0,0,0,0,0,0,0,0,0,0,0,0,0,0,0,0,0,0,0,0,0,0,0,0,0,0,0,0,0,0,0,0,0,0,0,0,0,0,0,0,0,0,0,0,0,0,0
0,0,0,0,0,0,0,0,0,0,0,0,0,0,0,0,0,0,0,0,0,0,0,0,0,0,0,0,0,0,0,0,0,0,0,0,0,0,0,0,0,0,0,0,0,0,0,0,0,0,0,0,0,0,0,0,0,0,0,0,0,0,0,0,0,0,0,0,0,0,0,0,0,0,0,0,0,0,0,0,0,0,0,0,0,0,0,0,0,0,0,0,0,0,0,0,0,0,0,0
0,0,0,0,0,0,0,0,0,0,0,0,0,0,0,0,0,0,0,0,0,0,0,0,0,0,0,0,0,0,0,0,0,0,0,0,0,0,0,0,0,0,0,0,0,0,0,0,0,0,0,0,0,0,0,0,0,0,0,0,0,0,0,0,0,0,0,0,0,0,0,0,0,0,0,0,0,0,0,0,0,0,0,0,0,0,0,0,0,0,0,0,0,0,0,0,0,0,0,0
0,0,0,0,0,0,0,0,0,0,0,0,0,0,0,0,0,0,0,0,0,0,0,0,0,0,0,0,0,0,0,0,0,0,0,0,0,0,0,0,0,0,0,0,0,0,0,0,0,0,0,0,0,0,0,0,0,0,0,0,0,0,0,0,0,0,0,0,0,0,0,0,0,0,0,0,0,0,0,0,0,0,0,0,0,0,0,0,0,0,0,0,0,0,0,0,0,0,0,0
0,0,0,0,0,0,0,0,0,0,0,0,0,0,0,0,0,0,0,0,0,0,0,0,0,0,0,0,0,0,0,0,0,0,0,0,0,0,0,0,0,0,0,0,0,0,0,0,0,0,0,0,0,0,0,0,0,0,0,0,0,0,0,0,0,0,0,0,0,0,0,0,0,0,0,0,0,0,0,0,0,0,0,0,0,0,0,0,0,0,0,0,0,0,0,0,0,0,0,0
0,0,0,0,0,0,0,0,0,0,0,0,0,0,0,0,0,0,0,0,0,0,0,0,0,0,0,0,0,0,0,0,0,0,0,0,0,0,0,0,0,0,0,0,0,0,0,0,0,0,0,0,0,0,0,0,0,0,0,0,0,0,0,0,0,0,0,0,0,0,0,0,0,0,0,0,0,0,0,0,0,0,0,0,0,0,0,0,0,0,0,0,0,0,0,0,0,0,0,0
0,0,0,0,0,0,0,0,0,0,0,0,0,0,0,0,0,0,0,0,0,0,0,0,0,0,0,0,0,0,0,0,0,0,0,0,0,0,0,0,0,0,0,0,0,0,0,0,0,0,0,0,0,0,0,0,0,0,0,0,0,0,0,0,0,0,0,0,0,0,0,0,0,0,0,0,0,0,0,0,0,0,0,0,0,0,0,0,0,0,0,0,0,0,0,0,0,0,0,0
0,0,0,0,0,0,0,0,0,0,0,0,0,0,0,0,0,0,0,0,0,0,0,0,0,0,0,0,0,0,0,0,0,0,0,0,0,0,0,0,0,0,0,0,0,0,0,0,0,0,0,0,0,0,0,0,0,0,0,0,0,0,0,0,0,0,0,0,0,0,0,0,0,0,0,0,0,0,0,0,0,0,0,0,0,0,0,0,0,0,0,0,0,0,0,0,0,0,0,0
0,0,0,0,0,0,0,0,0,0,0,0,0,0,0,0,0,0,0,0,0,0,0,0,0,0,0,0,0,0,0,0,0,0,0,0,0,0,0,0,0,0,0,0,0,0,0,0,0,0,0,0,0,0,0,0,0,0,0,0,0,0,0,0,0,0,0,0,0,0,0,0,0,0,0,0,0,0,0,0,0,0,0,0,0,0,0,0,0,0,0,0,0,0,0,0,0,0,0,0
0,0,0,0,0,0,0,0,0,0,0,0,0,0,0,0,0,0,0,0,0,0,0,0,0,0,0,0,0,0,0,0,0,0,0,0,0,0,0,0,0,0,0,0,0,0,0,0,0,0,0,0,0,0,0,0,0,0,0,0,0,0,0,0,0,0,0,0,0,0,0,0,0,0,0,0,0,0,0,0,0,0,0,0,0,0,0,0,0,0,0,0,0,0,0,0,0,0,0,0
0,0,0,0,0,0,0,0,0,0,0,0,0,0,0,0,0,0,0,0,0,0,0,0,0,0,0,0,0,0,0,0,0,0,0,0,0,0,0,0,0,0,0,0,0,0,0,0,0,0,0,0,0,0,0,0,0,0,0,0,0,0,0,0,0,0,0,0,0,0,0,0,0,0,0,0,0,0,0,0,0,0,0,0,0,0,0,0,0,0,0,0,0,0,0,0,0,0,0,0
0,0,0,0,0,0,0,0,0,0,0,0,0,0,0,0,0,0,0,0,0,0,0,0,0,0,0,0,0,0,0,0,0,0,0,0,0,0,0,0,0,0,0,0,0,0,0,0,0,0,0,0,0,0,0,0,0,0,0,0,0,0,0,0,0,0,0,0,0,0,0,0,0,0,0,0,0,0,0,0,0,0,0,0,0,0,0,0,0,0,0,0,0,0,0,0,0,0,0,0
0,0,0,0,0,0,0,0,0,0,0,0,0,0,0,0,0,0,0,0,0,0,0,0,0,0,0,0,0,0,0,0,0,0,0,0,0,0,0,0,0,0,0,0,0,0,0,0,0,0,0,0,0,0,0,0,0,0,0,0,0,0,0,0,0,0,0,0,0,0,0,0,0,0,0,0,0,0,0,0,0,0,0,0,0,0,0,0,0,0,0,0,0,0,0,0,0,0,0,0
0,0,0,0,0,0,0,0,0,0,0,0,0,0,0,0,0,0,0,0,0,0,0,0,0,0,0,0,0,0,0,0,0,0,0,0,0,0,0,0,0,0,0,0,0,0,0,0,0,0,0,0,0,0,0,0,0,0,0,0,0,0,0,0,0,0,0,0,0,0,0,0,0,0,0,0,0,0,0,0,0,0,0,0,0,0,0,0,0,0,0,0,0,0,0,0,0,0,0,0
0,0,0,0,0,0,0,0,0,0,0,0,0,0,0,0,0,0,0,0,0,0,0,0,0,0,0,0,0,0,0,0,0,0,0,0,0,0,0,0,0,0,0,0,0,0,0,0,0,0,0,0,0,0,0,0,0,0,0,0,0,0,0,0,0,0,0,0,0,0,0,0,0,0,0,0,0,0,0,0,0,0,0,0,0,0,0,0,0,0,0,0,0,0,0,0,0,0,0,0
0,0,0,0,0,0,0,0,0,0,0,0,0,0,0,0,0,0,0,0,0,0,0,0,0,0,0,0,0,0,0,0,0,0,0,0,0,0,0,0,0,0,0,0,0,0,0,0,0,0,0,0,0,0,0,0,0,0,0,0,0,0,0,0,0,0,0,0,0,0,0,0,0,0,0,0,0,0,0,0,0,0,0,0,0,0,0,0,0,0,0,0,0,0,0,0,0,0,0,0
0,0,0,0,0,0,0,0,0,0,0,0,0,0,0,0,0,0,0,0,0,0,0,0,0,0,0,0,0,0,0,0,0,0,0,0,0,0,0,0,0,0,0,0,0,0,0,0,0,0,0,0,0,0,0,0,0,0,0,0,0,0,0,0,0,0,0,0,0,0,0,0,0,0,0,0,0,0,0,0,0,0,0,0,0,0,0,0,0,0,0,0,0,0,0,0,0,0,0,0
0,0,0,0,0,0,0,0,0,0,0,0,0,0,0,0,0,0,0,0,0,0,0,0,0,0,0,0,0,0,0,0,0,0,0,0,0,0,0,0,0,0,0,0,0,0,0,0,0,0,0,0,0,0,0,0,0,0,0,0,0,0,0,0,0,0,0,0,0,0,0,0,0,0,0,0,0,0,0,0,0,0,0,0,0,0,0,0,0,0,0,0,0,0,0,0,0,0,0,0
0,0,0,0,0,0,0,0,0,0,0,0,0,0,0,0,0,0,0,0,0,0,0,0,0,0,0,0,0,0,0,0,0,0,0,0,0,0,0,0,0,0,0,0,0,0,0,0,0,0,0,0,0,0,0,0,0,0,0,0,0,0,0,0,0,0,0,0,0,0,0,0,0,0,0,0,0,0,0,0,0,0,0,0,0,0,0,0,0,0,0,0,0,0,0,0,0,0,0,0
0,0,0,0,0,0,0,0,0,0,0,0,0,0,0,0,0,0,0,0,0,0,0,0,0,0,0,0,0,0,0,0,0,0,0,0,0,0,0,0,0,0,0,0,0,0,0,0,0,0,0,0,0,0,0,0,0,0,0,0,0,0,0,0,0,0,0,0,0,0,0,0,0,0,0,0,0,0,0,0,0,0,0,0,0,0,0,0,0,0,0,0,0,0,0,0,0,0,0,0
0,0,0,0,0,0,0,0,0,0,0,0,0,0,0,0,0,0,0,0,0,0,0,0,0,0,0,0,0,0,0,0,0,0,0,0,0,0,0,0,0,0,0,0,0,0,0,0,0,0,0,0,0,0,0,0,0,0,0,0,0,0,0,0,0,0,0,0,0,0,0,0,0,0,0,0,0,0,0,0,0,0,0,0,0,0,0,0,0,0,0,0,0,0,0,0,0,0,0,0
0,0,0,0,0,0,0,0,0,0,0,0,0,0,0,0,0,0,0,0,0,0,0,0,0,0,0,0,0,0,0,0,0,0,0,0,0,0,0,0,0,0,0,0,0,0,0,0,0,0,0,0,0,0,0,0,0,0,0,0,0,0,0,0,0,0,0,0,0,0,0,0,0,0,0,0,0,0,0,0,0,0,0,0,0,0,0,0,0,0,0,0,0,0,0,0,0,0,0,0
0,0,0,0,0,0,0,0,0,0,0,0,0,0,0,0,0,0,0,0,0,0,0,0,0,0,0,0,0,0,0,0,0,0,0,0,0,0.000101840145024686,0.000128238163754289,0,0,0,0,0,0,0,0,0,0,0,0,0,0,0,0,0,0,0,0,0,0,0,0,0,0,0,0,0,0,0,0,0,0,0,0,0,0,0,0,0,0,0,0,0,0,0,0,0,0,0,0,0,0,0,0,0,0,0,0,0
0,0,0,0,0,0,0,0,0,0,0,0,0,0,0,0,0,0,0,0,0,0,0,0,0,0,0,0,0,0,0,0,0,0.000108164018494919,0.000130440686685559,0,0,0.00011947612239129,0.000242948945063758,8.07952063760688e-05,0,0,0,0,0,0,0.000178814363294691,4.62488395636706e-05,0,0,0,0,0,0,0,0,0,0,0,0,0,0,0,0,0,0,0,0,0,0,0,0,0,0,0,0,0,0,0,0,0,0,0,0,0,0,0,0,0,0,0,0,0,0,0,0,0,0,0,0
0,0,0,0,0,0,0,0,0,0,0,0,0,0,0,0,0,0,0,0,0,0,0,0,0,0,0,0,1.31023286917796e-06,8.03129018973293e-06,0,0,0.000400638824102985,0.000472515503711684,0.000160489564633189,5.32550996385743e-06,0,0,0.000356440073636025,0.000275969666593626,0,0,0,0,0,0,0.000218439299284757,5.64974978568811e-05,0,0,0,0,0,0,0,0,0,0,0,0,0,0,0,0,0,0,0,0,0,0,0,0,0,0,0,0,0,0,0,0,0,0,0,0,0,0,0,0,0,0,0,0,0,0,0,0,0,0,0,0
0,0,0,0,0,0,0,0,0,0,0,0,0,0,0,0,0,0,0,0,0,0,0,0,0,0,0.000260292475231997,8.64989638603952e-05,0.000458066543678898,0.00103188957482738,0.00037022139646855,0.000329846975584198,0.000764257869593102,0.00043882726301397,0.000783480569811637,0.000916322194513507,0.000268279429883932,9.79185745232908e-05,0.000159832822779187,0.000327622419670249,0.00014949359608515,5.00853432741695e-05,0,0.000126073458098867,6.32950759835411e-05,2.32750863396142e-06,0,0,0,0,0,0,0,0,0,0,0,0,0,0,0,0,0,0,0,0,0,0,0,0,0,0,0,0,0,0,0,0,0,0,0,0,0,0,0,0,0,0,0,0,0,0,0,0,0,0,0,0,0,0
0,0,0,0,0,0,0,0,0,0,0,0,0,0,0,0,0,0,0,0,0,0,0,0,0,0,0.000572829388733858,0.000107972326122384,0.000533665061677267,0.000757644601114535,0.0010117763172845,0.00113115052823071,0.000796328636845873,0.00111222632537841,0.000353556794832879,0.00126839884112051,0.00170347108552164,0.000884575435498859,0.000972008641651274,0.00084289545252042,0.000901178815127872,0.000196365249022175,0,0.000307209946154681,0.000488142924976826,2.30096491115638e-05,0,0,0,0,0,0,0,0,0,0,0,0,0,0,0,0,0,0,0,0,0,0,0,0,0,0,0,0,0,0,0,0,0,0,0,0,0,0,0,0,0,0,0,0,0,0,0,0,0,0,0,0,0,0
0,0,0,0,0,0,0,0,0,0,0,0,0,0,0,0,0,0,0,0,0,0,0,0,0.000300906272537174,0.000346985664890949,0.00016442490358909,0.00123283496886295,0.00109236902263211,0.000644483924909849,0.00111289947458331,0.00160616434475456,0.00232633377406612,0.00130512721979556,0.000875332243224949,0.00224029671658094,0.00151943224212092,0.00058482071531066,0.000942897084086803,0.000503396012667179,0.0008182102882191,0.000493704564114506,0.00021330168049658,0.000150462404929853,0.000571319266994494,0.000282600818937251,5.7123398838402e-05,0,0.000441092568130696,1.69714118913796e-05,0,0,0,0,0,0,0,0,0,0,0,0,0,0,0,0,0,0,0,0,0,0,0,0,0,0,0,0,0,0,0,0,0,0,0,0,0,0,0,0,0,0,0,0,0,0,0,0,0,0
0,0,0,0,0,0,0,0,0,0,0,0,0,0,0,0,0,0,0,0,0,0,0,8.39416652775914e-05,0.000456734714757451,0.000178380357311529,0.000870992562448289,0.00139341632675798,0.00218816244224102,0.00137964225314193,0.00164777741056435,0.00224153714496114,0.00275874585727868,0.00231771467045884,0.00158360139530359,0.00187044711017553,0.00161515635969825,0.000703209600509406,0.000335753492745181,0.000110568677822231,0.000825484450588413,0.000504866571843365,0.000751888387388181,0.000495961522807824,0.00021239246313385,0.00106545702782753,0.000331813430709715,0.000179590869887953,4.03822774896022e-05,1.55374248832267e-06,0,0,0,0,0,0,0,0,0,0,0,0,0,0,0,0,0,0,0,0,0,0,0,0,0,0,0,0,0,0,0,0,0,0,0,0,0,0,0,0,0,0,0,0,0,0,0,0,0,0
0,0,0,0,0,0,0,0,0,0,0,0,0,0,0,0,0,0,0,0,0,0,0.000138320846371715,0.000506928432066166,0.000682832040440119,0.00150534538269276,0.00155007088101865,0.00127966091324298,0.00373713912029374,0.00244440355002521,0.0033887948212958,0.00380066344329154,0.00324402705925163,0.00124600565275621,0.00149209266568061,0.00187772873619762,0.000972478063788782,0.0009823503041165,0.000861911854964883,5.3167393301191e-05,0.000375385845088766,0.000401950597706216,0.000958260937156625,0.000377085265762012,5.15157109683922e-05,9.59648088726291e-05,0.000321767205210388,0.000351061496033666,0.000195218064148843,0.000296522186956385,0,0,0,0,0,0,0,0,0,0,0,0,0,0,0,0,0,0,0,0,0,0,0,0,0,0,0,0,0,0,0,0,0,0,0,0,0,0,0,0,0,0,0,0,0,0,0,0,0,0
0,0,0,0,0,0,0,0,0,0,0,0,0,0,0,0,0,0,0,0,0,0,0.000164769419534201,0.00157066104569937,0.00180910179927268,0.00336044712755713,0.00265951107892481,0.00271473709949277,0.00240310829746159,0.00240718761717102,0.00256492201868879,0.00352923009693195,0.00243490262717488,0.00119207882772295,0.00121599173514088,0.00160510728729798,0.000823750788159511,0.000699083170810059,0.000230352731866192,6.1227739317086e-05,0.000777923188580037,0.000659520588820708,0.000644989912733123,0.000464315926330014,0.0011032801003486,0.000517052348775915,0.000152902186230955,0.000240561999205474,0.000146393873891107,0.000266518588187074,9.64115035579179e-05,0,0,0,0,0,0,0,0,0,0,0,0,0,0,0,0,0,0,0,0,0,0,0,0,0,0,0,0,0,0,0,0,0,0,0,0,0,0,0,0,0,0,0,0,0,0,0,0,0
0,0,0,0,0,0,0,0,0,0,0,0,0,0,0,0,0,0,0,0,0,0,0.000308928474250672,0.00231840284592432,0.00253564970989391,0.00435723584269168,0.0029591291862406,0.00202820660902781,0.00260379374309122,0.00245960727626325,0.00148199853116139,0.0016346661980731,0.00145490244331301,0.00130779314333763,0.000559793821066073,0.00108230502002082,0.000373919045744457,0.000979054519155577,0.000811010407156809,0.000912338867846081,0.00106951691366483,0.000429397690972064,0.000146252582171229,0.000325311956341002,0.000684834251392732,0.000605606728574687,0,0.000217056224461509,0.000143301583632655,0.000132326323168578,0.000230324879158945,0.0002382364985747,0.000397194178132341,0.000228897161214293,0,0,0,0,0,0,0,0,0,0,0,0,0,0,0,0,0,0,0,0,0,0,0,0,0,0,0,0,0,0,0,0,0,0,0,0,0,0,0,0,0,0,0,0,0,0
0,0,0,0,0,0,0,0,0,0,0,0,0,0,0,0,0,0,0,0,0,8.87964211579316e-05,0.000404415350992243,0.00201585836639779,0.00448506281264787,0.00400045947588602,0.00319500695669971,0.00246782604120859,0.00197233077052567,0.00186198964171208,0.00157526336793181,0.000828079033596798,0.00149347348039916,0.000862873017858293,0.000407146137138945,0.000639230338906152,0.000911745222226742,0.00170776522344285,0.000431399889456092,0.000437471286845377,0.00119020698843383,0.00102447010787476,0.000612527299988677,0.000255637680902289,0.000482255938991926,0.000329082474983096,0.000463414965277421,0.000747857619312406,0.00067118161521185,6.67529996065067e-06,0.000100219091330043,0.000149588875423545,0.000200122326922204,7.20266226680928e-05,0,0,0,0,0,0,0,0,0,0,0,0,0,0,0,0,0,0,0,0,0,0,0,0,0,0,0,0,0,0,0,0,0,0,0,0,0,0,0,0,0,0,0,0,0,0
0,0,0,0,0,0,0,0,0,0,0,0,0,0,0,0,0,0,0,0,0.000199720775659524,0.00108140011376784,0.00095204278227252,0.00301123825572042,0.0027165394889875,0.00420285510138901,0.00429209542222011,0.00213732051677853,0.0017317434363051,0.00137673293611556,0.00113276553532726,0.00107759156223563,0.000882374653564025,0.000558456375800334,0.000385762643928284,0.000395985744450843,0.00124387527792431,0.00144968150332565,0.000371484119762556,0.000719553149005213,0.0012428916114797,0.000914790514124694,0.000606467471516375,0.000164865958039289,0.000367942674052481,0.000533114926243717,0.000877232067544431,0.000957121540189142,0.000472792881215776,0.000281709168067758,0,0.000322427468222929,0.000805319878663221,0.000240184880009589,7.8464581898864e-05,0.000116170840980135,0,0,0,0,0,0,0,0,0,0,0,0,0,0,0,0,0,0,0,0,0,0,0,0,0,0,0,0,0,0,0,0,0,0,0,0,0,0,0,0,0,0,0,0
0,0,0,0,0,0,0,0,0,0,0,0,0,0,0,0,0,0,0,0,0.000434910794436262,0.00209020391874227,0.00262923240047535,0.00354214615118242,0.00429268371159255,0.00378832418909631,0.00221329345203415,0.00196295240291899,0.000728705965226815,0.00071150297998858,0.000778376018367427,0.0010723824661007,0.000367891184021916,0.000258124922627085,0.000193631953884658,0.000594633885234151,0.000464788951583531,0.000805729266717118,0.000629564715490867,0.000945016707516298,0.00123678181591243,5.42681282932948e-05,0.000460083824570311,0.00105020391029712,0.000619045303297831,0.00072291774283284,0.00121957595603173,0.000611431349584771,0.000776213199577924,0.000967239556084556,0.000358434067745873,0.000120820309317864,0.000340375792210064,0.000114806428994708,0.000184604701719105,0.00078029875360176,0,0,0,0,0,0,0,0,0,0,0,0,0,0,0,0,0,0,0,0,0,0,0,0,0,0,0,0,0,0,0,0,0,0,0,0,0,0,0,0,0,0,0,0
0,0,0,0,0,0,0,0,0,0,0,0,0,0,0,0,0,0,0,3.93218514558295e-06,0.000310449520268817,0.00138079124072887,0.00315189274692183,0.0056363494007905,0.00560949802808115,0.00509705389685285,0.00340082217235367,0.00242922223612457,0.00105407620375103,0.000604220946687565,0.00065368520400467,0.000826285012978992,0.000545197713248096,0.000293278833577972,0.000692745974677839,0.000710894335881311,0.000422829075487332,0.000231467933097069,0.000463636570210611,0.000640937462573043,0.000372246570489721,8.85471269134608e-05,9.03820064882821e-05,0.000954605781117348,0.0011627816137476,0.000427521065830072,0,0.00049988322142657,0.00021960461399153,0.000203442054297129,0.000165937886287071,0.000366517467042301,0.000149626178837599,9.3851270149436e-05,0.000293200547602915,0.000243139879965685,0,0,0,0,0,0,0,0,0,0,0,0,0,0,0,0,0,0,0,0,0,0,0,0,0,0,0,0,0,0,0,0,0,0,0,0,0,0,0,0,0,0,0,0
0,0,0,0,0,0,0,0,0,0,0,0,0,0,0,0,0,0,0,7.7798748183523e-05,0.000696104682473646,0.000976249688415768,0.00207653890061446,0.00568434061042798,0.00728975145968195,0.00584260191160825,0.00224296571121971,0.00235811591181327,0.00223237918699607,0.00118628767853708,0.000636218097042484,0.00169433799979367,0.000338897041490211,0.000648434444913283,0.000819559801751195,7.22829286131999e-06,2.28526809647787e-05,0.000438796657041594,0.000218640980749444,0.000434486397561164,0.000669079436652427,0.000450006687053404,0.00025407074979874,0.00132978499133731,0.00125056091042156,0.000623794146712453,0.000333006761722456,0.000710575672616612,0.000248805139658229,0.000155027297573245,0.000322184694427277,0.000142875826466855,0.000299285258869727,0.00076072839634803,0.000142157687993578,0,0,0,0,0,0,0,0,0,0,0,0,0,0,0,0,0,0,0,0,0,0,0,0,0,0,0,0,0,0,0,0,0,0,0,0,0,0,0,0,0,0,0,0,0
0,0,0,0,0,0,0,0,0,0,0,0,0,0,0,0,0,0,0,0.000230508645740513,0.000761146037561821,0.000573062189972637,0.00104418855734974,0.00572100644115774,0.00404765887628727,0.00448852092241369,0.00338752346199397,0.0021305244079785,0.00265932501882095,0.00177461008832066,0.00233691889406777,0.000615798769746463,0.000593036322525645,0.000469569641077553,0.000237604713577088,0.000595844007368945,0.000157608596004502,0.000515036197079971,0.000925087950238388,0.000724572170903142,0.000199381589178717,0.000927798981057717,0.00101026976685801,0.00154796984102143,0.000987265501925226,0.000912924433326108,0.000444354889070204,0.000509566726854575,0.00102802933348927,0.000355024748216804,3.04263920622679e-05,4.93066218334724e-05,6.53901002055181e-05,0.000152218347563137,0.000291801369114022,9.46348580628613e-05,0,0,0,0,0,0,0,0,0,0,0,0,0,0,0,0,0,0,0,0,0,0,0,0,0,0,0,0,0,0,0,0,0,0,0,0,0,0,0,0,0,0,0,0
0,0,0,0,0,0,0,0,0,0,0,0,0,0,0,0,0,0,0,0,0.000306159648431678,0.000814860994524716,0.00285893342423216,0.00397292564157215,0.00333878069590188,0.0056936271054822,0.00293348981597055,0.0025679401373173,0.00225784443284235,0.00330695965947181,0.00189590004103159,0.00156804789918106,0.00137913968696675,0.000676459059699346,4.82312381808255e-05,0.000204602181586661,0.000213069412204768,0.000930647157367196,0.000177465430134411,0.000467991680938373,0.000189201674889743,0.000577060092757609,0.00118514246698932,0.000456837974968559,0.00111235507057957,0.000359655471852223,0.000622400457819051,0.000173300470893296,0.000666089481516952,0.000775085273180794,1.46509316825581e-05,0.000278062741685408,0.000191469120147649,2.55642418825753e-05,0.000573668738073101,0.000266314705382909,0,0,0,0,0,0,0,0,0,0,0,0,0,0,0,0,0,0,0,0,0,0,0,0,0,0,0,0,0,0,0,0,0,0,0,0,0,0,0,0,0,0,0,0
0,0,0,0,0,0,0,0,0,0,0,0,0,0,0,0,0,0,0,0,0.000853084737890954,0.00105914245077869,0.00190682437074313,0.00278533402290915,0.00345264751457826,0.00291416147990759,0.00279105389601709,0.00259169414614879,0.00220230311086499,0.00259283033265018,0.00218245444566333,0.00183557962546214,0.000829677540354423,0.00075288452942391,0.000470402930322871,0.000474650872043118,0.000442736273053496,0.000989767530142148,0.00027571983723502,0.000926614029977253,0.00046195095039069,9.27640367429579e-05,0.000622727199121484,0.000312359124306552,9.21224317576244e-05,0.000462834397316713,0.00039294024122378,0.000296093682760171,0.000219169430760388,0.00160527593663355,0.000508698416701142,0.00020379789288831,0.000720174661213521,0.000155991134756777,0.000276965674461341,0.000463001093864196,0,2.65589143728394e-05,5.75533875285669e-05,0,0,0,0,0,0,0,0,0,0,0,0,0,0,0,0,0,0,0,0,0,0,0,0,0,0,0,0,0,0,0,0,0,0,0,0,0,0,0,0,0
0,0,0,0,0,0,0,0,0,0,0,0,0,0,0,0,0,0,0,0,0.000205927427680446,0.000487455021735135,0.000729689466737243,0.0025153142655292,0.00314353577175871,0.003354558417568,0.00317264616094229,0.00327303502999002,0.00271753306760179,0.00191024023159888,0.00254120052541338,0.000896162161584248,0.00139769498038401,0.000600562603199152,0.000798604705809316,0.000554747232253791,0.000679110948318836,0.000347162111947737,0.000197149114609498,0.000393986290019659,0.000753249374755798,0.000496086041589831,7.16101447135949e-05,0.000453138084534918,0.000315408834861546,0.000254175014584199,0.000158636802847285,0.000427953502852959,0.000643405425009278,0.00094527372797976,0.000233294333542104,0.000390270045194097,0.000128341824617449,1.1797514320377e-05,7.72855869516139e-06,2.58850023464081e-05,0,0.000131318790626667,0.000284568907471926,0,0,0,0,0,0,0,0,0,0,0,0,0,0,0,0,0,0,0,0,0,0,0,0,0,0,0,0,0,0,0,0,0,0,0,0,0,0,0,0,0
0,0,0,0,0,0,0,0,0,0,0,0,0,0,0,0,0,0,0,0,0,0.000128622763816495,0.000627424079858335,0.00203290980799524,0.00269289994117154,0.00480917137836372,0.00318890286611492,0.00361984216306089,0.00242815011210914,0.000890357675677916,0.00125234035994169,0.000614391774199497,0.000587743968532262,0.000787290236240166,0.000775422196695526,0.000196507592496521,0.000409639550766227,0.000171732913676949,0.0015091038066636,0.000703103624856763,0.00045982742556131,6.5443625105676e-05,0.000482965130958606,0.000637088286875492,0.000851528314441295,4.03919913740949e-05,0.000261228561058994,0.000625024421736963,0.000375446849181728,0.000430400480972889,0.000118044171904404,0.000178315867555488,0.000604660080772178,0.000372923144723615,5.04179892285938e-05,0,0,0,0,0,0,0,0,0,0,0,0,0,0,0,0,0,0,0,0,0,0,0,0,0,0,0,0,0,0,0,0,0,0,0,0,0,0,0,0,0,0,0,0,0
0,0,0,0,0,0,0,0,0,0,0,0,0,0,0,0,0,0,0,0,0,0.000176829705950195,0.00129152753942608,0.00140833261897214,0.003362457440077,0.00394751370029947,0.00420535854392624,0.00409189073794379,0.00283392665263531,0.00248987433921632,0.00125391595770919,0.000568974711248337,0.000606013937698396,0.00052836897395096,0.000308412070723662,0.000914669565668792,0.000831063071399718,0.000574290113502983,0.000671840624730735,0.00100181193503432,0.00123713442568393,0.000458687150213574,0.000438489406975002,0.000648734191439517,0.000805216170803901,0.000286622069256685,0.00044266157812942,0.000104288350206995,0.00011416890163768,0.000486540130962075,0.0003988962000245,0.000586612500417302,0.00101097527526155,0.000211389622164028,0.000450220387999663,9.72975520965771e-05,0,0,0,0,0,0,0,0,0,0,0,0,0,0,0,0,0,0,0,0,0,0,0,0,0,0,0,0,0,0,0,0,0,0,0,0,0,0,0,0,0,0,0,0
0,0,0,0,0,0,0,0,0,0,0,0,0,0,0,0,0,0,0,0,0,1.61135409187135e-06,4.69881852699272e-05,0.000375451670002579,0.00141860124907291,0.00247028814721513,0.00496048530470247,0.00413627296620147,0.00352459711503556,0.00380008873139412,0.00136442225382928,0.00274718600922269,0.00151075363152205,0.000730305057625874,0.000819603022932426,0.000639689213810026,0.000420410762268567,0.000481730932249765,0.000566396825472635,0.000616618505373599,0.000639116775995528,0.000229996621312306,1.09046405977848e-05,5.45884766428843e-05,0.000413329460416568,0.00011190905438199,0.000809561375763992,0.000543836849773721,0,0.000360866693404932,0.000206174328916139,0.000299188536439879,0.000549120719847386,9.95256972855676e-05,0.00012375907963996,0.000225558240433213,0.000102340341558027,2.30557172941335e-05,0,0,0,0,0,0,0,0,0,0,0,0,0,0,0,0,0,0,0,0,0,0,0,0,0,0,0,0,0,0,0,0,0,0,0,0,0,0,0,0,0,0
0,0,0,0,0,0,0,0,0,0,0,0,0,0,0,0,0,0,0,0,0,0,0,0.000578159811138186,0.00134962543708367,0.0021787894072593,0.00293350627036646,0.00251941657548418,0.00396862736217116,0.00292138158785938,0.000628363228108672,0.000863826331682614,0.00134796677072131,0.000895530249186422,0.00126852534728495,0.000258257800696121,2.94644216455299e-05,0.000487956859844754,0.000444127390366738,0.000132275691849554,0.00018074347413437,0.000508417852622023,3.38889176833238e-05,0.00100618033783219,0.000511005764084364,5.37498514916638e-05,0.000810207012347941,0.00116305843866617,0.000637052771285633,0.000395795277168697,0.000424307428435258,0.000411591104663207,0.000457717289382663,0,4.38606646461007e-05,0.000189100694831904,0.000335292489164549,0.000183871753139505,0,0,0,0,0,0,0,0,0,0,0,0,0,0,0,0,0,0,0,0,0,0,0,0,0,0,0,0,0,0,0,0,0,0,0,0,0,0,0,0,0,0
0,0,0,0,0,0,0,0,0,0,0,0,0,0,0,0,0,0,0,0,0,0,0,0.000290360519735266,0.000698627297378067,0.00175936500290813,0.00295106972640522,0.00335040056426944,0.00346142394592487,0.00209755334636222,0.00184738152790457,0.000463131094310663,0.00141405739834282,0.000769330530594906,0.000721245767739743,0.00104919907620452,0.000570579738582676,0.000338315056232635,0.000417385664523103,0.000926465338571878,0.0010853350105104,0.00128364154575627,0.000524652186622429,0.000588367062499643,0.000232258410732533,0.000536970029587453,0.000937033017109858,0.000367786699548038,0.000361628548225789,0.000364765070474625,0.000338324365558986,0.000533897506861669,0.000845172670487534,0.000325130449031991,5.0276544941745e-05,0.000216762095580251,7.26919321225823e-05,0.000282747766721203,0,0,0,0,0,0,0,0,0,0,0,0,0,0,0,0,0,0,0,0,0,0,0,0,0,0,0,0,0,0,0,0,0,0,0,0,0,0,0,0,0,0
0,0,0,0,0,0,0,0,0,0,0,0,0,0,0,0,0,0,0,0,0,0,0,0,6.43965317686311e-06,0.000706499632479496,0.00209093849157532,0.00212642411694397,0.00239631627203382,0.00396134386787615,0.00239156773965075,0.00239185550202007,0.00137498648002536,0.000683873977902863,0.00106046367589424,0.000844069880626073,0.000473601294477205,0.000665243765837878,0.000496962436263952,0.000519045675733598,0.001868492230115,0.00123985941555894,0.000933446766601307,0.000769002388369056,0.000190440736853514,0.000205960808296549,7.88893051635069e-05,3.25956232274904e-05,0.000272936564369492,0.000104049746870831,0.000352859525943206,0.000478110069509058,0.000467982512073687,0.000277509775992379,0,0,0,0,0,0,0,0,0,0,0,0,0,0,0,0,0,0,0,0,0,0,0,0,0,0,0,0,0,0,0,0,0,0,0,0,0,0,0,0,0,0,0,0,0,0
0,0,0,0,0,0,0,0,0,0,0,0,0,0,0,0,0,0,0,0,0,0,0,7.8963917205393e-05,0.000197487809398331,2.68759287843546e-05,0.00098077012490258,0.00241552291659968,0.00296088015502019,0.00196409060302213,0.00251096872154823,0.00161438092030108,0.00141731997462847,0.00172180062797159,0.00164398632202941,0.00136864257461596,0.000903648136259884,0.00148155925954545,0.000671256518706432,0.000427679879836629,0.001492808561924,0.00153934379064203,0.00079401027295155,0.00109826519430334,0.00123826793658805,0.00019078188686639,7.89275115985054e-05,0.000452703039265681,0.000403440751345999,0.000513620583384052,0.000405133209400907,0.000571011366317036,0.00071145865051756,0.000500803535049422,0.000186634079575341,0.000250136044888603,0,0,0,0,0,0,0,0,0,0,0,0,0,0,0,0,0,0,0,0,0,0,0,0,0,0,0,0,0,0,0,0,0,0,0,0,0,0,0,0,0,0,0,0
0,0,0,0,0,0,0,0,0,0,0,0,0,0,0,0,0,0,0,0,0,0,0,6.38529104836281e-05,0.000159695362912647,4.45048972794846e-05,0.00121832975413411,0.00130843069818012,0.0021897930935043,0.00210396268961762,0.00159312900775572,0.000861787174068521,0.0010285427034413,0.000943804880458547,0.00145059885449028,0.0010814255546504,0.00101047136865315,0.00112791178235641,0.000577988495451819,0.00145076139181473,0.000962880053340112,0.00161168499728158,0.000791500053626841,0.000516163378012461,0.000296307653227782,0,0.000654482299489854,0.00096717354935273,0.000441049260557175,0.00121252050453589,0.0013513955887325,0.000384067157964727,0.000184086114531955,0.000111608328188803,6.35177712538859e-05,0.000227955000896482,0,0,0,0,0,0,0,0,0,0,0,0,0,0,0,0,0,0,0,0,0,0,0,0,0,0,0,0,0,0,0,0,0,0,0,0,0,0,0,0,0,0,0,0
0,0,0,0,0,0,0,0,0,0,0,0,0,0,0,0,0,0,0,0,0,0,0,0,0,7.31766685418522e-05,0.000766012799476919,0.000254032376456432,0.00206737117746593,0.00299034934246559,0.00247557079034211,0.00151013670898035,0.00278224416220607,0.00225034378121854,0.00156525379319665,0.00182966339541981,0.000285715347599942,0.00015944217134814,0.000906410032989637,0.000775436114929393,0.001985090949151,0.00148045561971637,0.000954029967134647,0.000836558087938697,0.000324222660440952,1.13824761443658e-05,0.00010595638208536,0.000318337216278578,0.000752914476273877,0.00142168817105109,0.000617462292448941,0.000621267857825619,0,0,0,0,0,0,0,0,0,0,0,0,0,0,0,0,0,0,0,0,0,0,0,0,0,0,0,0,0,0,0,0,0,0,0,0,0,0,0,0,0,0,0,0,0,0,0,0
0,0,0,0,0,0,0,0,0,0,0,0,0,0,0,0,0,0,0,0,0,0,0,0,0,0,1.70377382873277e-05,4.1993754901021e-05,0.000642035035840201,0.00116131035037434,0.0012122745957829,0.00139491305593222,0.000816399289404059,0.00158770379617525,0.00131268478365103,0.000659266229882831,0.00103529759065018,0.00132237167813123,0.0012503824456043,0.00123718398503806,0.00166512890460623,0.000758449548070332,0.000272653023428513,0.000148213517413451,0.000906397691831013,0.000876304335113883,7.20410306057931e-05,0.00075977420702163,0.00127600081141109,0.00036459400156546,0.000199372286326268,5.73925451796165e-05,0,0,0,0,0,0,0,0,0,0,0,0,0,0,0,0,0,0,0,0,0,0,0,0,0,0,0,0,0,0,0,0,0,0,0,0,0,0,0,0,0,0,0,0,0,0,0,0
0,0,0,0,0,0,0,0,0,0,0,0,0,0,0,0,0,0,0,0,0,0,0,0,0,0,0,2.23841472139805e-05,0.000435366342166882,0.000327709625906849,0.00119943284382245,0.00105584412525291,0.00189219373312681,0.00199903534705038,0.00186185741021208,0.00140602204546148,0.00102945543656798,0.000997430370152993,0.00110770563548756,0.000644082886988743,0.00111429742170585,0.000608178303035325,0.000938242963205197,0.000593419107317072,0.000683974751970514,0.000602473411923164,0.000339371916208678,0.000973403047643901,0.000450205660166334,0.000762272062434658,0.00022865091601203,0,0,0,0,0,0,0,0,0,0,0,0,0,0,0,0,0,0,0,0,0,0,0,0,0,0,0,0,0,0,0,0,0,0,0,0,0,0,0,0,0,0,0,0,0,0,0,0,0
0,0,0,0,0,0,0,0,0,0,0,0,0,0,0,0,0,0,0,0,0,0,0,0,0,0,0,0,0,4.72116202753864e-05,0.000759600547050569,0.000289489582586939,0.00157072303032104,0.0014771762173421,0.00229933038815563,0.00188156174291096,0.00136267095134787,0.00103552330197903,0.00124029701872272,0.000962928637382128,0.00139029184826398,0.000543945812357889,0.000437701057034993,0.000343237730275813,0.000331748953295616,0.000214646791693379,0.00019439661919163,0.000731675281038276,0.000234808062953274,0.0007215419505677,0.000359107176478361,0.000245604288605389,0,0,0,0,0,0,0,0,0,0,0,0,0,0,0,0,0,0,0,0,0,0,0,0,0,0,0,0,0,0,0,0,0,0,0,0,0,0,0,0,0,0,0,0,0,0,0,0
0,0,0,0,0,0,0,0,0,0,0,0,0,0,0,0,0,0,0,0,0,0,0,0,0,0,0,0,0,4.8096124390566e-07,0.000297099580526064,0.000594108471350791,0.000760609783493034,0.00106745050103734,0.00239589399566817,0.00166557895350964,0.00222263334425829,0.00193825959050802,0.00115553391526262,0.000538731079460415,0.000947040472203094,0.000561355809759036,0.000532229067706334,0.000825113412401826,0.000768480339973951,0.000288857263739314,3.98290617089275e-05,0.000142455883672305,0.000772711416110219,0.00019603251509208,2.20902366470153e-05,6.88377091258355e-06,0,0,0,0,0,0,0,0,0,0,0,0,0,0,0,0,0,0,0,0,0,0,0,0,0,0,0,0,0,0,0,0,0,0,0,0,0,0,0,0,0,0,0,0,0,0,0,0
0,0,0,0,0,0,0,0,0,0,0,0,0,0,0,0,0,0,0,0,0,0,0,0,0,0,0,0,0,0,2.54981414657604e-05,0.00019095851835907,6.18219578938886e-05,0.000296808212882948,0.000622454732661748,0.00106438822320611,0.000910135779935393,0.00129740220908404,0.000750206834102372,0.000716639628951871,0.000863997877812004,0.000340721206046941,0.000396011982025655,0.000538121785430545,0.000400246756752773,0.000563932404165048,0.000119632277319018,0.000134130740697738,0.000400798740520049,0.000274164371532718,2.23575956056427e-05,0,0,0,0,0,0,0,0,0,0,0,0,0,0,0,0,0,0,0,0,0,0,0,0,0,0,0,0,0,0,0,0,0,0,0,0,0,0,0,0,0,0,0,0,0,0,0,0,0
0,0,0,0,0,0,0,0,0,0,0,0,0,0,0,0,0,0,0,0,0,0,0,0,0,0,0,0,0,0,0,0,0,1.2221344051646e-06,0.000105114762586956,0.000179180624864095,0.000554743684497142,0.00120257684384384,0.000609483086189679,0.00096688939170525,0.000175928164655027,0.000167932185860193,0.000442992191222685,0.00098886568079624,0.00090075274427374,0.000287494762445436,6.62857620718823e-05,0,0,0,0,0,0,0,0,0,0,0,0,0,0,0,0,0,0,0,0,0,0,0,0,0,0,0,0,0,0,0,0,0,0,0,0,0,0,0,0,0,0,0,0,0,0,0,0,0,0,0,0,0
0,0,0,0,0,0,0,0,0,0,0,0,0,0,0,0,0,0,0,0,0,0,0,0,0,0,0,0,0,0,0,0,0,0,0.00027756610074381,8.59224493779484e-05,3.54683434966026e-05,0.000344370662404111,0.000238002881066502,0.000184788685363945,0.000149135671233992,0.000473006632521416,0.000452233631930906,0.000253869332891275,0.000626158687019846,1.04421340679944e-05,0,0,3.12833861758675e-05,0.000448328196308613,0,0,0,0,0,0,0,0,0,0,0,0,0,0,0,0,0,0,0,0,0,0,0,0,0,0,0,0,0,0,0,0,0,0,0,0,0,0,0,0,0,0,0,0,0,0,0,0,0,0
0,0,0,0,0,0,0,0,0,0,0,0,0,0,0,0,0,0,0,0,0,0,0,0,0,0,0,0,0,0,0,0,0,0,0,0,0,0,0.000233607223452894,0.000183826632575388,0.000284845212240734,0.000390313597069714,0.000193885389401486,4.33318938307381e-06,0,0,0,0,1.3298651699544e-06,1.90585523455652e-05,0,0,0,0,0,0,0,0,0,0,0,0,0,0,0,0,0,0,0,0,0,0,0,0,0,0,0,0,0,0,0,0,0,0,0,0,0,0,0,0,0,0,0,0,0,0,0,0,0,0
0,0,0,0,0,0,0,0,0,0,0,0,0,0,0,0,0,0,0,0,0,0,0,0,0,0,0,0,0,0,0,0,0,0,0,0,0,0,0,0,2.35062369114069e-05,1.46097456403872e-05,0,0,0,0,0,0,0,0,0,0,0,0,0,0,0,0,0,0,0,0,0,0,0,0,0,0,0,0,0,0,0,0,0,0,0,0,0,0,0,0,0,0,0,0,0,0,0,0,0,0,0,0,0,0,0,0,0,0
0,0,0,0,0,0,0,0,0,0,0,0,0,0,0,0,0,0,0,0,0,0,0,0,0,0,0,0,0,0,0,0,0,0,0,0,0,0,0,0,0,0,0,0,0,0,0,0,0,0,0,0,0,0,0,0,0,0,0,0,0,0,0,0,0,0,0,0,0,0,0,0,0,0,0,0,0,0,0,0,0,0,0,0,0,0,0,0,0,0,0,0,0,0,0,0,0,0,0,0
0,0,0,0,0,0,0,0,0,0,0,0,0,0,0,0,0,0,0,0,0,0,0,0,0,0,0,0,0,0,0,0,0,0,0,0,0,0,0,0,0,0,0,0,0,0,0,0,0,0,0,0,0,0,0,0,0,0,0,0,0,0,0,0,0,0,0,0,0,0,0,0,0,0,0,0,0,0,0,0,0,0,0,0,0,0,0,0,0,0,0,0,0,0,0,0,0,0,0,0
0,0,0,0,0,0,0,0,0,0,0,0,0,0,0,0,0,0,0,0,0,0,0,0,0,0,0,0,0,0,0,0,0,0,0,0,0,0,0,0,0,0,0,0,0,0,0,0,0,0,0,0,0,0,0,0,0,0,0,0,0,0,0,0,0,0,0,0,0,0,0,0,0,0,0,0,0,0,0,0,0,0,0,0,0,0,0,0,0,0,0,0,0,0,0,0,0,0,0,0
0,0,0,0,0,0,0,0,0,0,0,0,0,0,0,0,0,0,0,0,0,0,0,0,0,0,0,0,0,0,0,0,0,0,0,0,0,0,0,0,0,0,0,0,0,0,0,0,0,0,0,0,0,0,0,0,0,0,0,0,0,0,0,0,0,0,0,0,0,0,0,0,0,0,0,0,0,0,0,0,0,0,0,0,0,0,0,0,0,0,0,0,0,0,0,0,0,0,0,0
0,0,0,0,0,0,0,0,0,0,0,0,0,0,0,0,0,0,0,0,0,0,0,0,0,0,0,0,0,0,0,0,0,0,0,0,0,0,0,0,0,0,0,0,0,0,0,0,0,0,0,0,0,0,0,0,0,0,0,0,0,0,0,0,0,0,0,0,0,0,0,0,0,0,0,0,0,0,0,0,0,0,0,0,0,0,0,0,0,0,0,0,0,0,0,0,0,0,0,0
0,0,0,0,0,0,0,0,0,0,0,0,0,0,0,0,0,0,0,0,0,0,0,0,0,0,0,0,0,0,0,0,0,0,0,0,0,0,0,0,0,0,0,0,0,0,0,0,0,0,0,0,0,0,0,0,0,0,0,0,0,0,0,0,0,0,0,0,0,0,0,0,0,0,0,0,0,0,0,0,0,0,0,0,0,0,0,0,0,0,0,0,0,0,0,0,0,0,0,0
0,0,0,0,0,0,0,0,0,0,0,0,0,0,0,0,0,0,0,0,0,0,0,0,0,0,0,0,0,0,0,0,0,0,0,0,0,0,0,0,0,0,0,0,0,0,0,0,0,0,0,0,0,0,0,0,0,0,0,0,0,0,0,0,0,0,0,0,0,0,0,0,0,0,0,0,0,0,0,0,0,0,0,0,0,0,0,0,0,0,0,0,0,0,0,0,0,0,0,0
0,0,0,0,0,0,0,0,0,0,0,0,0,0,0,0,0,0,0,0,0,0,0,0,0,0,0,0,0,0,0,0,0,0,0,0,0,0,0,0,0,0,0,0,0,0,0,0,0,0,0,0,0,0,0,0,0,0,0,0,0,0,0,0,0,0,0,0,0,0,0,0,0,0,0,0,0,0,0,0,1.17771030247634e-06,0.000339365905301017,0,0,0,0,0,0,0,0,0,0,0,0,0,0,0,0,0,0
0,0,0,0,0,0,0,0,0,0,0,0,0,0,0,0,0,0,0,0,0,0,0,0,0,0,0,0,0,0,0,0,0,0,0,0,0,0,0,0,0,0,0,0,0,0,0,0,0,0,0,0,0,0,0,0,0,0,0,0,0,0,0,0,0,0,0,0,0,0,0,0,0,0,0,0,3.42168090834666e-05,4.30593684908668e-05,0,0,5.51451908345413e-07,0.000158904932488161,0,0,0,0,0,0,0,0,0,0,0,0,0,0,0,0,0,0
0,0,0,0,0,0,0,0,0,0,0,0,0,0,0,0,0,0,0,0,0,0,0,0,0,0,0,0,0,0,0,0,0,0,0,0,0,0,0,0,0,0,0,0,0,0,0,0,0,0,0,0,0,0,0,0,0,0,0,0,0,0,0,0,0,0,0,0,0,0,0,2.39875946446383e-05,0.000215187942587909,0,0,0,0.000187176187811034,0.000390629450226965,4.64957843981191e-05,6.05041990636804e-05,7.47771209221272e-05,0,0,0,0,0,0,0,0,0,0,0,0,0,0,0,0,0,0,0
0,0,0,0,0,0,0,0,0,0,0,0,0,0,0,0,0,0,0,0,0,0,0,0,0,0,0,0,0,0,0,0,0,0,0,0,0,0,0,0,0,0,0,0,0,0,0,0,0,0,0,0,0,0,0,0,0,0,0,0,0,0,0,0,0,0,0,0,0,0,0,2.61588269380076e-05,0.000234665635829445,0,0,0,0,0.000229588444387518,6.88339556020301e-05,0.000163119428610961,0.000201599251403232,0,0,0,0,0,0,0,0,0,0,0,0,0,0,0,0,0,0,0
0,0,0,0,0,0,0,0,0,0,0,0,0,0,0,0,0,0,0,0,0,0,0,0,0,0,0,0,0,0,0,0,0,0,0,0,0,0,0,0,0,0,0,0,0,0,0,0,0,0,0,0,0,0,0,0,0,0,0,0,0,0,0,0,0,0,0,0,0,0,0,0,0,0,0,0,0,0,0,0,0,0,0,0,0,0,0,0,0,0,0,0,0,0,0,0,0,0,0,0
0,0,0,0,0,0,0,0,0,0,0,0,0,0,0,0,0,0,0,0,0,0,0,0,0,0,0,0,0,0,0,0,0,0,0,0,0,0,0,0,0,0,0,0,0,0,0,0,0,0,0,0,0,0,0,0,0,0,0,0,0,0,0,0,0,0,0,0,0,0,0,0,0,0,0,0,0,0,0,0,0,4.75327993116447e-05,0.000252657583782247,0,0,0,0,0,0,0,0,0,0,0,0,0,0,0,0,0
0,0,0,0,0,0,0,0,0,0,0,0,0,0,0,0,0,0,0,0,0,0,0,0,0,0,0,0,0,0,0,0,0,0,0,0,0,0,0,0,0,0,0,0,0,0,0,0,0,0,0,0,0,0,0,0,0,0,0,0,0,0,0,0,0,0,0,0,0,0,0,0,0.000309785715529301,0.000146207970806145,0,0,0,0,0,0,0,3.16382900846098e-05,0.000168171326821499,0,0,0,0,0,0,0,0,0,0,0,0,0,0,0,0,0
0,0,0,0,0,0,0,0,0,0,0,0,0,0,0,0,0,0,0,0,0,0,0,0,0,0,0,0,0,0,0,0,0,0,0,0,0,0,0,0,0,0,0,0,0,0,0,0,0,0,0,0,0,0,0,0,0,0,0,0,0,0,0,0,0,0,0,0,0,4.2214903084139e-05,0.00028554514739263,0,2.98963072842897e-05,7.60220916578555e-05,1.58346413701742e-05,9.32746500717151e-07,0,0,0,0,0,0,0,0,0,0,0,0,0,0,0,0,0,0,0,0,0,0,0,0
0,0,0,0,0,0,0,0,0,0,0,0,0,0,0,0,0,0,0,0,0,0,0,0,0,0,0,0,0,0,0,0,0,0,0,0,0,0,0,0,0,0,0,0,0,0,0,0,0,0,0,0,0,0,0,0,0,0,0,0,0,0,0,0,0,0,0.000146617287419328,0.000277797590250062,2.53686707265938e-05,2.21841947051309e-05,0.0001500557548181,0,0,0.000365029955553772,0.000481673359656656,7.46172116410893e-05,0,0.000100255862254279,0.000341606852428008,0,0,0,0,0,0,0,0,0,0,0,0,0,0,0,0,0,0,0,0,0
0,0,0,0,0,0,0,0,0,0,0,0,0,0,0,0,0,0,0,0,0,0,0,0,0,0,0,0,0,0,0,0,0,0,0,0,0,0,0,0,0,0,0,0,0,0,0,0,0,0,0,0,0,0,0,0,0,0,0,0,0,0,0,0,0,0,4.98117567017038e-05,0.000360131364340409,0.000140273330561903,0,0,0,0.000301534859469806,8.0096301841534e-05,0,0,0,1.3190983251079e-05,4.49463020666339e-05,0,0,0,0,0,0,0,0,0,0,0,0,0,0,0,0,0,0,0,0,0
0,0,0,0,0,0,0,0,0,0,0,0,0,0,0,0,0,0,0,0,0,0,0,0,0,0,0,0,0,0,0,0,0,0,0,0,0,0,0,0,0,0,0,0,0,0,0,0,0,0,0,0,0,0,0,0,0,0,0,0,0,0,0.000356335862094985,1.44483415978932e-05,0,0,0,0,0,0,0,0,9.35257252498597e-05,7.16750410547804e-05,0.000124977807234895,0,0,0,0,0,0,0,0,0,0,0,0,0,0,0,0,0,0,0,0,0,0,0,0,0
0,0,0,0,0,0,0,0,0,0,0,0,0,0,0,0,0,0,0,0,0,0,0,0,0,0,0,0,0,0,0,0,0,0,0,0,0,0,0,0,0,0,0,0,0,0,0,0,0,0,0,0,0,0,0,0,0,0,0,0,0,0,0.000133005966315572,2.48530893155636e-05,0,0,0.000122156901220165,0.000293539041120248,0,0,0,0.000109935375470349,3.96324517737921e-05,8.9458159952773e-05,0.000238732105196352,0,0,0,0,0,0,0,0,0,0,0,0,0,0,0,0,0,0,0,0,0,0,0,0,0
0,0,0,0,0,0,0,0,0,0,0,0,0,0,0,0,0,0,0,0,0,0,0,0,0,0,0,0,0,0,0,0,0,0,0,0,0,0,0,0,0,0,0,0,0,0,0,0,0,0,0,0,0,0,0,0,0,0,0,0,0,0,0.000145230466865388,0.000326126273810599,0,0,2.47736900822283e-05,5.95303675773586e-05,0,0,0,0.000257574728460292,9.28574442955667e-05,0,0,0,0,0,0,0,0,0,0,0,0,0,0,0,0,0,0,0,0,0,0,0,0,0,0,0
0,0,0,0,0,0,0,0,0,0,0,0,0,0,0,0,0,0,0,0,0,0,0,0,0,0,0,0,0,0,0,0,0,0,0,0,0,0,0,0,0,0,0,0,0,0,0,0,0,0,0,0,0,0,0,0,0,0,0,0,0,0,0,0,0,0,0,7.87306879235426e-07,0.000356819844975544,0,0,0,0.000271174855644377,0.000121261725137591,0,0,0,0,0,0,0,0,0,0,0,0,0,0,0,0,0,0,0,0,0,0,0,0,0,0
0,0,0,0,0,0,0,0,0,0,0,0,0,0,0,0,0,0,0,0,0,0,0,0,0,0,0,0,0,0,0,0,0,0,0,0,0,0,0,0,0,0,0,0,0,0,0,0,0,0,0,0,0,0,0,0,0,0,0,0,0,0,0,0,0,0,0.000121749111337771,0.000310141072015102,0.000142079356459394,0,0,0,7.43266456479269e-05,3.32367735701048e-05,0,0,0,0,0,0,0,0,0,0,0,0,0,0,0,0,0,0,0,0,0,0,0,0,0,0
0,0,0,0,0,0,0,0,0,0,0,0,0,0,0,0,0,0,0,0,0,0,0,0,0,0,0,0,0,0,0,0,0,0,0,0,0,0,0,0,0,0,0,0,0,0,0,0,0,0,0,0,0,0,0,0,0,0,0,0,0,0,0,0.000123565709630182,0.000643689872568166,0.000207219323665701,1.93024256063258e-05,4.91208827266273e-05,0,0,0,0,0,0,0,0,0,0,0,0,0,0,0,0,0,0,0,0,0,0,0,0,0,0,0,0,0,0,0,0
0,0,0,0,0,0,0,0,0,0,0,0,0,0,0,0,0,0,0,0,0,0,0,0,0,0,0,0,0,0,0,0,0,0,0,0,0,0,0,0,0,0,0,0,0,0,0,0,0,0,0,0,0,0,0,0,0,0,0,0,0,0,0,1.76887210841709e-06,1.58086033554184e-05,7.94761867211516e-06,0,0,0,0,0,0,0,0,0,0,0,0,0,0,0,0,0,0,0,0,0,0,0,0,0,0,0,0,0,0,0,0,0,0
0,0,0,0,0,0,0,0,0,0,0,0,0,0,0,0,0,0,0,0,0,0,0,0,0,0,0,0,0,0,0,0,0,0,0,0,0,0,0,0,0,0,0,0,0,0,0,0,0,0,0,0,0,0,0,0,0,0,0,0,0,0,0,0,0,0,0,0,0,0,0,0,0,0,0,0,0,0,0,0,0,0,0,0,0,0,0,0,0,0,0,0,0,0,0,0,0,0,0,0
0,0,0,0,0,0,0,0,0,0,0,0,0,0,0,0,0,0,0,0,0,0,0,0,0,0,0,0,0,0,0,0,0,0,0,0,0,0,0,0,0,0,0,0,0,0,0,0,0,0,0,0,0,0,0,0,0,0,0,0,0,0,0,0,0,0,0,0,0,0,0,0,0,0,0,0,0,0,0,0,0,0,0,0,0,0,0,0,0,0,0,0,0,0,0,0,0,0,0,0
0,0,0,0,0,0,0,0,0,0,0,0,0,0,0,0,0,0,0,0,0,0,0,0,0,0,0,0,0,0,0,0,0,0,0,0,0,0,0,0,0,0,0,0,0,0,0,0,0,0,0,0,0,0,0,0,0,0,0,0,0,0,0,0,0,0,0,0,0,0,0,0,0,0,0,0,0,0,0,0,0,0,0,0,0,0,0,0,0,0,0,0,0,0,0,0,0,0,0,0
0,0,0,0,0,0,0,0,0,0,0,0,0,0,0,0,0,0,0,0,0,0,0,0,0,0,0,0,0,0,0,0,0,0,0,0,0,0,0,0,0,0,0,0,0,0,0,0,0,0,0,0,0,0,0,0,0,0,0,0,0,0,0,0,0,0,0,0,0,0,0,0,0,0,0,0,0,0,0,0,0,0,0,0,0,0,0,0,0,0,0,0,0,0,0,0,0,0,0,0
0,0,0,0,0,0,0,0,0,0,0,0,0,0,0,0,0,0,0,0,0,0,0,0,0,0,0,0,0,0,0,0,0,0,0,0,0,0,0,0,0,0,0,0,0,0,0,0,0,0,0,0,0,0,0,0,0,0,0,0,0,0,0,0,0,0,0,0,0,0,0,0,0,0,0,0,0,0,0,0,0,0,0,0,0,0,0,0,0,0,0,0,0,0,0,0,0,0,0,0
0,0,0,0,0,0,0,0,0,0,0,0,0,0,0,0,0,0,0,0,0,0,0,0,0,0,0,0,0,0,0,0,0,0,0,0,0,0,0,0,0,0,0,0,0,0,0,0,0,0,0,0,0,0,0,0,0,0,0,0,0,0,0,0,0,0,0,0,0,0,0,0,0,0,0,0,0,0,0,0,0,0,0,0,0,0,0,0,0,0,0,0,0,0,0,0,0,0,0,0
