0,0,0,0,0,0,0,0,0,0,0,0,0,0,0,0,0,0,0,0,0,0,0,0,0,0,0,0,0,0,0,0,0,0,0,0,0,0,0,0,0,0,0,0,0,0,0,0,0,0,0,0,0,0,0,0,0,0,0,0,0,0,0,0,0,0,0,0,0,0,0,0,0,0,0,0,0,0,0,0,0,0,0,0,0,0,0,0,0,0,0,0,0,0,0,0,0,0,0,0
0,0,0,0,0,0,0,0,0,0,0,0,0,0,0,0,0,0,0,0,0,0,0,0,0,0,0,0,0,0,0,0,0,0,0,0,0,0,0,0,0,0,0,0,0,0,0,0,0,0,0,0,0,0,0,0,0,0,0,0,0,0,0,0,0,0,0,0,0,0,0,0,0,0,0,0,0,0,0,0,0,0,0,0,0,0,0,0,0,0,0,0,0,0,0,0,0,0,0,0
0,0,0,0,0,0,0,0,0,0,0,0,0,0,0,0,0,0,0,0,0,0,0,0,0,0,0,0,0,0,0,0,0,0,0,0,0,0,0,0,0,0,0,0,0,0,0,0,0,0,0,0,0,0,0,0,0,0,0,0,0,0,0,0,0,0,0,0,0,0,0,0,0,0,0,0,0,0,0,0,0,0,0,0,0,0,0,0,0,0,0,0,0,0,0,0,0,0,0,0
0,0,0,0,0,0,0,0,0,0,0,0,0,0,0,0,0,0,0,0,0,0,0,0,0,0,0,0,0,0,0,0,0,0,0,0,0,0,0,0,0,0,0,0,0,0,0,0,0,0,0,0,0,0,0,0,0,0,0,0,0,0,0,0,0,0,0,0,0,0,0,0,0,0,0,0,0,0,0,0,0,0,0,0,0,0,0,0,0,0,0,0,0,0,0,0,0,0,0,0
0,0,0,0,0,0,0,0,0,0,0,0,0,0,0,0,0,0,0,0,0,0,0,0,0,0,0,0,0,0,0,0,0,0,0,0,0,0,0,0,0,0,0,0,0,0,0,0,0,0,0,0,0,0,0,0,0,0,0,0,0,0,0,0,0,0,0,0,0,0,0,0,0,0,0,0,0,0,0,0,0,0,0,0,0,0,0,0,0,0,0,0,0,0,0,0,0,0,0,0
0,0,0,0,0,0,0,0,0,0,0,0,0,0,0,0,0,0,0,0,0,0,0,0,0,0,0,0,0,0,0,0,0,0,0,0,0,0,0,0,0,0,0,0,0,0,0,0,0,0,0,0,0,0,0,0,0,0,0,0,0,0,0,0,0,0,0,0,0,0,0,0,0,0,0,0,0,0,0,0,0,0,0,0,0,0,0,0,0,0,0,0,0,0,0,0,0,0,0,0
0,0,0,0,0,0,0,0,0,0,0,0,0,0,0,0,0,0,0,0,0,0,0,0,0,0,0,0,0,0,0,0,0,0,0,0,0,0,0,0,0,0,0,0,0,0,0,0,0,0,0,0,0,0,0,0,0,0,0,0,0,0,0,0,0,0,0,0,0,0,0,0,0,0,0,0,0,0,0,0,0,0,0,0,0,0,0,0,0,0,0,0,0,0,0,0,0,0,0,0
0,0,0,0,0,0,0,0,0,0,0,0,0,0,0,0,0,0,0,0,0,0,0,0,0,0,0,0,0,0,0,0,0,0,0,0,0,0,0,0,0,0,0,0,0,0,0,0,0,0,0,0,0,0,0,0,0,0,0,0,0,0,0,0,0,0,0,0,0,0,0,0,0,0,0,0,0,0,0,0,0,0,0,0,0,0,0,0,0,0,0,0,0,0,0,0,0,0,0,0
0,0,0,0,0,0,0,0,0,0,0,0,0,0,0,0,0,0,0,0,0,0,0,0,0,0,0,0,0,0,0,0,0,0,0,0,0,0,0,0,0,0,0,0,0,0,0,0,0,0,0,0,0,0,0,0,0,0,0,0,0,0,0,0,0,0,0,0,0,0,0,0,0,0,0,0,0,0,0,0,0,0,0,0,0,0,0,0,0,0,0,0,0,0,0,0,0,0,0,0
0,0,0,0,0,0,0,0,0,0,0,0,0,0,0,0,0,0,0,0,0,0,0,0,0,0,0,0,0,0,0,0,0,0,0,0,0,0,0,0,0,0,0,0,0,0,0,0,0,0,0,0,0,0,0,0,0,0,0,0,0,0,0,0,0,0,0,0,0,0,0,0,0,0,0,0,0,0,0,0,0,0,0,0,0,0,0,0,0,0,0,0,0,0,0,0,0,0,0,0
0,0,0,0,0,0,0,0,0,0,0,0,0,0,0,0,0,0,0,0,0,0,0,0,0,0,0,0,0,0,0,0,0,0,0,0,0,0,0,0,0,0,0,0,0,0,0,0,0,0,0,0,0,0,0,0,0,0,0,0,0,0,0,0,0,0,0,0,0,0,0,0,0,0,0,0,0,0,0,0,0,0,0,0,0,0,0,0,0,0,0,0,0,0,0,0,0,0,0,0
0,0,0,0,0,0,0,0,0,0,0,0,0,0,0,0,0,0,0,0,0,0,0,0,0,0,0,0,0,0,0,0,0,0,0,0,0,0,0,0,0,0,0,0,0,0,0,0,0,0,0,0,0,0,0,0,0,0,0,0,0,0,0,0,0,0,0,0,0,0,0,0,0,0,0,0,0,0,0,0,0,0,0,0,0,0,0,0,0,0,0,0,0,0,0,0,0,0,0,0
0,0,0,0,0,0,0,0,0,0,0,0,0,0,0,0,0,0,0.000110708809985658,4.72517024135188e-05,0,0,0,0,0.000145474782405855,0.00023083252347542,0,0,0,0,0,0,0,0,0,0,0,0,0,0,0,0,0,0,0,0,0,0,0,0,0,0,0,0,0,0,0,0,0,0,0,0,0,0,0,0,0,0,0,0,0,0,0,0,0,0,0,0,0,0,0,0,0,0,0,0,0,0,0,0,0,0,0,0,0,0,0,0,0,0
0,0,0,0,0,0,0,0,0,0,0,0,0,0,0,0,0,0,0.000520272594224244,0.000145246659208679,0.000112474907070279,0.000133011798567925,0.000345186131680959,0.000150712397543061,0.000507248448847098,7.58749465467643e-05,0,0.000443134133496105,0.000425299419047428,0,0.000156900460286673,6.34663078913112e-05,0,0,0,0,0,0,0,0,0,0,0,0,0,0,0,0,0,0,0,0,0,0,0,0,0,0,0,0,0,0,0,0,0,0,0,0,0,0,0,0,0,0,0,0,0,0,0,0,0,0,0,0,0,0,0,0,0,0,0,0,0,0,0,0,0,0,0,0
0,0,0,0,0,0,0,0,0,0,0,0,0,0,0,0,0,7.01233173163585e-07,0.000767275951510129,0.000229071062561206,0.000792898908844089,0.000505783246261175,0.00127546078756253,0.000830968031484084,0.000298212727009059,0.00048454125021637,0.000463399349509037,0.00127803118954338,0.000492116431722327,6.52582811180503e-05,0.000328291651717793,0.000344371651721226,0.000257949889798157,7.88152972387879e-05,5.70258351972929e-05,0,0,0,0,0,0,0,0,0,0,0,0,0,0,0,0,0,0,0,0,0,0,0,0,0,0,0,0,0,0,0,0,0,0,0,0,0,0,0,0,0,0,0,0,0,0,0,0,0,0,0,0,0,0,0,0,0,0,0,0,0,0,0,0,0
0,0,0,0,0,0,0,0,0,0,0,0,0,0,0,0,0,0.000164104779514949,0.000785878652743895,0.00110568256220424,0.00129408507073372,0.00185306378239075,0.00329898159630669,0.0021675878268584,0.00334325785036872,0.00265651712277344,0.00102692064282825,0.0015771327860538,0.00166567003926655,0.000877082676704781,0.000923497532815228,0.000682453126499638,0.000740159564502028,0.000508722189296522,0.000526825464565823,0.00018129452488169,0.000193507407837765,8.12596094369367e-06,0,0,0,0,0,0,0,0,0,0,0,0,0,0,0,0,0,0,0,0,0,0,0,0,0,0,0,0,0,0,0,0,0,0,0,0,0,0,0,0,0,0,0,0,0,0,0,0,0,0,0,0,0,0,0,0,0,0,0,0,0,0
0,0,0,0,0,0,0,0,0,0,0,0,0,0,0,0,0,0.00135191102092368,0.00212286493947005,0.00305696680045509,0.00306878959170135,0.00255823703833603,0.00451008300574925,0.00308964440975864,0.00321795322583059,0.00346744032816097,0.00500945470653577,0.00356942126385169,0.00304663413605716,0.00163819757088754,0.00259545964802041,0.0022722596387152,0.00217126501642592,0.00105948143830828,0.00120165151855196,0.00123155030953598,0.000720996927608883,0.000709637973233337,0,0,0,0,0,0,0,0,0,0,0,0,0,0,0,0,0,0,0,0,0,0,0,0,0,0,0,0,0,0,0,0,0,0,0,0,0,0,0,0,0,0,0,0,0,0,0,0,0,0,0,0,0,0,0,0,0,0,0,0,0,0
0,0,0,0,0,0,0,0,0,0,0,0,0,0,0.000261738859682956,0.000649136525440527,0.00027096471123451,0.00169953495672445,0.00313859079729325,0.0031376679224347,0.00450923607051498,0.00362682386986392,0.00457511463211517,0.00521910920680432,0.00363587266498023,0.00339033359460203,0.00449534918539422,0.00424989556864841,0.00347681629365029,0.0022489285156673,0.00267102954434496,0.00231592620903995,0.00206849433731934,0.00133112981663335,0.000650713361721353,0.00104077787202012,0.00114374720009701,0.000913358391302056,0.000128065725465822,0,0.000397551568655873,0.000141991664122118,5.7220744509553e-05,0,0,0,0,0,0,0,0,0,0,0,0,0,0,0,0,0,0,0,0,0,0,0,0,0,0,0,0,0,0,0,0,0,0,0,0,0,0,0,0,0,0,0,0,0,0,0,0,0,0,0,0,0,0,0,0,0
0,0,0,0,0,0,0,0,0,0,0,0,0,0,0.000201457566933088,0.000371331473267244,0.00210008212028679,0.00434354351357782,0.00419783449789993,0.00409877730849773,0.00452738148867905,0.00542854074074049,0.00501146153433131,0.00336447223561032,0.00284182938247947,0.00380475695221736,0.00369389476787163,0.00411629635565919,0.00245909897543817,0.00193686087547666,0.0022351333276602,0.00236062528377558,0.00210662317496948,0.00217267020440649,0.00149260181377641,0.00110058380454802,0.00200009884685638,0.00136924648341747,0.000627510436883253,0.000738354121764373,0.000373329413241615,0.000222472607549926,0.000132936637206961,0,0,0,0,0,0,0,0,0,0,0,0,0,0,0,0,0,0,0,0,0,0,0,0,0,0,0,0,0,0,0,0,0,0,0,0,0,0,0,0,0,0,0,0,0,0,0,0,0,0,0,0,0,0,0,0,0
0,0,0,0,0,0,0,0,0,0,0,0,0,0,0.000507656655380481,0.00167087396414813,0.00221420425154296,0.00424489998244764,0.00581649188474767,0.00518430360708933,0.00439656737046981,0.00551853760851409,0.00663084250845221,0.00252113456962417,0.00276718744695197,0.00392805144504945,0.00338919960230296,0.00343582719625927,0.00241550976165143,0.0017058241792497,0.00203893949785704,0.00166625508626612,0.00205884095289484,0.00158249373071526,0.00109761513466395,0.000980928871377668,0.00190578581263137,0.00152570679896581,0.000994299007757851,0.00123594827992392,0.000504358834478648,0.000403411929266961,0.000201704928160288,0,0,0,0,0,0,0,0,0,0,0,0,0,0,0,0,0,0,0,0,0,0,0,0,0,0,0,0,0,0,0,0,0,0,0,0,0,0,0,0,0,0,0,0,0,0,0,0,0,0,0,0,0,0,0,0,0
0,0,0,0,0,0,0,0,0,0,0,0,0,0.000225243087975375,0.000444569298430094,0.00171527383240801,0.00349517224860443,0.0038228966707377,0.00600637611881022,0.00695453816130904,0.00588807895252844,0.00467864089992724,0.00484345139909208,0.0051574543688693,0.00379222102983385,0.00282376580232043,0.00179968223180847,0.00156413587408188,0.00123003552439955,0.00189632941194251,0.00109459920262847,0.000624879866187527,0.00154362794815361,0.00170239955313503,0.00180223917574359,0.00177053470780174,0.00205805277161855,0.00055697850682882,0.00077901597159585,0.00109572866341109,0.000896779430833772,0.000876313633271664,0.000358393791933865,6.66790760001908e-05,0,0,0,0,0,0,0,0,0,0,0,0,0,0,0,0,0,0,0,0,0,0,0,0,0,0,0,0,0,0,0,0,0,0,0,0,0,0,0,0,0,0,0,0,0,0,0,0,0,0,0,0,0,0,0,0
0,0,0,0,0,0,0,0,0,0,0,0,0,0.000522368510765899,0.000370796810728776,0.000773127891891286,0.00306986163754511,0.00620306912547782,0.00620949095732903,0.00446497789843575,0.00329034653348906,0.00402391534388932,0.00356437528590302,0.00541855220680609,0.00401200768655853,0.00230677744230657,0.00144596470853486,0.00186555722816861,0.000584382511562024,0.00101380471219606,0.000552381125427844,0.000299353147843291,0.00076901205630545,0.00134848006100402,0.00115723055701074,0.00105693079959618,0.00145546359123744,0.000692552325534556,0.000256714009054896,0.000198843712106093,0.000907730639505454,0.00128070533681775,0.000358763283081718,8.74581293930782e-05,0,0,0,0,0,0,0,0,0,0,0,0,0,0,0,0,0,0,0,0,0,0,0,0,0,0,0,0,0,0,0,0,0,0,0,0,0,0,0,0,0,0,0,0,0,0,0,0,0,0,0,0,0,0,0,0
0,0,0,0,0,0,0,0,0,0,0,0,0,0.000747886334993003,0.000578286401364205,0.00189577301825537,0.00477086424777574,0.00635337752374492,0.0051063893990038,0.00405473616762383,0.00330061086692791,0.00376303330856918,0.0039231033293531,0.00393920714234937,0.00298230201590625,0.00206674200406212,0.00176806893104722,0.00133266465470497,0.000300977164759608,0.000775792891308985,0.000345152836935785,0.000238492766624321,0.000359043008149489,0.000334407950293648,0.000243565974483063,0.000828730699934054,0.00148066058277103,0.000749460586421326,0,0.00108221211105044,0.00175630302618397,0.000406057234516582,0.000305184629676607,7.92863931798602e-05,0.000408952260403055,0.000306392571704721,0.000171647235494383,0,0,0,0,0,0,0,0,0,0,0,0,0,0,0,0,0,0,0,0,0,0,0,0,0,0,0,0,0,0,0,0,0,0,0,0,0,0,0,0,0,0,0,0,0,0,0,0,0,0,0,0,0
0,0,0,0,0,0,0,0,0,0,0,0,5.77281922668994e-05,0.000381337498543318,0.00116336681503123,0.00253525183497705,0.00429862492331123,0.00417845538472647,0.0058372189122355,0.00495547023313422,0.00519175874537533,0.00346946598258507,0.00342771471298717,0.00611126308863357,0.00326695889461864,0.00288840539392756,0.00140345139484278,0.0013828800923344,0.000748401443728407,0.00144175733148165,0.000977508934181359,0.000980144419467862,0.00079075954019514,0.000240381454736958,0.000429708364639204,0.00115336709893393,0.00091149708831057,0.000540471982223918,8.6653843026861e-05,0.000808055417077055,0.00130375437206682,0.000866763590456302,0.000354324283255463,0.000496796361561316,0.000240428395623835,1.40750620472813e-05,1.29855727145841e-05,2.51019608383554e-05,0,0,0,0,0,0,0,0,0,0,0,0,0,0,0,0,0,0,0,0,0,0,0,0,0,0,0,0,0,0,0,0,0,0,0,0,0,0,0,0,0,0,0,0,0,0,0,0,0,0,0,0
0,0,0,0,0,0,0,0,0,0,0,0,5.51409058146849e-05,0.00051177276337152,0.00105435925087755,0.00270157838172311,0.00304354520394707,0.00291677866645414,0.00373605663003874,0.00237350883929371,0.00224971523859961,0.00154695728019221,0.00223826368454635,0.0042559266921323,0.0044896773048633,0.00340634054611945,0.00133061154921427,0.000785023264749593,0.000543015959307364,0.00149362841238971,0.000687602725510865,0.000409905405539099,0.000722243922337559,0.000319108665479,0.000163281186555975,0.000219436153006214,0.000622320005070554,0.000891592971669691,0.000218728003576398,0.000755777530640393,0.000481089084932399,0.00111810349781501,0.00114201659425822,0.000516371805792468,0.000236004773442288,0.000236824699118567,0.000310700643320051,0.000390460353940718,0,0,0,0,0,0,0,0,0,0,0,0,0,0,0,0,0,0,0,0,0,0,0,0,0,0,0,0,0,0,0,0,0,0,0,0,0,0,0,0,0,0,0,0,0,0,0,0,0,0,0,0
0,0,0,0,0,0,0,0,0,0,0,0.000255655694170483,0.000162121898062735,0.000402431366453123,0.00096029162370338,0.00317251618926151,0.00308221344117503,0.00277410100912179,0.00387748097681451,0.00307175163275425,0.00243082773263118,0.00156472993344406,0.00255344438156168,0.00333354040855544,0.00241168424753731,0.00236708471603541,0.00150434295283178,0.00102459594629145,0.000825997675176657,0.000759329123509583,0.000632774490881057,6.77688062359262e-05,0.000107909513909322,0.000291567077554373,0.00142655434654632,0.00091893933066047,0.00109118385981987,0.00142962905457446,0.000506587566584755,6.11836964971262e-05,0.000418629235939575,0.000742578271647392,0.0013277177956937,0.000650677356628164,0.000169731483263943,0.000401012328995786,1.57204114100961e-05,0,0,0,0,0,0,0,0,0,0,0,0,0,0,0,0,0,0,0,0,0,0,0,0,0,0,0,0,0,0,0,0,0,0,0,0,0,0,0,0,0,0,0,0,0,0,0,0,0,0,0,0,0
0,0,0,0,0,0,0,0,0,0,0,0.0001195292310315,3.97645238643702e-05,0,0.00108913654669559,0.00306555100799543,0.00442662499425347,0.00473480073246954,0.00456912484170192,0.00447646195845371,0.0033206809959336,0.0020779900566442,0.00176974638810328,0.0018119732705082,0.00222059602853639,0.00157021698717848,0.00170557798001972,0.000562441349190299,0.000269486372332166,0.000293991693037367,0.000443527084266916,0.000323580772955185,0.000121386733369019,3.42801891225088e-05,0.000501627653492511,0.000244085158656105,0.0010123918142901,0.000643620120332299,0.000613828278834258,5.54929520826907e-05,0.000433941756371489,0.000464841405387763,0.000942561444661065,0.000974975500787833,0.00033492742660821,6.03792895521062e-06,0,0,0,0,0,0,0,0,0,0,0,0,0,0,0,0,0,0,0,0,0,0,0,0,0,0,0,0,0,0,0,0,0,0,0,0,0,0,0,0,0,0,0,0,0,0,0,0,0,0,0,0,0,0
0,0,0,0,0,0,0,0,0,0,0,0,0,7.95089166878486e-05,0.00046873101065822,0.00203016442008998,0.00236120095695289,0.00301252568086066,0.0045166874074657,0.00174388979609686,0.00127755200209781,0.000564684191167341,0.00146323059891056,0.0013785668748574,0.00104445445888609,0.000716216126359887,0.000957252354801136,0.000437597851520431,0.000135108068108924,0.000461459819933419,0.000238057206183023,7.17736776445489e-05,0.000899223683547371,0.000451011528874571,0.000509470945844886,0.000594644876996866,0.0010043760954618,0.000324978924493149,0.000907847372586588,0.000471996809587041,0.000965673333406106,0.000541675949768567,0.000655852421838663,0.00052888449004357,7.10223553383875e-05,1.84811310003817e-05,0.000237499427837775,0,0,0,0,0,0,0,0,0,0,0,0,0,0,0,0,0,0,0,0,0,0,0,0,0,0,0,0,0,0,0,0,0,0,0,0,0,0,0,0,0,0,0,0,0,0,0,0,0,0,0,0,0
0,0,0,0,0,0,0,0,0,0,0,0,0,0.000366745052286834,0.00117902665401018,0.00246469884223772,0.00193202394747666,0.00172211290333459,0.00299561084176785,0.00175597451204121,0.000704910077060771,0.00104423572107259,0.000387291078991567,0.000238134997151866,0.000920693127538918,0.00085585327589756,0.000543639327506352,0.000359692867415453,0.000974866600673063,0.000409477396852814,0.00036068528444442,0.000251748608536666,0.000521725249171519,0.000741599452213963,0.000859796886664489,0.000736440718080592,0.000647658805500651,0.000115850266882789,7.06990395249911e-05,0.00063391883522638,0.000667521601807051,0.00037827724592002,0.000423534772560156,0.00120488129222988,4.05836266219486e-06,0.000108943821870825,0.000451670158040906,0,0,0,0,0,0,0,0,0,0,0,0,0,0,0,0,0,0,0,0,0,0,0,0,0,0,0,0,0,0,0,0,0,0,0,0,0,0,0,0,0,0,0,0,0,0,0,0,0,0,0,0,0
0,0,0,0,0,0,0,0,0,0,0,0,0,3.87831217356735e-05,0.000644924222968711,0.00168485566692651,0.00385866260665648,0.00235695106951134,0.00262293822423937,0.00162989092613182,0.0005758289114565,0.0010210585453872,0.000221037439049214,0.000235142754663021,0.00099330595331448,0.000731676983805288,0.000241582637807766,0.000821750286379069,0.000580529855183836,7.50902981968205e-05,0.000108138910555201,0.000422029109741207,0.000682513895592218,0.000612994238235672,0.000412940786861802,0.000197058814447925,0.000167785169355134,0.000578918890778376,0.000283755503761487,0.000653904502495472,0.000311909813849787,0.000787862949863287,0.000570993620027452,0.000505321691296515,0.000277712384014537,0.000287639086493532,0.000313476797909919,0,0,0,0,0,0,0,0,0,0,0,0,0,0,0,0,0,0,0,0,0,0,0,0,0,0,0,0,0,0,0,0,0,0,0,0,0,0,0,0,0,0,0,0,0,0,0,0,0,0,0,0,0
0,0,0,0,0,0,0,0,0,0,0,0,0,0.000156416289788871,0.000775609343759137,0.00186435684040803,0.00183561930892577,0.00230498850426986,0.00189186913189716,0.0022358492709473,0.00114004708090839,0.0010984296730503,0.000850636095613391,0.000368024998475274,0.000143387014372863,0.000397879391695635,0.000471241724650988,0.000916824117659109,0.000458304032881501,4.90982334551446e-05,0.000522379436655946,0.000539644388841237,0.000335025635135485,9.30920927698865e-05,0,0.000418650010726964,0.000290338464579556,0.000146300428655019,0.000346295949701893,0.00112372102436827,0.000257257904980375,0.000952994049087821,0.000648867024304041,0.00096959794609766,0.000482730743263799,0.000123084720936774,0.000230484144885716,0,4.74686523728635e-05,3.51450547635859e-06,0,0,0,0,0,0,0,0,0,0,0,0,0,0,0,0,0,0,0,0,0,0,0,0,0,0,0,0,0,0,0,0,0,0,0,0,0,0,0,0,0,0,0,0,0,0,0,0,0,0
0,0,0,0,0,0,0,0,0,0,0,0,0,0.000444370063533739,0.000288566646374284,0.00108014687519533,0.00152467153214874,0.00210520765922505,0.0019769873869549,0.000841311059448106,0.00054374560408189,0.000810139713397006,0.000215300116660074,0.000283280956936657,0.000212240788759124,0.000443347908744357,0.000861012895002645,0.00109605963902128,0.00144359131500287,0.000376785493008309,0.000345474546562714,0.000216520687003746,0.000125810880881464,0.000117804377151246,0.000202708511374867,0.000739312934756221,0.00076017627235982,0.000583859748887745,0.000688194562015285,0.000937562355415465,0.000676623506365597,3.25075726133693e-05,6.8190247291685e-05,0.000115207189559356,0.000599693813272784,0.000380640103108953,0.000252829970585548,0,0.000418064029157453,3.09528129933252e-05,0,0,0,0,0,0,0,0,0,0,0,0,0,0,0,0,0,0,0,0,0,0,0,0,0,0,0,0,0,0,0,0,0,0,0,0,0,0,0,0,0,0,0,0,0,0,0,0,0,0
0,0,0,0,0,0,0,0,0,0,0,0,0,6.52343649582322e-06,9.90598663623992e-06,0.000687183453087162,0.00113447517905841,0.00150214466595352,0.002473738958002,0.000876724604220496,0.00123873629526098,0.000366092815086613,0.000297103289066892,0.000978472251721357,0.00096070219148993,0.000166178545249931,0.000167694834991759,0.000809165150377076,0.00121872672204711,0.000534041905600164,0.000346205989452415,0.000479635054043617,7.84236318666744e-05,0.000246083589222626,0.000957587458303901,0,0.00048608222969976,0.000789302503788222,0.000274070601902822,0.00124596965802424,0.000339235340273799,0.000383593098965938,4.45311867531555e-05,0,0,0,0,0,0,0,0,0,0,0,0,0,0,0,0,0,0,0,0,0,0,0,0,0,0,0,0,0,0,0,0,0,0,0,0,0,0,0,0,0,0,0,0,0,0,0,0,0,0,0,0,0,0,0,0,0
0,0,0,0,0,0,0,0,0,0,0,0,0,0,0.000248637037854432,0.000636253529867112,0.000540302879096623,0.00145828283338137,0.00259851355977892,0.00132964507264757,0.000684234485264105,0.000551943082396054,0.000720583240813544,0.00120194549486855,4.18544663012474e-05,6.18603286045778e-05,0.000166857221822989,0.000388231078649174,0.00015545202602511,0.000289681472083222,0.000805046490104943,0.000539023712721158,7.98290935090225e-05,0.000118097050858918,0.000545124094844354,0.000383496144424308,0.00085707169236653,0.000799105533372674,0.00100669664497383,0.000295067256583806,0.000555288102389318,0.000354097134077253,0.00068127515906574,0.000237597502406573,0.000715003361051479,0.000236169799665705,2.69057935515064e-05,0,0,0,0,0,0,0,0,0,0,0,0,0,0,0,0,0,0,0,0,0,0,0,0,0,0,0,0,0,0,0,0,0,0,0,0,0,0,0,0,0,0,0,0,0,0,0,0,0,0,0,0,0
0,0,0,0,0,0,0,0,0,0,0,0,0,0,0.000186276760609863,0.000425641506647344,0.000506887536848971,0.00107124067118932,0.00160391745471768,0.000681499026976641,0.000282781327009002,0.000531355048067622,0.000385197307612041,0.000135369281316517,7.76620874176894e-05,0.000346617335947606,0.000575218589115431,0.000349038635000481,0.000694379185327112,0.000686604038002414,0.00030136330727579,0.000207463676618549,0.000352285487492913,0.000160706398366546,0.000278098278592846,0.000133673365394179,0.000426840934290404,0.000777070250013262,0.000425845119267959,5.66793171943057e-05,0.000744970309084758,0.000620413505594808,0.000253262176693368,0.000425409332186693,0.000307337684518236,0.000729319621905173,4.75365027969908e-05,0,0,0,0,0,0,0,0,0,0,0,0,0,0,0,0,0,0,0,0,0,0,0,0,0,0,0,0,0,0,0,0,0,0,0,0,0,0,0,0,0,0,0,0,0,0,0,0,0,0,0,0,0
0,0,0,0,0,0,0,0,0,0,0,0,0,0,0,0.000324987541274841,0.000825545158643197,0.000887007406599101,0.00134508679927844,0.000546739498725015,0.000607800879167662,0.00106897579714261,0.000758980329847233,0.000504860746346605,0.000120561024315314,0.00017764638914435,0.00141372570422952,0.00053592025869773,0.00086389131118191,0.000994674956657374,9.80408589339091e-05,0.00015799579370441,8.235370694076e-06,0.000469266990826763,0.000376774905377869,0.000143907601710634,1.30623909975308e-05,0.000783580957737441,0.00112221543677757,0.000654531991419598,0.000473093570797578,0.000158384901855934,0.000324703151965241,0.000704533291386193,0.000730686954106967,3.59824731821079e-05,0,0,0,0,0,0,0,0,0,0,0,0,0,0,0,0,0,0,0,0,0,0,0,0,0,0,0,0,0,0,0,0,0,0,0,0,0,0,0,0,0,0,0,0,0,0,0,0,0,0,0,0,0,0
0,0,0,0,0,0,0,0,0,0,0,0,0,0,0,0.000483332700717316,0.000537264982701014,0.000312231301920509,0.00105809870795039,0.00131665498305168,0.000867175227385907,0.000390353043205308,0.00100562155717326,0.00132959042378447,0.00122175255983947,0.000541498523442969,0.000368769648751256,0.000845698286984824,0.000417002894929842,0.000561338975537694,0.000684537583339037,0.000413125022234879,1.65354679265762e-05,0.000212235401616437,0.000195404469208348,0.00025340506195092,0.000722736419194655,0.00018938156966788,0.000344795705715523,0.000174259033951152,0.00047304612447173,0.000150507701731924,0.000277665364273427,0.000532926366934025,0.000392260559580026,0,0,0,0,0,0,0,0,0,0,0,0,0,0,0,0,0,0,0,0,0,0,0,0,0,0,0,0,0,0,0,0,0,0,0,0,0,0,0,0,0,0,0,0,0,0,0,0,0,0,0,0,0,0,0
0,0,0,0,0,0,0,0,0,0,0,0,0,0,0,9.82834247631696e-05,0.000399989814183917,0.00049277569511443,0.000405937383302601,0.00107536248652951,0.00105615434464825,0.000768382540972912,0.000314641761540986,0.00125375310106009,0.000831491112904483,0.000119199659033885,0.000434036195075265,0.00036904496631258,0.00124600346529409,0.000484065528865318,0.00075997752071579,0.00036856590736461,0.000588018295747527,0.000174307234667025,0,0.000126740721837796,0.000397117797016628,0.00069308908182874,0.000480090879231882,3.63506541939213e-05,0.000438150364293169,0.000415864295999492,0.000628387238238079,0.000263700107283205,0.000589516393251825,0.000112269220927479,0,0,0,0,0,0,0,0,0,0,0,0,0,0,0,0,0,0,0,0,0,0,0,0,0,0,0,0,0,0,0,0,0,0,0,0,0,0,0,0,0,0,0,0,0,0,0,0,0,0,0,0,0,0
0,0,0,0,0,0,0,0,0,0,0,0,0,0,0,0,0,0.000174296143702286,0.000639593059011893,0.00153851539482328,0.00217899004599682,0.000110201108066522,0.000265014378145089,0.000494111119815471,0.00111142364399513,0.000682941610846364,0.000399157725491006,0.000266357686882922,0.000671062839139898,0.000188379614089624,0.000566694309476239,0.000140770924448199,0.000783807635639392,6.99151938288684e-06,0,0,7.7188555846525e-05,0.000582693186676111,0.000297465785048188,0.000315449570250118,0.00105675565873616,0.000397056652457812,0.000577244518154669,0.000275874774455414,1.87668525895197e-06,5.46820697789713e-07,0,0,0,0,0,0,0,0,0,0,0,0,0,0,0,0,0,0,0,0,0,0,0,0,0,0,0,0,0,0,0,0,0,0,0,0,0,0,0,0,0,0,0,0,0,0,0,0,0,0,0,0,0,0
0,0,0,0,0,0,0,0,0,0,0,0,0,0,0,0,0,7.69973745868305e-05,0.000672794688133436,0.000838464184948169,0.0011509930910091,0.000623072168994318,0.000287786004354457,0.000651940252716601,0.00093457474717305,0.000907542072063382,0.000149858252852379,0.000480088675365887,0.000714987361670555,0.000102347408030681,0.000524539153898497,0.00054345095413811,0.000260607435017403,0.000249427125963303,0.000638092769902442,0.000408928125884073,0.000563433834391601,0.00118936749225347,7.78241899901703e-05,0.000190916712218905,0.000861444906090613,0.000475768196004904,4.2823154716156e-06,1.14023085652917e-06,0,0,0,0,0,0,0,0,0,0,0,0,0,0,0,0,0,0,0,0,0,0,0,0,0,0,0,0,0,0,0,0,0,0,0,0,0,0,0,0,0,0,0,0,0,0,0,0,0,0,0,0,0,0,0,0
0,0,0,0,0,0,0,0,0,0,0,0,0,0,0,0,0,0,0.000468637695205082,0.000204456367210537,0.000496150526921521,0.000379082426438466,0.000569531648907227,0.000904964593818031,0.000715723601289422,0.000677598028307693,0.000488610053183078,0.000267150390718616,0.000500245529362327,0.000738994775791611,4.85035839348366e-06,0.000299888799997982,0.000388801230612401,0.000774345621647213,6.3648284670309e-05,0.000133262225462286,0.000339497203388612,0.000937894187851495,0.000197727477297325,8.38531086393621e-05,0.000501746420454294,0.000141198585754335,0,0,6.45636810540025e-05,2.32032237775301e-05,0,0,0,0,0,0,0,0,0,0,0,0,0,0,0,0,0,0,0,0,0,0,0,0,0,0,0,0,0,0,0,0,0,0,0,0,0,0,0,0,0,0,0,0,0,0,0,0,0,0,0,0,0,0
0,0,0,0,0,0,0,0,0,0,0,0,0,0,0,0,0,0,0.000137925195390148,0.000486067805328266,0.000493528857008191,0.000894883266875636,9.28077915115367e-05,0.000172746006116382,0.00031085771602689,0.00144556971106132,0.00118327212425681,0.00141327951857211,0.00028923355334766,0.000151977461773509,0.000189990213768393,0.00111459422199273,0.000844806993138759,0.000520998631823303,9.40125644739398e-08,8.80700243864339e-05,0.000241686190107586,0.00078561356407201,0.000373866972977524,0.000141306912040248,0.000494507732427858,0.000123123564400754,6.43222462874596e-05,0,0.000303249683094657,0.00010898341207381,0,0,0,0,0,0,0,0,0,0,0,0,0,0,0,0,0,0,0,0,0,0,0,0,0,0,0,0,0,0,0,0,0,0,0,0,0,0,0,0,0,0,0,0,0,0,0,0,0,0,0,0,0,0
0,0,0,0,0,0,0,0,0,0,0,0,0,0,0,0,0,0,0,5.86321731415769e-05,0.000603040203186571,0.000164764059163626,6.08625494715212e-05,0.000234145519887821,6.3316732061914e-06,0.000213167377356493,0.000333672304144292,0.0010303362426087,0.000276141311255492,0.000605976752009398,0.000403667713451882,0.00027805810593907,0.000328963460787589,0.000557504318721442,0.000129228559859218,6.62662191998344e-05,0.000188529331590147,0.00090225127086876,0.000195529370617135,0,0,0.000205300858499661,0.000107253330812125,0,0,0,0,0,0,0,0,0,0,0,0,0,0,0,0,0,0,0,0,0,0,0,0,0,0,0,0,0,0,0,0,0,0,0,0,0,0,0,0,0,0,0,0,0,0,0,0,0,0,0,0,0,0,0,0,0
0,0,0,0,0,0,0,0,0,0,0,0,0,0,0,0,0,0,0,0,0.000239184293935483,0.000105084292323323,3.92814450111413e-05,0.000173587932912394,0,0.000297350815204074,0.000282036729555728,0.00030551973445022,0.000392748865818337,0.000284426754767718,0.000152382956526189,0.000704440493845637,0.000573362862331344,0.000489526723353777,1.76042154489361e-05,0.00061314021373854,0.000584365771511687,0.000398170688751252,0.000443310071212625,0,0.000101893191617977,1.87176367358966e-06,0,0,0,0,0,0,0,0,0,0,0,0,0,0,0,0,0,0,0,0,0,0,0,0,0,0,0,0,0,0,0,0,0,0,0,0,0,0,0,0,0,0,0,0,0,0,0,0,0,0,0,0,0,0,0,0,0,0
0,0,0,0,0,0,0,0,0,0,0,0,0,0,0,0,0,0,0,0,9.89519070732173e-05,0.000397951127208821,0,9.48269070750518e-05,4.624641282921e-05,0.000391577961568988,0.000311912012890609,8.29130045056468e-05,0.000298043276828224,0.000198545024670592,0.000734499926383827,0.00133821244739573,0.000769679037174246,0.000251797340144934,5.5040581879419e-05,0.000680292340101455,0.000233904964803168,0.000508721142644581,0.000109008119333778,0,0.000389087560658501,7.14748404993237e-06,0,0,0,0,0,0,0,0,0,0,0,0,0,0,0,0,0,0,0,0,0,0,0,0,0,0,0,0,0,0,0,0,0,0,0,0,0,0,0,0,0,0,0,0,0,0,0,0,0,0,0,0,0,0,0,0,0,0
0,0,0,0,0,0,0,0,0,0,0,0,0,0,0,0,0,0,0,0,0,0,0,0.000241263953831196,0.000139315353844448,0.000255393737883034,0.000454847681260506,0,0,4.67002089973528e-05,0.000121944235695106,0.000377606330848265,0.00122824119488701,0.000212740986803193,0,0,0.000254911597784093,0.000240008530964414,0,0,0,0,0,0,0,0,0,0,0,0,0,0,0,0,0,0,0,0,0,0,0,0,0,0,0,0,0,0,0,0,0,0,0,0,0,0,0,0,0,0,0,0,0,0,0,0,0,0,0,0,0,0,0,0,0,0,0,0,0,0
0,0,0,0,0,0,0,0,0,0,0,0,0,0,0,0,0,0,0,0,0,0,0,0,0.000167179356122591,0.000284471590363124,6.10288134782826e-05,0,0,0.000127260134312853,0.000238513270968151,0.00014152095195732,0.000799447411950503,7.24244805820558e-05,0.000232756241365425,6.43897333610247e-05,0.000281907389847801,0.000241063859105639,0,0,0,0,0,0,0,0,0,0,0,0,0,0,0,0,0,0,0,0,0,0,0,0,0,0,0,0,0,0,0,0,0,0,0,0,0,0,0,0,0,0,0,0,0,0,0,0,0,0,0,0,0,0,0,0,0,0,0,0,0,0
0,0,0,0,0,0,0,0,0,0,0,0,0,0,0,0,0,0,0,0,0,0,0,0,0,0,0,0,0,0,0,0.000159169314762151,0.000431651562086257,0.000365691971054802,0.000200593897191819,0.000288384457135458,0.000206368033139578,0,0,0,0,0,0,0,0,0,0,0,0,0,0,0,0,0,0,0,0,0,0,0,0,0,0,0,0,0,0,0,0,0,0,0,0,0,0,0,0,0,0,0,0,0,0,0,0,0,0,0,0,0,0,0,0,0,0,0,0,0,0,0
0,0,0,0,0,0,0,0,0,0,0,0,0,0,0,0,0,0,0,0,0,0,0,0,0,0,0,0,0,0,0,0,0,0.000120502644028128,3.42164502181755e-06,0,0,0,0,0,0,0,0,0,0,0,0,0,0,0,0,0,0,0,0,0,0,0,0,0,0,0,0,0,0,0,0,0,0,0,0,0,0,0,0,0,0,0,0,0,0,0,0,0,0,0,0,0,0,0,0,0,0,0,0,0,0,0,0,0
0,0,0,0,0,0,0,0,0,0,0,0,0,0,0,0,0,0,0,0,0,0,0,0,0,0,0,0,0,0,0,0,0,0,0,0,0,0,0,0,0,0,0,0,0,0,0,0,0,0,0,0,0,0,0,0,0,0,0,0,0,0,0,0,0,0,0,0,0,0,0,0,0,0,0,0,0,0,0,0,0,0,0,0,0,0,0,0,0,0,0,0,0,0,0,0,0,0,0,0
0,0,0,0,0,0,0,0,0,0,0,0,0,0,0,0,0,0,0,0,0,0,0,0,0,0,0,0,0,0,0,0,0,0,0,0,0,0,0,0,0,0,0,0,0,0,0,0,0,0,0,0,0,0,0,0,0,0,0,0,0,0,0,0,0,0,0,0,0,0,0,0,0,0,0,0,0,0,0,0,0,0,0,0,0,0,0,0,0,0,0,0,0,0,0,0,0,0,0,0
0,0,0,0,0,0,0,0,0,0,0,0,0,0,0,0,0,0,0,0,0,0,0,0,0,0,0,0,0,0,0,0,0,0,0,0,0,0,0,0,0,0,0,0,0,0,0,0,0,0,0,0,0,0,0,0,0,0,0,0,0,0,0,0,0,0,0,0,0,0,0,0,0,0,0,0,0,0,0,0,0,0,0,0,0,0,0,0,0,0,0,0,0,0,0,0,0,0,0,0
0,0,0,0,0,0,0,0,0,0,0,0,0,0,0,0,0,0,0,0,0,0,0,0,0,0,0,0,0,0,0,0,0,0,0,0,0,0,0,0,0,0,0,0,0,0,0,0,0,0,0,0,0,0,0,0,0,0,0,0,0,0,0,0,0,0,0,0,0,0,0,0,0,0,0,0,0,0,0,0,0,0,0,0,0,0,0,0,0,0,0,0,0,0,0,0,0,0,0,0
0,0,0,0,0,0,0,0,0,0,0,0,0,0,0,0,0,0,0,0,0,0,0,0,0,0,0,0,0,0,0,0,0,0,0,0,0,0,0,0,0,0,0,0,0,0,0,0,0,0,0,0,0,0,0,0,0,0,0,0,0,0,0,0,0,0,0,0,0,0,0,0,0,0,0,0,0,0,0,0,0,0,0,0,0,0,0,0,0,0,0,0,0,0,0,0,0,0,0,0
0,0,0,0,0,0,0,0,0,0,0,0,0,0,0,0,0,0,0,0,0,0,0,0,0,0,0,0,0,0,0,0,0,0,0,0,0,0,0,0,0,0,0,0,0,0,0,0,0,0,0,0,0,0,0,0,0,0,0,0,0,0,0,0,0,0,0,0,0,0,0,0,0,0,0,0,0,0,0,0,0,0,0,0,0,0,0,0,0,0,0,0,0,0,0,0,0,0,0,0
0,0,0,0,0,0,0,0,0,0,0,0,0,0,0,0,0,0,0,0,0,0,0,0,0,0,0,0,0,0,0,0,0,0,0,0,0,0,0,0,0,0,0,0,0,0,0,0,0,0,0,0,0,0,0,0,0,0,0,0,0,0,0,0,0,0,0,0,0,0,0,0,0,0,0,0,0,0,0,0,0,0,0,0,0,0,0,0,0,0,0,0,0,0,0,0,0,0,0,0
0,0,0,0,0,0,0,0,0,0,0,0,0,0,0,0,0,0,0,0,0,0,0,0,0,0,0,0,0,0,0,0,0,0,0,0,0,0,0,0,0,0,0,0,0,0,0,0,0,0,0,0,0,0,0,0,0,0,0,0,0,0,0,0,0,0,0,0,0,0,0,0,0,0,0,0,0,0,0,0,0,0,0,0,0,0,0,0,0,0,0,0,0,0,0,0,0,0,0,0
0,0,0,0,0,0,0,0,0,0,0,0,0,0,0,0,0,0,0,0,0,0,0,0,0,0,0,0,0,0,0,0,0,0,0,0,0,0,0,0,0,0,0,0,0,0,0,0,0,0,0,0,0,0,0,0,0,0,0,0,0,0,0,0,0,0,0,0,0,0,0,0,0,0,0,0,0,0,0,0,0,0,0,0,0,0,0,0,0,0,0,0,0,0,0,0,0,0,0,0
0,0,0,0,0,0,0,0,0,0,0,0,0,0,0,0,0,0,0,0,0,0,0,0,0,0,0,0,0,0,0,0,0,0,0,0,0,0,0,0,0,0,0,0,0,0,0,0,0,0,0,0,0,0,0,0,0,0,0,0,0,0,0,0,0,0,0,0,0,0,0,0,0,0,0,0,0,0,0,0,0,0,0,0,0,0,0,0,0,0,0,0,0,0,0,0,0,0,0,0
0,0,0,0,0,0,0,0,0,0,0,0,0,0,0,0,0,0,0,0,0,0,0,0,0,0,0,0,0,0,0,0,0,0,0,0,0,0,0,0,0,0,0,0,0,0,0,0,0,0,0,0,0,0,0,0,0,0,0,0,0,0,0,0,0,0,0,0,0,0,0,0,0,0,0,0,0,0,0,0,0,0,0,0,0,0,0,0,0,0,0,0,0,0,0,0,0,0,0,0
0,0,0,0,0,0,0,0,0,0,0,0,0,0,0,0,0,0,0,0,0,0,0,0,0,0,0,0,0,0,0,0,0,0,0,0,0,0,0,0,0,0,0,0,0,0,0,0,0,0,0,0,0,0,0,0,0,0,0,0,0,0,0,0,0,0,0,0,0,0,0,0,0,0,0,0,0,0,0,0,0,0,0,0,0,0,0,0,0,0,0,0,0,0,0,0,0,0,0,0
0,0,0,0,0,0,0,0,0,0,0,0,0,0,0,0,0,0,0,0,0,0,0,0,0,0,0,0,0,0,0,0,0,0,0,0,0,0,0,0,0,0,0,0,0,0,0,0,0,0,0,0,0,0,0,0,0,0,0,0,0,0,0,0,0,0,0,0,0,0,0,0,0,0,0,0,0,0,0,0,0,0,0,0,0,0,0,0,0,0,0,0,0,0,0,0,0,0,0,0
0,0,0,0,0,0,0,0,0,0,0,0,0,0,0,0,0,0,0,0,0,0,0,0,0,0,0,0,0,0,0,0,0,0,0,0,0,0,0,0,0,0,0,0,0,0,0,0,0,0,0,0,0,0,0,0,0,0,0,0,0,0,0,0,0,0,0,0,0,0,0,0,0,0,0,0,0,0,0,0,0,0,0,0,0,0,0,0,0,0,0,0,0,0,0,0,0,0,0,0
0,0,0,0,0,0,0,0,0,0,0,0,0,0,0,0,0,0,0,0,0,0,0,0,0,0,0,0,0,0,0,0,0,0,0,0,0,0,0,0,0,0,0,0,0,0,0,0,0,0,0,0,0,0,0,0,0,0,0,0,0,0,0,0,0,0,0,0,0,0,0,0,0,0,0,0,0,0,0,0,0,0,0,0,0,0,0,0,0,0,0,0,0,0,0,0,0,0,0,0
0,0,0,0,0,0,0,0,0,0,0,0,0,0,0,0,0,0,0,0,0,0,0,0,0,0,0,0,0,0,0,0,0,0,0,0,0,0,0,0,0,0,0,0,0,0,0,0,0,0,0,0,0,0,0,0,0,0,0,0,0,0,0,0,0,0,0,0,0,0,0,0,0,0,0,0,0,0,0,0,0,0,0,0,0,0,0,0,0,0,0,0,0,0,0,0,0,0,0,0
0,0,0,0,0,0,0,0,0,0,0,0,0,0,0,0,0,0,0,0,0,0,0,0,0,0,0,0,0,0,0,0,0,0,0,0,0,0,0,0,0,0,0,0,0,0,0,0,0,0,0,0,0,0,0,0,0,0,0,0,0,0,0,0,0,0,0,0,0,0,0,0,0,0,0,0,0,0,0,0,0,0,0,0,0,0,0,0,0,0,0,0,0,0,0,0,0,0,0,0
0,0,0,0,0,0,0,0,0,0,0,0,0,0,0,0,0,0,0,0,0,0,0,0,0,0,0,0,0,0,0,0,0,0,0,0,0,0,0,0,0,0,0,0,0,0,0,0,0,0,0,0,0,0,0,0,0,0,0,0,0,0,0,0,0,0,0,0,0,0,0,0,0,0,0,0,0,0,0,0,0,0,0,0,0,0,0,0,0,0,0,0,0,0,0,0,0,0,0,0
0,0,0,0,0,0,0,0,0,0,0,0,0,0,0,0,0,0,0,0,0,0,0,0,0,0,0,0,0,0,0,0,0,0,0,0,0,0,0,0,0,0,0,0,0,0,0,0,0,0,0,0,0,0,0,0,0,0,0,0,0,0,0,0,0,0,0,0,0,0,0,0,0,0,0,0,0,0,0,0,0,0,0,0,0,0,0,0,0,0,0,0,0,0,0,0,0,0,0,0
0,0,0,0,0,0,0,0,0,0,0,0,0,0,0,0,0,0,0,0,0,0,0,0,0,0,0,0,0,0,0,0,0,0,0,0,0,0,0,0,0,0,0,0,0,0,0,0,0,0,0,0,0,0,0,0,0,0,0,0,0,0,0,0,0,0,0,0,0,0,0,0,0,0,0,0,0,0,0,0,0,0,0,0,0,0,0,0,0,0,0,0,0,0,0,0,0,0,0,0
0,0,0,0,0,0,0,0,0,0,0,0,0,0,0,0,0,0,0,0,0,0,0,0,0,0,0,0,0,0,0,0,0,0,0,0,0,0,0,0,0,0,0,0,0,0,0,0,0,0,0,0,0,0,0,0,0,0,0,0,0,0,0,0,0,0,0,0,0,0,0,0,0,0,0,0,0,0,0,0,0,0,0,0,0,0,0,0,0,0,0,0,0,0,0,0,0,0,0,0
0,0,0,0,0,0,0,0,0,0,0,0,0,0,0,0,0,0,0,0,0,0,0,0,0,0,0,0,0,0,0,0,0,0,0,0,0,0,0,0,0,0,0,0,0,0,0,0,0,0,0,0,0,0,0,0,0,0,0,0,0,0,0,0,0,0,0,0,0,0,0,0,0,0,0,0,0,0,0,0,0,0,0,0,0,0,0,0,0,0,0,0,0,0,0,0,0,0,0,0
0,0,0,0,0,0,0,0,0,0,0,0,0,0,0,0,0,0,0,0,0,0,0,0,0,0,0,0,0,0,0,0,0,0,0,0,0,0,0,0,0,0,0,0,0,0,0,0,0,0,0,0,0,0,0,0,0,0,0,0,0,0,0,0,0,0,0,0,0,0,0,0,0,0,0,0,0,0,0,0,0,0,0,0,0,0,0,0,0,0,0,0,0,0,0,0,0,0,0,0
0,0,0,0,0,0,0,0,0,0,0,0,0,0,0,0,0,0,0,0,0,0,0,0,0,0,0,0,0,0,0,0,0,0,0,0,0,0,0,0,0,0,0,0,0,0,0,0,0,0,0,0,0,0,0,0,0,0,0,0,0,0,0,0,0,0,0,0,0,0,0,0,0,0,0,0,0,0,0,0,0,0,0,0,0,0,0,0,0,0,0,0,0,0,0,0,0,0,0,0
0,0,0,0,0,0,0,0,0,0,0,0,0,0,0,0,0,0,0,0,0,0,0,0,0,0,0,0,0,0,0,0,0,0,0,0,0,0,0,0,0,0,0,0,0,0,0,0,0,0,0,0,0,0,0,0,0,0,0,0,0,0,0,0,0,0,0,0,0,0,0,0,0,0,0,0,0,0,0,0,0,0,0,0,0,0,0,0,0,0,0,0,0,0,0,0,0,0,0,0
0,0,0,0,0,0,0,0,0,0,0,0,0,0,0,0,0,0,0,0,0,0,0,0,0,0,0,0,0,0,0,0,0,0,0,0,0,0,0,0,0,0,0,0,0,0,0,0,0,0,0,0,0,0,0,0,0,0,0,0,0,0,0,0,0,0,0,0,0,0,0,0,0,0,0,0,0,0,0,0,0,0,0,0,0,0,0,0,0,0,0,0,0,0,0,0,0,0,0,0
0,0,0,0,0,0,0,0,0,0,0,0,0,0,0,0,0,0,0,0,0,0,0,0,0,0,0,0,0,0,0,0,0,0,0,0,0,0,0,0,0,0,0,0,0,0,0,0,0,0,0,0,0,0,0,0,0,0,0,0,0,0,0,0,0,0,0,0,0,0,0,0,0,0,0,0,0,0,0,0,0,0,0,0,0,0,0,0,0,0,0,0,0,0,0,0,0,0,0,0
0,0,0,0,0,0,0,0,0,0,0,0,0,0,0,0,0,0,0,0,0,0,0,0,0,0,0,0,0,0,0,0,0,0,0,0,0,0,0,0,0,0,0,0,0,0,0,0,0,0,0,0,0,0,0,0,0,0,0,0,0,0,0,0,0,0,0,0,0,0,0,0,0,0,0,0,0,0,0,0,0,0,0,0,0,0,0,0,0,0,0,0,0,0,0,0,0,0,0,0
0,0,0,0,0,0,0,0,0,0,0,0,0,0,0,0,0,0,0,0,0,0,0,0,0,0,0,0,0,0,0,0,0,0,0,0,0,0,0,0,0,0,0,0,0,0,0,0,0,0,0,0,0,0,0,0,0,0,0,0,0,0,0,0,0,0,0,0,0,0,0,0,0,0,0,0,0,0,0,0,0,0,0,0,0,0,0,0,0,0,0,0,0,0,0,0,0,0,0,0
0,0,0,0,0,0,0,0,0,0,0,0,0,0,0,0,0,0,0,0,0,0,0,0,0,0,0,0,0,0,0,0,0,0,0,0,0,0,0,0,0,0,0,0,0,0,0,0,0,0,0,0,0,0,0,0,0,0,0,0,0,0,0,0,0,0,0,0,0,0,0,0,0,0,0,0,0,0,0,0,0,0,0,0,0,0,0,0,0,0,0,0,0,0,0,0,0,0,0,0
0,0,0,0,0,0,0,0,0,0,0,0,0,0,0,0,0,0,0,0,0,0,0,0,0,0,0,0,0,0,0,0,0,0,0,0,0,0,0,0,0,0,0,0,0,0,0,0,0,0,0,0,0,0,0,0,0,0,0,0,0,0,0,0,0,0,0,0,0,0,0,0,0,0,0,0,0,0,0,0,0,0,0,0,0,0,0,0,0,0,0,0,0,0,0,0,0,0,0,0
0,0,0,0,0,0,0,0,0,0,0,0,0,0,0,0,0,0,0,0,0,0,0,0,0,0,0,0,0,0,0,0,0,0,0,0,0,0,0,0,0,0,0,0,0,0,0,0,0,0,0,0,0,0,0,0,0,0,0,0,0,0,0,0,0,0,0,0,0,0,0,0,0,0,0,0,0,0,0,0,0,0,0,0,0,0,0,0,0,0,0,0,0,0,0,0,0,0,0,0
0,0,0,0,0,0,0,0,0,0,0,0,0,0,0,0,0,0,0,0,0,0,0,0,0,0,0,0,0,0,0,0,0,0,0,0,0,0,0,0,0,0,0,0,0,0,0,0,0,0,0,0,0,0,0,0,0,0,0,0,0,0,0,0,0,0,0,0,0,0,0,0,0,0,0,0,0,0,0,0,0,0,0,0,0,0,0,0,0,0,0,0,0,0,0,0,0,0,0,0
0,0,0,0,0,0,0,0,0,0,0,0,0,0,0,0,0,0,0,0,0,0,0,0,0,0,0,0,0,0,0,0,0,0,0,0,0,0,0,0,0,0,0,0,0,0,0,0,0,0,0,0,0,0,0,0,0,0,0,0,0,0,0,0,0,0,0,0,0,0,0,0,0,0,0,0,0,0,0,0,0,0,0,0,0,0,0,0,0,0,0,0,0,0,0,0,0,0,0,0
0,0,0,0,0,0,0,0,0,0,0,0,0,0,0,0,0,0,0,0,0,0,0,0,0,0,0,0,0,0,0,0,0,0,0,0,0,0,0,0,0,0,0,0,0,0,0,0,0,0,0,0,0,0,0,0,0,0,0,0,0,0,0,0,0,0,0,0,0,0,0,0,0,0,0,0,0,0,0,0,0,0,0,0,0,0,0,0,0,0,0,0,0,0,0,0,0,0,0,0
0,0,0,0,0,0,0,0,0,0,0,0,0,0,0,0,0,0,0,0,0,0,0,0,0,0,0,0,0,0,0,0,0,0,0,0,0,0,0,0,0,0,0,0,0,0,0,0,0,0,0,0,0,0,0,0,0,0,0,0,0,0,0,0,0,0,0,0,0,0,0,0,0,0,0,0,0,0,0,0,0,0,0,0,0,0,0,0,0,0,0,0,0,0,0,0,0,0,0,0
0,0,0,0,0,0,0,0,0,0,0,0,0,0,0,0,0,0,0,0,0,0,0,0,0,0,0,0,0,0,0,0,0,0,0,0,0,0,0,0,0,0,0,0,0,0,0,0,0,0,0,0,0,0,0,0,0,0,0,0,0,0,0,0,0,0,0,0,0,0,0,0,0,0,0,0,0,0,0,0,0,0,0,0,0,0,0,0,0,0,0,0,0,0,0,0,0,0,0,0
0,0,0,0,0,0,0,0,0,0,0,0,0,0,0,0,0,0,0,0,0,0,0,0,0,0,0,0,0,0,0,0,0,0,0,0,0,0,0,0,0,0,0,0,0,0,0,0,0,0,0,0,0,0,0,0,0,0,0,0,0,0,0,0,0,0,0,0,0,0,0,0,0,0,0,0,0,0,0,0,0,0,0,0,0,0,0,0,0,0,0,0,0,0,0,0,0,0,0,0
0,0,0,0,0,0,0,0,0,0,0,0,0,0,0,0,0,0,0,0,0,0,0,0,0,0,0,0,0,0,0,0,0,0,0,0,0,0,0,0,0,0,0,0,0,0,0,0,0,0,0,0,0,0,0,0,0,0,0,0,0,0,0,0,0,0,0,0,0,0,0,0,0,0,0,0,0,0,0,0,0,0,0,0,0,0,0,0,0,0,0,0,0,0,0,0,0,0,0,0
0,0,0,0,0,0,0,0,0,0,0,0,0,0,0,0,0,0,0,0,0,0,0,0,0,0,0,0,0,0,0,0,0,0,0,0,0,0,0,0,0,0,0,0,0,0,0,0,0,0,0,0,0,0,0,0,0,0,0,0,0,0,0,0,0,0,0,0,0,0,0,0,0,0,0,0,0,0,0,0,0,0,0,0,0,0,0,0,0,0,0,0,0,0,0,0,0,0,0,0
0,0,0,0,0,0,0,0,0,0,0,0,0,0,0,0,0,0,0,0,0,0,0,0,0,0,0,0,0,0,0,0,0,0,0,0,0,0,0,0,0,0,0,0,0,0,0,0,0,0,0,0,0,0,0,0,0,0,0,0,0,0,0,0,0,0,0,0,0,0,0,0,0,0,0,0,0,0,0,0,0,0,0,0,0,0,0,0,0,0,0,0,0,0,0,0,0,0,0,0
0,0,0,0,0,0,0,0,0,0,0,0,0,0,0,0,0,0,0,0,0,0,0,0,0,0,0,0,0,0,0,0,0,0,0,0,0,0,0,0,0,0,0,0,0,0,0,0,0,0,0,0,0,0,0,0,0,0,0,0,0,0,0,0,0,0,0,0,0,0,0,0,0,0,0,0,0,0,0,0,0,0,0,0,0,0,0,0,0,0,0,0,0,0,0,0,0,0,0,0
0,0,0,0,0,0,0,0,0,0,0,0,0,0,0,0,0,0,0,0,0,0,0,0,0,0,0,0,0,0,0,0,0,0,0,0,0,0,0,0,0,0,0,0,0,0,0,0,0,0,0,0,0,0,0,0,0,0,0,0,0,0,0,0,0,0,0,0,0,0,0,0,0,0,0,0,0,0,0,0,0,0,0,0,0,0,0,0,0,0,0,0,0,0,0,0,0,0,0,0
0,0,0,0,0,0,0,0,0,0,0,0,0,0,0,0,0,0,0,0,0,0,0,0,0,0,0,0,0,0,0,0,0,0,0,0,0,0,0,0,0,0,0,0,0,0,0,0,0,0,0,0,0,0,0,0,0,0,0,0,0,0,0,0,0,0,0,0,0,0,0,0,0,0,0,0,0,0,0,0,0,0,0,0,0,0,0,0,0,0,0,0,0,0,0,0,0,0,0,0
0,0,0,0,0,0,0,0,0,0,0,0,0,0,0,0,0,0,0,0,0,0,0,0,0,0,0,0,0,0,0,0,0,0,0,0,0,0,0,0,0,0,0,0,0,0,0,0,0,0,0,0,0,0,0,0,0,0,0,0,0,0,0,0,0,0,0,0,0,0,0,0,0,0,0,0,0,0,0,0,0,0,0,0,0,0,0,0,0,0,0,0,0,0,0,0,0,0,0,0
0,0,0,0,0,0,0,0,0,0,0,0,0,0,0,0,0,0,0,0,0,0,0,0,0,0,0,0,0,0,0,0,0,0,0,0,0,0,0,0,0,0,0,0,0,0,0,0,0,0,0,0,0,0,0,0,0,0,0,0,0,0,0,0,0,0,0,0,0,0,0,0,0,0,0,0,0,0,0,0,0,0,0,0,0,0,0,0,0,0,0,0,0,0,0,0,0,0,0,0
0,0,0,0,0,0,0,0,0,0,0,0,0,0,0,0,0,0,0,0,0,0,0,0,0,0,0,0,0,0,0,0,0,0,0,0,0,0,0,0,0,0,0,0,0,0,0,0,0,0,0,0,0,0,0,0,0,0,0,0,0,0,0,0,0,0,0,0,0,0,0,0,0,0,0,0,0,0,0,0,0,0,0,0,0,0,0,0,0,0,0,0,0,0,0,0,0,0,0,0
0,0,0,0,0,0,0,0,0,0,0,0,0,0,0,0,0,0,0,0,0,0,0,0,0,0,0,0,0,0,0,0,0,0,0,0,0,0,0,0,0,0,0,0,0,0,0,0,0,0,0,0,0,0,0,0,0,0,0,0,0,0,0,0,0,0,0,0,0,0,0,0,0,0,0,0,0,0,0,0,0,0,0,0,0,0,0,0,0,0,0,0,0,0,0,0,0,0,0,0
0,0,0,0,0,0,0,0,0,0,0,0,0,0,0,0,0,0,0,0,0,0,0,0,0,0,0,0,0,0,0,0,0,0,0,0,0,0,0,0,0,0,0,0,0,0,0,0,0,0,0,0,0,0,0,0,0,0,0,0,0,0,0,0,0,0,0,0,0,0,0,0,0,0,0,0,0,0,0,0,0,0,0,0,0,0,0,0,0,0,0,0,0,0,0,0,0,0,0,0
0,0,0,0,0,0,0,0,0,0,0,0,0,0,0,0,0,0,0,0,0,0,0,0,0,0,0,0,0,0,0,0,0,0,0,0,0,0,0,0,0,0,0,0,0,0,0,0,0,0,0,0,0,0,0,0,0,0,0,0,0,0,0,0,0,0,0,0,0,0,0,0,0,0,0,0,0,0,0,0,0,0,0,0,0,0,0,0,0,0,0,0,0,0,0,0,0,0,0,0
0,0,0,0,0,0,0,0,0,0,0,0,0,0,0,0,0,0,0,0,0,0,0,0,0,0,0,0,0,0,0,0,0,0,0,0,0,0,0,0,0,0,0,0,0,0,0,0,0,0,0,0,0,0,0,0,0,0,0,0,0,0,0,0,0,0,0,0,0,0,0,0,0,0,0,0,0,0,0,0,0,0,0,0,0,0,0,0,0,0,0,0,0,0,0,0,0,0,0,0
