0,0,0,0,0,0,0,0,0,0,0,0,0,0,0,0,0,0,0,0,0,0,0,0,0,0,0,0,0,0,0,0,0,0,0,0,0,0,0,0,0,0,0,0,0,0,0,0,0,0,0,0,0,0,0,0,0,0,0,0,0,0,0,0,0,0,0,0,0,0,0,0,0,0,0,0,0,0,0,0,0,0,0,0,0,0,0,0,0,0,0,0,0,0,0,0,0,0,0,0
0,0,0,0,0,0,0,0,0,0,0,0,0,0,0,0,0,0,0,0,0,0,0,0,0,0,0,0,0,0,0,0,0,0,0,0,0,0,0,0,0,0,0,0,0,0,0,0,0,0,0,0,0,0,0,0,0,0,0,0,0,0,0,0,0,0,0,0,0,0,0,0,0,0,0,0,0,0,0,0,0,0,0,0,0,0,0,0,0,0,0,0,0,0,0,0,0,0,0,0
0,0,0,0,0,0,0,0,0,0,0,0,0,0,0,0,0,0,0,0,0,0,0,0,0,0,0,0,0,0,0,0,0,0,0,0,0,0,0,0,0,0,0,0,0,0,0,0,0,0,0,0,0,0,0,0,0,0,0,0,0,0,0,0,0,0,0,0,0,0,0,0,0,0,0,0,0,0,0,0,0,0,0,0,0,0,0,0,0,0,0,0,0,0,0,0,0,0,0,0
0,0,0,0,0,0,0,0,0,0,0,0,0,0,0,0,0,0,0,0,0,0,0,0,0,0,0,0,0,0,0,0,0,0,0,0,0,0,0,0,0,0,0,0,0,0,0,0,0,0,0,0,0,0,0,0,0,0,0,0,0,0,0,0,0,0,0,0,0,0,0,0,0,0,0,0,0,0,0,0,0,0,0,0,0,0,0,0,0,0,0,0,0,0,0,0,0,0,0,0
0,0,0,0,0,0,0,0,0,0,0,0,0,0,0,0,0,0,0,0,0,0,0,0,0,0,0,0,0,0,0,0,0,0,0,0,0,0,0,0,0,0,0,0,0,0,0,0,0,0,0,0,0,0,0,0,0,0,0,0,0,0,0,0,0,0,0,0,0,0,0,0,0,0,0,0,0,0,0,0,0,0,0,0,0,0,0,0,0,0,0,0,0,0,0,0,0,0,0,0
0,0,0,0,0,0,0,0,0,0,0,0,0,0,0,0,0,0,0,0,0,0,0,0,0,0,0,0,0,0,0,0,0,0,0,0,0,0,0,0,0,0,0,0,0,0,0,0,0,0,0,0,0,0,0,0,0,0,0,0,0,0,0,0,0,0,0,0,0,0,0,0,0,0,0,0,0,0,0,0,0,0,0,0,0,0,0,0,0,0,0,0,0,0,0,0,0,0,0,0
0,0,0,0,0,0,0,0,0,0,0,0,0,0,0,0,0,0,0,0,0,0,0,0,0,0,0,0,0,0,0,0,0,0,0,0,0,0,0,0,0,0,0,0,0,0,0,0,0,0,0,0,0,0,0,0,0,0,0,0,0,0,0,0,0,0,0,0,0,0,0,0,0,0,0,0,0,0,0,0,0,0,0,0,0,0,0,0,0,0,0,0,0,0,0,0,0,0,0,0
0,0,0,0,0,0,0,0,0,0,0,0,0,0,0,0,0,0,0,0,0,0,0,0,0,0,0,0,0,0,0,0,0,0,0,0,0,0,0,0,0,0,0,0,0,0,0,0,0,0,0,0,0,0,0,0,0,0,0,0,0,0,0,0,0,0,0,0,0,0,0,0,0,0,0,0,0,0,0,0,0,0,0,0,0,0,0,0,0,0,0,0,0,0,0,0,0,0,0,0
0,0,0,0,0,0,0,0,0,0,0,0,0,0,0,0,0,0,0,0,0,0,0,0,0,0,0,0,0,0,0,0,0,0,0,0,0,0,0,0,0,0,0,0,0,0,0,0,0,0,0,0,0,0,0,0,0,0,0,0,0,0,0,0,0,0,0,0,0,0,0,0,0,0,0,0,0,0,0,0,0,0,0,0,0,0,0,0,0,0,0,0,0,0,0,0,0,0,0,0
0,0,0,0,0,0,0,0,0,0,0,0,0,0,0,0,0,0,0,0,0,0,0,0,0,0,0,0,0,0,0,0,0,0,0,0,0,0,0,0,0,0,0,0,0,0,0,0,0,0,0,0,0,0,0,0,0,0,0,0,0,0,0,0,0,0,0,0,0,0,0,0,0,0,0,0,0,0,0,0,0,0,0,0,0,0,0,0,0,0,0,0,0,0,0,0,0,0,0,0
0,0,0,0,0,0,0,0,0,0,0,0,0,0,0,0,0,0,0,0,0,0,0,0,0,0,0,0,0,0,0,0,0,0,0,0,0,0,0,0,0,0,0,0,0,0,0,0,0,0,0,0,0,0,0,0,0,0,0,0,0,0,0,0,0,0,0,0,0,0,0,0,0,0,0,0,0,0,0,0,0,0,0,0,0,0,0,0,0,0,0,0,0,0,0,0,0,0,0,0
0,0,0,0,0,0,0,0,0,0,0,0,0,0,0,0,0,0,0,0,0,0,0,0,0,0,0,0,0,0,0,0,0,0,0,0,0,0,0,0,0,0,0,0,0,0,0,0,0,0,0,0,0,0,0,0,0,0,0,0,0,0,0,0,0,0,0,0,0,0,0,0,0,0,0,0,0,0,0,0,0,0,0,0,0,0,0,0,0,0,0,0,0,0,0,0,0,0,0,0
0,0,0,0,0,0,0,0,0,0,0,0,0,0,0,0,0,0,0,0,0,0,0,0,0,0,0,0,0,0,0,0,0,0,0,0,0,0,0,0,0,0,0,0,0,0,0,0,0,0,0,0,0,0,0,0,0,0,0,0,0,0,0,0,0,0,0,0,0,0,0,0,0,0,0,0,0,0,0,0,0,0,0,0,0,0,0,0,0,0,0,0,0,0,0,0,0,0,0,0
0,0,0,0,0,0,0,0,0,0,0,0,0,0,0,0,0,0,0,0,0,0,0,0,0,0,0,0,0,0,0,0,0,0,0,0,0,0,0,0,0,0,0,0,0,0,0,0,0,0,0,0,0,0,0,0,0,0,0,0,0,0,0,0,0,0,0,0,0,0,0,0,0,0,0,0,0,0,0,0,0,0,0,0,0,0,0,0,0,0,0,0,0,0,0,0,0,0,0,0
0,0,0,0,0,0,0,0,0,0,0,0,0,0,0,0,0,0,0,0,0,0,0,0,0,0,0,0,0,0,0,0,0,0,0,0,0,0,0,0,0,0,0,0,0,0,0,0,0,0,0,0,0,0,0,0,0,0,0,0,0,0,0,0,0,0,0,0,0,0,0,0,0,0,0,0,0,0,0,0,0,0,0,0,0,0,0,0,0,0,0,0,0,0,0,0,0,0,0,0
0,0,0,0,0,0,0,0,0,0,0,0,0,0,0,0,0,0,0,0,0,0,0,0,0,0,0,0,0,0,0,0,0,0,0,0,0,0,0,0,0,0,0,0,0,0,0,0,0,0,0,0,0,0,0,0,0,0,0,0,0,0,0,0,0,0,0,0,0,0,0,0,0,0,0,0,0,0,0,0,0,0,0,0,0,0,0,0,0,0,0,0,0,0,0,0,0,0,0,0
0,0,0,0,0,0,0,0,0,0,0,0,0,0,0,0,0,0,0,0,0,0,0,0,0,0,0,0,0,0,0,0,0,0,0,0,0,0,0,0,0,0,0,0,0,0,0,0,0,0,0,0,0,0,0,0,0,0,0,0,0,0,0,0,0,0,0,0,0,0,0,0,0,0,0,0,0,0,0,0,0,0,0,0,0,0,0,0,0,0,0,0,0,0,0,0,0,0,0,0
0,0,0,0,0,0,0,0,0,0,0,0,0,0,0,0,0,0,0,0,0,0,0,0,0,0,0,0,0,0,0,0,0,0,0,0,0,0,0,0,0,0,0,0,0,0,0,0,0,0,0,0,0,0,0,0,0,0,0,0,0,0,0,0,0,0,0,0,0,0,0,0,0,0,0,0,0,0,0,0,0,0,0,0,0,0,0,0,0,0,0,0,0,0,0,0,0,0,0,0
0,0,0,0,0,0,0,0,0,0,0,0,0,0,0,0,0,0,0,0,0,0,0,0,0,0,0,0,0,0,0,0,0,0,0,0,0,0,0,0,0,0,0,0,0,0,0,0,0,0,0,0,0,0,0,0,0,0,0,0,0,0,0,0,0,0,0,0,0,0,0,0,0,0,0,0,0,0,0,0,0,0,0,0,0,0,0,0,0,0,0,0,0,0,0,0,0,0,0,0
0,0,0,0,0,0,0,0,0,0,0,0,0,0,0,0,0,0,0,0,0,0,0,0,0,0,0,0,0,0,0,0,0,0,0,0,0,0,0,0,0,0,0,0,0,0,0,0,0,0,0,0,0,0,0,0,0,0,0,0,0,0,0,0,0,0,0,0,0,0,0,0,0,0,0,0,0,0,0,0,0,0,0,0,0,0,0,0,0,0,0,0,0,0,0,0,0,0,0,0
0,0,0,0,0,0,0,0,0,0,0,0,0,0,0,0,0,0,0,0,0,0,0,0,0,0,0,0,0,0,0,0,0,0,0,0,0,0,0,0,0,0,0,0,0,0,0,0,0,0,0,0,0,0,0,0,0,0,0,0,0,0,0,0,0,0,0,0,0,0,0,0,0,0,0,0,0,0,0,0,0,0,0,0,0,0,0,0,0,0,0,0,0,0,0,0,0,0,0,0
0,0,0,0,0,0,0,0,0,0,0,0,0,0,0,0,0,0,0,0,0,0,0,0,0,0,0,0,0,0,0,0,0,0,0,0,0,0,0,0,0,0,0,0,0,0,0,0,0,0,0,0,0,0,0,0,0,0,0,0,0,0,0,0,0,0,0,0,0,0,0,0,0,0,0,0,0,0,0,0,0,0,0,0,0,0,0,0,0,0,0,0,0,0,0,0,0,0,0,0
0,0,0,0,0,0,0,0,0,0,0,0,0,0,0,0,0,0,0,0,0,0,0,0,0,0,0,0,0,0,0,0,0,0,0,0,0,0,0,0,0,0,0,0,0,0,0,0,0,0,0,0,0,0,0,0,0,0,0,0,0,0,0,0,0,0,0,0,0,0,0,0,0,0,0,0,0,0,0,0,0,0,0,0,0,0,0,0,0,0,0,0,0,0,0,0,0,0,0,0
0,0,0,0,0,0,0,0,0,0,0,0,0,0,0,0,0,0,0,0,0,0,0,0,0,0,0,0,0,0,0,0,0,0,0,0,0,0,0,0,0,0,0,0,0,0,0,0,0,0,0,0,0,0,0,0,0,0,0,0,0,0,0,0,0,0,0,0,0,0,0,0,0,0,0,0,0,0,0,0,0,0,0,0,0,0,0,0,0,0,0,0,0,0,0,0,0,0,0,0
0,0,0,0,0,0,0,0,0,0,0,0,0,0,0,0,0,0,0,0,0,0,0,0,0,0,0,0,0,0,0,0,0,0,0,0,0,0,0,0,0,0,0,0,0,0,0,0,0,0,0,0,0,0,0,0,0,0,0,0,0,0,0,0,0,0,0,0,0,0,0,0,0,0,0,0,0,0,0,0,0,0,0,0,0,0,0,0,0,0,0,0,0,0,0,0,0,0,0,0
0,0,0,0,0,0,0,0,0,0,0,0,0,0,0,0,0,0,0,0,0,0,0,0,0,0,0,0,0,0,0,0,0,0,0,0,0,0,0,0,0,0,0,0,0,0,0,0,0,0,0,0,0,0,0,0,0,0,0,0,0,0,0,0,0,0,0,0,0,0,0,0,0,0,0,0,0,0,0,0,0,0,0,0,0,0,0,0,0,0,0,0,0,0,0,0,0,0,0,0
0,0,0,0,0,0,0,0,0,0,0,0,0,0,0,0,0,0,0,0,0,0,0,0,0,0,0,0,0,0,0,0,0,0,0,0,0,0,0,0,0,0,0,0,0,0,0,0,0,0,0,0,0,0,0,0,0,0,0,0,0,0,0,0,0,0,0,0,0,0,0,0,0,0,0,0,0,0,0,0,0,0,0,0,0,0,0,0,0,0,0,0,0,0,0,0,0,0,0,0
0,0,0,0,0,0,0,0,0,0,0,0,0,0,0,0,0,0,0,0,0,0,0,0,0,0,0,0,0,0,0,0,0,0,0,0,0,0,0,0,0,0,0,0,0,0,0,0,0,0,0,0,0,0,0,0,0,0,0,0,0,0,0,0,0,0,0,0,0,0,0,0,0,0,0,0,0,0,0,0,0,0,0,0,0,0,0,0,0,0,0,0,0,0,0,0,0,0,0,0
0,0,0,0,0,0,0,0,0,0,0,0,0,0,0,0,0,0,0,0,0,0,0,0,0,0,0,0,0,0,0,0,0,0,0,0,0,0,0,0,0,0,0,0,0,0,0,0,0,0,0,0,0,0,0,0,0,0,0,0,0,0,0,0,0,0,0,0,0,0,0,0,0,0,0,0,0,0,0,0,0,0,0,0,0,0,0,0,0,0,0,0,0,0,0,0,0,0,0,0
0,0,0,0,0,0,0,0,0,0,0,0,0,0,0,0,0,0,0,0,0,0,0,0,0,0,0,0,0,0,0,0,0,0,0,0,0,0,0,0,0,0,0,0,0,0,0,0,0,0,0,0,0,0,0,0,0,0,0,0,0,0,0,0,0,0,0,0,0,0,0,0,0,0,0,0,0,0,0,0,0,0,0,0,0,0,0,0,0,0,0,0,0,0,0,0,0,0,0,0
0,0,0,0,0,0,0,0,0,0,0,0,0,0,0,0,0,0,0,0,0,0,0,0,0,0,0,0,0,0,0,0,0,0,0,0,0,0,0,0,0,0,0,0,0,0,0,0,0,0,0,0,0,0,0,0,0,0,0,0,0,0,0,0,0,0,0,0,0,0,0,0,0,0,0,0,0,0,0,0,0,0,0,0,0,0,0,0,0,0,0,0,0,0,0,0,0,0,0,0
0,0,0,0,0,0,0,0,0,0,0,0,0,0,0,0,0,0,0,0,0,0,0,0,0,0,0,0,0,0,0,0,0,0,0,0,0,0,0,0,0,0,0,0,0,0,0,0,0,0,0,0,0,0,0,0,0,0,0,0,0,0,0,0,0,0,0,0,0,0,0,0,0,0,0,0,0,0,0,0,0,0,0,0,0,0,0,0,0,0,0,0,0,0,0,0,0,0,0,0
0,0,0,0,0,0,0,0,0,0,0,0,0,0,0,0,0,0,0,0,0,0,0,0,0,0,0,0,0,0,0,0,0,0,0,0,0,0,0,0,0,0,0,0,0,0,0,0,0,0,0,0,0,0,0,0,0,0,0,0,0,0,0,0,0,0,0,0,0,0,0,0,0,0,0,0,0,0,0,0,0,0,0,0,0,0,0,0,0,0,0,0,0,0,0,0,0,0,0,0
0,0,0,0,0,0,0,0,0,0,0,0,0,0,0,0,0,0,0,0,0,0,0,0,0,0,0,0,0,0,0,0,0,0,0,0,0,0,0,0,0,0,0,0,0,0,0,0,0,0,0,0,0,0,0,0,0,0,0,0,0,0,0,0,0,0,0,0,0,0,0,0,0,0,0,0,0,0,0,0,0,0,0,0,0,0,0,0,0,0,0,0,0,0,0,0,0,0,0,0
0,0,0,0,0,0,0,0,0,0,0,0,0,0,0,0,0,0,0,0,0,0,0,0,0,0,0,0,0,0,0,0,0,0,0,0,0,0,0,0,0,0,0,0,0,0,0,0,0,0,0,0,0,0,0,0,0,0,0,0,0,0,0,0,0,0,0,0,0,0,0,0,0,0,0,0,0,0,0,0,0,0,0,0,0,0,0,0,0,0,0,0,0,0,0,0,0,0,0,0
0,0,0,0,0,0,0,0,0,0,0,0,0,0,0,0,0,0,0,0,0,0,0,0,0,0,0,0,0,0,0,0,0,0,0,0,0,0,0,0,0,0,0,0,0,0,0,0,0,0,0,0,0,0,0,0,0,0,0,0,0,0,0,0,0,0,0,0,0,0,0,0,0,0,0,0,0,0,0,0,0,0,0,0,0,0,0,0,0,0,0,0,0,0,0,0,0,0,0,0
0,0,0,0,0,0,0,0,0,0,0,0,0,0,0,0,0,0,0,0,0,0,0,0,0,0,0,0,0,0,0,0,0,0,0,0,0,0,0,0,0,0,0,0,0,0,0,0,0,0,0,0,0,0,0,0,0,0,0,0,0,0,0,0,0,0,0,0,0,0,0,0,0,0,0,0,0,0,0,0,0,0,0,0,0,0,0,0,0,0,0,0,0,0,0,0,0,0,0,0
0,0,0,0,0,0,0,0,0,0,0,0,0,0,0,0,0,0,0,0,0,0,0,0,0,0,0,0,0,0,0,0,0,0,0,0,0,0,0,0,0,0,0,0,0,0,0,0,0,0,0,0,0,0,0,0,0,0,0,0,0,0,0,0,0,0,0,0,0,0,0,0,0,0,0,0,0,0,0,0,0,0,0,0,0,0,0,0,0,0,0,0,0,0,0,0,0,0,0,0
0,0,0,0,0,0,0,0,0,0,0,0,0,0,0,0,0,0,0,0,0,0,0,0,0,0,0,0,0,0,0,0,0,0,0,0,0,0,0,0,0,0,0,0,0,0,0,0,0,0,0,0,0,0,0,0,0,0,0,0,0,0,0,0,0,0,0,0,0,0,0,0,0,0,0,0,0,0,0,0,0,0,0,0,0,0,0,0,0,0,0,0,0,0,0,0,0,0,0,0
0,0,0,0,0,0,0,0,0,0,0,0,0,0,0,0,0,0,0,0,0,0,0,0,0,0,0,0,0,0,0,0,0,0,0,0,0,0,0,0,0,0,0,0,0,0,0,0,0,0,0,0,0,0,0,0,0,0,0,0,0,0,0,0,0,0,0,0,0,0,0,0,0,0,0,0,0,0,0,0,0,0,0,0,0,0,0,0,0,0,0,0,0,0,0,0,0,0,0,0
0,0,0,0,0,0,0,0,0,0,0,0,0,0,0,0,0,0,0,0,0,0,0,0,0,0,0,0,0,0,0,0,0,0,0,0,0,0,0,0,0,0,0,0,0,0,0,0,0,0,0,0,0,0,0,0,0,0,0,0,0,0,0,0,0,0,0,0,0,0,0,0,0,0,0,0,0,0,0,0,0,0,0,0,0,0,0,0,0,0,0,0,0,0,0,0,0,0,0,0
0,0,0,0,0,0,0,0,0,0,0,0,0,0,0,0,0,0,0,0,0,0,0,0,0,0,0,0,0,0,0,0,0,0,0,0,0,0,0,0,0,0,0,0,0,0,0,0,0,0,0,0,0,0,0,0,0,0,0,0,0,0,0,0,0,0,0,0,0,0,0,0,0,0,0,0,0,0,0,0,0,0,0,0,0,0,0,0,0,0,0,0,0,0,0,0,0,0,0,0
0,0,0,0,0,0,0,0,0,0,0,0,0,0,0,0,0,0,0,0,0,0,0,0,0,0,0,0,0,0,0,0,0,0,0,0,0,0,0,0,0,0,0,0,0,0,0,0,0,0,0,0,0,0,0,0,0,0,0,0,0,0,0,0,0,0,0,0,0,0,0,0,0,0,0,0,0,0,0,0,0,0,0,0,0,0,0,0,0,0,0,0,0,0,0,0,0,0,0,0
0,0,0,0,0,0,0,0,0,0,0,0,0,0,0,0,0,0,0,0,0,0,0,0,0,0,0,0,0,0,0,0,0,0,0,0,0,0,0,0,0,0,0,0,0,0,0,0,0,0,0,0,0,0,0,0,0,0,0,0,0,0,0,0,0,0,0,0,0,0,0,0,0,0,0,0,0,0,0,0,0,0,0,0,0,0,0,0,0,0,0,0,0,0,0,0,0,0,0,0
0,0,0,0,0,0,0,0,0,0,0,0,0,0,0,0,0,0,0,0,0,0,0,0,0,0,0,0,0,0,0,0,0,0,0,0,0,0,0,0,0,0,0,0,0,0,0,0,0,0,0,0,0,0,0,0,0,0,0,0,0,0,0,0,0,0,0,0,0,0,0,0,0,0,0,0,0,0,0,0,0,0,0,0,0,0,0,0,0,0,0,0,0,0,0,0,0,0,0,0
0,0,0,0,0,0,0,0,0,0,0,0,0,0,0,0,0,0,0,0,0,0,0,0,0,0,0,0,0,0,0,0,0,0,0,0,0,0,0,0,0,0,0,0,0,0,0,0,0,0,0,0,0,0,0,0,0,0,0,0,0,0,0,0,0,0,0,0,0,0,0,0,0,0,0,0,0,0,0,0,0,0,0,0,0,0,0,0,0,0,0,0,0,0,0,0,0,0,0,0
0,0,0,0,0,0,0,0,0,0,0,0,0,0,0,0,0,0,0,0,0,0,0,0,0,0,0,0,0,0,0,0,0,0,0,0,0,0,0,0,0,0,0,0,0,0,0,0,0,0,0,0,0,0,0,0,0,0,0,0,0,0,0,0,0,0,0,0,0,0,0,0,0,0,0,0,0,0,0,0,0,0,0,0,0,0,0,0,0,0,0,0,0,0,0,0,0,0,0,0
0,0,0,0,0,0,0,0,0,0,0,0,0,0,0,0,0,0,0,0,0,0,0,0,0,0,0,0,0,0,0,0,0,0,0,0,0,0,0,0,0,0,0,0,0,0,0,0,0,0,0,0,0,0,0,0,0,0,0,0,0,0,0,0,0,0,0,0,0,0,0,0,0,0,0,0,0,0,0,0,0,0,0,0,0,0,0,0,0,0,0,0,0,0,0,0,0,0,0,0
0,0,0,0,0,0,0,0,0,0,0,0,0,0,0,0,0,0,0,0,0,0,0,0,0,0,0,0,0,0,0,0,0,0,0,0,0,0,0,0,0,0,0,0,0,0,0,0,0,0,0,0,0,0,0,0,0,0,0,0,0,0,0,0,0,0,0,0,0,0,0,0,0,0,0,0,0,0,0,0,0,0,0,0,0,0,0,0,0,0,0,0,0,0,0,0,0,0,0,0
0,0,0,0,0,0,0,0,0,0,0,0,0,0,0,0,0,0,0,0,0,0,0,0,0,0,0,0,0,0,0,0,0,0,0,0,0,0,0,0,0,0,0.000153526508800685,5.24742295800988e-05,5.85830000961167e-05,0,0,0,0,0,0,0,0,0,0,0,0,0,0,0,0,0,0,0,0,0,0,0,0,0,0,0,0,0,0,0,0,0,0,0,0,0,0,0,0,0,0,0,0,0,0,0,0,0,0,0,0,0,0,0
0,0,0,0,0,0,0,0,0,0,0,0,0,0,0,0,0,0,0,0,0,0,0,0,0,0,0,0,0,0,0,0,0,0,0,0,0,0,0,0,0,0,0.000825525508327119,0.000459513333649551,0.000332444607430869,7.28630793636946e-07,0,0.000166984151571513,0.000118044239544015,0,0,0,0,0,0,0,0,0,0,0,0,0,0,0,0,0,0,0,0,0,0,0,0,0,0,0,0,0,0,0,0,0,0,0,0,0,0,0,0,0,0,0,0,0,0,0,0,0,0,0
0,0,0,0,0,0,0,0,0,0,0,0,0,0,0,0,0,0,0,0,0,0,0,0,0,0,0,0,0,0,0,0,0,0,0,0,0,0,0.0001211913847513,0.000195114442075155,9.68376461473102e-05,5.58509285784761e-05,7.06997648053172e-05,0.000308806937871776,0.000955079401884964,0.00106832351449243,0.00031398682470563,0.000350309129334144,0.000486194004417311,0,2.83533733757847e-05,0.000189387865154101,0,1.88169276580197e-05,0.000330041618639682,0,0,0,0,0,0,0,0,0,0,0,0,0,0,0,0,0,0,0,0,0,0,0,0,0,0,0,0,0,0,0,0,0,0,0,0,0,0,0,0,0,0,0,0,0
0,0,0,0,0,0,0,0,0,0,0,0,0,0,0,0,0,0,0,0,0,0,0,0,0,0,0,0,0,0,0,0,0,0,0,0,0.000219880169655047,0.00025270636767341,0.000208830592545927,0.000935998352783004,0.000727909410731708,0.000710700956385053,0.000482867984532871,0.00115901783771875,0.00135183847180664,0.000991975504955974,0.00135975794943667,0.000545513933450595,0.000405421113836512,0.00021628192884489,0.00015750376979708,0.000321532141705357,0,8.15235238071852e-06,0.000142989101321579,0,0.000304226536195127,2.82347873619136e-05,0,0,0,0,0,0,0,0,0,0,0,0,0,0,0,0,0,0,0,0,0,0,0,0,0,0,0,0,0,0,0,0,0,0,0,0,0,0,0,0,0,0
0,0,0,0,0,0,0,0,0,0,0,0,0,0,0,0,0,0,0,0,0,0,0,0,0,0,0,0,0,0,0,0,0,0.000174546106713959,0.000230125486622796,0.000504458812931191,0.00033142985270863,0.000199326206527678,0.000407315706520946,0.00075962620393163,0.00153778148867834,0.00104547010746394,0.0025126171290547,0.00221944851987337,0.000916731533350531,0.00132364857177005,0.00184223916609684,0.000752057949028385,0.00169263348479577,0.000622339459748621,0.000732141329466649,0.00087721861772808,0.000305967701986223,0,1.20833762923735e-05,0.000484502736622489,0.000153310197612242,4.55165438434045e-05,5.37152729505734e-05,0,0,0,0,0,0,0,0,0,0,0,0,0,0,0,0,0,0,0,0,0,0,0,0,0,0,0,0,0,0,0,0,0,0,0,0,0,0,0,0,0
0,0,0,0,0,0,0,0,0,0,0,0,0,0,0,0,0,0,0,0,0,0,0,0,0,0,0,0,0,0,0,0,0,0.000203138884023625,0.000290539205977431,0.00181082570818702,0.00073157525834849,0.000789878804224608,0.00178230903700644,0.0017451843424038,0.00245657574990941,0.00261847534188062,0.00144694961545909,0.00164792231356267,0.00116668191360042,0.00151175764504535,0.00107341399975912,0.000229157537160481,0.00116423461422431,0.00163994291847582,0.00161061748418526,0.00101644021125717,0.000975995912679101,0.000239597045018817,2.20925488315085e-05,0.000223121709074023,0.000230293296975787,0.000152752148950502,0.000262244513086237,0,0,0,0,0,0,0,0,0,0,0,0,0,0,0,0,0,0,0,0,0,0,0,0,0,0,0,0,0,0,0,0,0,0,0,0,0,0,0,0,0
0,0,0,0,0,0,0,0,0,0,0,0,0,0,0,0,0,0,0,0,0,0,0,0,0,0,0,0,0,0,0,0,9.80554685489214e-05,0.000305909871415708,0.000447297792577395,0.00177001531913567,0.00130972043548387,0.00284841662211763,0.00369619680376775,0.00274636602039323,0.00263542051169941,0.00273377221453602,0.00208365087871322,0.00114160409753589,0.000615777252765411,0.00096183422932396,0.000938886060845032,0.000421495398416334,0.00088184497540211,0.00120953166861988,0.000964887824916194,0.000741483380129637,0.000461935848566553,0.000736941952868429,0.000460530167626979,0.000966326470684528,0.000750086184522569,0.000125017577895662,3.17537451298636e-06,0,0,0,0,0,0,0,0,0,0,0,0,0,0,0,0,0,0,0,0,0,0,0,0,0,0,0,0,0,0,0,0,0,0,0,0,0,0,0,0,0
0,0,0,0,0,0,0,0,0,0,0,0,0,0,0,0,0,0,0,0,0,0,0,0,0,0,0,0,0,0,0,0,6.6133737338944e-05,0.000361114632877526,0.00114747290140959,0.00400995011807148,0.00326934377163372,0.00282491570372927,0.00348549856837672,0.00335699713540994,0.00249149052872834,0.00248045685388104,0.000902327145699204,0.00114277666438291,0.000224531795199179,0.00105061978212148,0.000712602099252498,0.0014295219429536,0.000485474298709054,0.000932966691079466,0.00082818699251425,0.000559719019777436,0.000586438886202145,0.000374750466813927,0.000898348693129802,0.000866904025441203,0.00136369401662486,0.000919790301284634,0.000425018767015624,8.0063808039536e-05,8.34473632042189e-05,0,0,0,0,0,0,0,0,0,0,0,0,0,0,0,0,0,0,0,0,0,0,0,0,0,0,0,0,0,0,0,0,0,0,0,0,0,0,0
0,0,0,0,0,0,0,0,0,0,0,0,0,0,0,0,0,0,0,0,0,0,0,0,0,0,0,0,0,0,0,0,0,0.00101559124714127,0.00392812139004432,0.00517006864383745,0.00432873468758099,0.00206160782292544,0.00253815443655477,0.0016756451589198,0.00157764625985226,0.0033965721303087,0.000543409263778114,0.000553571278385873,0.000600394014440802,0.00107933553798417,0.000729539348608922,0.00159896696792401,0.000406941149722102,0.000839246448611559,0.000526991860774047,0.000836018637497587,0.000390343241560338,0.000197853141645134,0.000207190516695248,0.0002382659985718,0.0007222538489128,0.000289174281176569,0.000215358266114029,0.00085055277248476,0.000421369721706671,0,0,0,0,0,0,0,0,0,0,0,0,0,0,0,0,0,0,0,0,0,0,0,0,0,0,0,0,0,0,0,0,0,0,0,0,0,0,0
0,0,0,0,0,0,0,0,0,0,0,0,0,0,0,0,0,0,0,0,0,0,0,0,0,0,0,0,0,0,0,0.000321562060105888,0.000883057699205581,0.00290489159340307,0.00371623747413781,0.00434898982336168,0.00487211831772015,0.00233680325301498,0.00238715358488381,0.00141708792073339,0.000645875515638639,0.00186938836736353,0.000655205333962805,0.00150590783688064,0.00137241280552159,0.00161893017723597,0.000800069916318213,0.00098939114425914,0.000148761820152786,0.000880857536073075,0.00146525150463612,0.00132413664152517,0.000560724269519957,0.000263531903144929,0.000761337931857568,0.000829582235528572,0.000264844777514173,0.000270142467517497,0.000249936207097812,0.000627449270013502,7.2237418381246e-05,0.000282104291698221,0,0,0,0,0,0,0,0,0,0,0,0,0,0,0,0,0,0,0,0,0,0,0,0,0,0,0,0,0,0,0,0,0,0,0,0,0,0
0,0,0,0,0,0,0,0,0,0,0,0,0,0,0,0,0,0,0,0,0,0,0,0,0,0,0,0,0,0,0.000248789110902156,0.00102073443493506,0.00201399075291954,0.0026291139828034,0.00462896581981864,0.00496999181074184,0.00516434132345182,0.00272225724906229,0.00226818668042766,0.00144337456614321,0.00150769223597276,0.00177434235634024,0.00160530654428981,0.00121364049604206,0.000974006343440959,0.00086146887340436,0.000449091750543942,0.000670568715365716,0.000895480341134772,0.000431755583190373,0.000978400802912103,0.000878307545289268,0.000501795521983965,0.000734780205780122,0.000949904868125574,0.000546750503765898,0.00109819257342064,0.000598511287846892,0.000293336858319716,0.000222323645725548,0.00010144543962323,0.000115963849411888,0,0,0,0,0,0,0,0,0,0,0,0,0,0,0,0,0,0,0,0,0,0,0,0,0,0,0,0,0,0,0,0,0,0,0,0,0,0
0,0,0,0,0,0,0,0,0,0,0,0,0,0,0,0,0,0,0,0,0,0,0,0,0,0,0,0,0,0,0.000766073320350111,0.00192276912037015,0.00166208834920484,0.00308221982666441,0.00583990176680177,0.006047880308972,0.00552951807008664,0.00484394734698735,0.00220884256134823,0.00142140947269288,0.000757228257154416,0.00117339882376291,0.000860208154660033,0.000658119833977578,0.000722015256431429,0.000375391265521631,0.000611134935620102,0.000179837173362766,0.000374629135005376,0.000339837306947888,0.000629609653009249,0.000513680940284014,0.000289512433655384,0.0015197286379581,0.000968787652702523,0.00125792353295104,0.000760318591006975,0.000473838668316364,0.000392860416358002,0.000232291675996247,0.000246075487202499,0,0,0,0,0,0,0,0,0,0,0,0,0,0,0,0,0,0,0,0,0,0,0,0,0,0,0,0,0,0,0,0,0,0,0,0,0,0,0
0,0,0,0,0,0,0,0,0,0,0,0,0,0,0,0,0,0,0,0,0,0,0,0,0,0,0,0,0,0.000218050245413783,0.000337255676774071,0.00159544181089139,0.00279822560495998,0.00465759718870777,0.00546891808989832,0.00571754428299161,0.00662816636881824,0.00475214685999499,0.00234755702299804,0.00145490318538436,0.000417877555149192,0.000372003962522726,0.000499215287336303,0,0.000153232748497745,3.14004113923043e-05,0.00020233011697678,0.000337417981263061,0.000367593419992074,0.00062227068987186,0.00124807588443088,0.000534955798178919,0.000439114732012421,0.000986253394356633,0.0010013309491745,0.000559125646395679,0.000528919987824036,0.000414214205778887,0.000393917669543408,2.99587171809973e-06,6.15169948590858e-05,0.000208780917032979,0,0,0,0,0,0,0,0,0,0,0,0,0,0,0,0,0,0,0,0,0,0,0,0,0,0,0,0,0,0,0,0,0,0,0,0,0,0
0,0,0,0,0,0,0,0,0,0,0,0,0,0,0,0,0,0,0,0,0,0,0,0,0,0,0,0,0,0.000303100736475161,0.000770248929210296,0.00156669974754833,0.00307390615255956,0.00398971182228627,0.00719516034055307,0.00594558751685363,0.00436664067803616,0.00517005159318175,0.00187590317930519,0.00111343920776496,0.00163452893175243,0.000414775050302993,0.000921510749367754,0.000441109309820887,0.00095414435155344,0.000179870385971922,0.000321010983664472,0.000421222457878321,0.000658051647263381,0.000653592834381723,0.00127661622327465,0.00077473923982233,0.000611909960276351,0.000697209234869906,0.000958997639744351,0.000399490634754264,0.00043725531371658,0.000673153539840141,0.000438947801869452,0.000474197215749821,0.000203299917588002,0.000177424280727389,0.000254171411789895,0.000179075124564821,0,0,0,0,0,0,0,0,0,0,0,0,0,0,0,0,0,0,0,0,0,0,0,0,0,0,0,0,0,0,0,0,0,0,0,0
0,0,0,0,0,0,0,0,0,0,0,0,0,0,0,0,0,0,0,0,0,0,0,0,0,0,0,0,0,0.000526719001908756,0.000631430115658328,0.00190529587676984,0.00349800937550582,0.0081679212345696,0.00639491467501641,0.00571109354130162,0.00387224279814698,0.00340923454026843,0.001938023088585,0.00109633838646052,0.000720353772744651,0.000774300655882771,0.00180707976416114,0.0017913529185146,0.000771396380181231,0.000353304728521559,0.000345970706913336,0.000255360890290017,0.00010524778256033,0.000543528019879463,0.000577784049481705,0.00084072327837674,0.000673029044073928,0.000915841839850984,0.0010606272170035,0.000528159625381018,0.000663225028935466,0.000214420649131309,0.000629459910358216,0.000242765010486946,0.000482034644407699,0.000242286975440738,0.000235441576962095,0.000721631800591621,0,0,0,0,0,0,0,0,0,0,0,0,0,0,0,0,0,0,0,0,0,0,0,0,0,0,0,0,0,0,0,0,0,0,0,0
0,0,0,0,0,0,0,0,0,0,0,0,0,0,0,0,0,0,0,0,0,0,0,0,0,0,0,0,0,0.000414383232802164,0.00138265622510809,0.00191138755714551,0.00339833490931077,0.00602363254345057,0.00422889505217768,0.00400255065813454,0.00477384446610502,0.00486403453906784,0.00300285113706191,0.000757012290998785,0.000371058288555767,0.000277429787547427,0.000353014594780605,0.000831962240828441,0.000669550174415309,0.000926364782199667,0.00120523994548634,0.000732214631519688,0.000517125589798038,0.00061374504624688,0.00053194150958184,0.000934227828495722,0.0011225327253682,0.000477536746586991,0.000266827299490265,0.000539290345833996,0.00099894195596092,0.000212485107239549,0.000452750535924736,0.000511313054014784,0.000384620954314274,0.000325997286143024,0.000537702983216376,0.000107610756814282,0,0,0,0,0,0,0,0,0,0,0,0,0,0,0,0,0,0,0,0,0,0,0,0,0,0,0,0,0,0,0,0,0,0,0,0
0,0,0,0,0,0,0,0,0,0,0,0,0,0,0,0,0,0,0,0,0,0,0,0,0,0,0,0,0,8.87497223532409e-05,0.000745087988136535,0.00284657806545708,0.00334571635657192,0.00379130466576002,0.00318081727781067,0.00497135545417781,0.00490845687010753,0.00352337462749183,0.00271021094642174,0.000742867794593246,0.000320770970119667,0.00061191108340633,0.000695706473127855,0.000209164545014824,0.000353837719864658,0.000345325692291602,0.000971691378668717,0.000957633195462682,0.00118361779120663,0.000402007854468075,0.000287631037912007,0.00146196202595002,0.00141750094596569,0.000452417288704851,0.000226751686040763,0.000250549520825089,0.000352377476694929,0.000330651291574579,8.96464556954686e-05,0.00046529055050645,0.000249542553691524,0.000352445659990656,9.54475812388085e-05,0,0,0,0,0,0,0,0,0,0,0,0,0,0,0,0,0,0,0,0,0,0,0,0,0,0,0,0,0,0,0,0,0,0,0,0,0
0,0,0,0,0,0,0,0,0,0,0,0,0,0,0,0,0,0,0,0,0,0,0,0,0,0,0,0,0,0.000103594388236004,0.000903651111590709,0.00218464169094086,0.00379062177648439,0.00423874772395303,0.00537404170324322,0.00426033324868532,0.00321879726551006,0.00159439686591775,0.00145123478719113,0.000876020544518482,0.000497486207160235,0.000488009202129857,0.000294747662005733,0.000224138773911007,0.000377778123421582,0.000150515552799732,0,0.000901558420115565,0.000607628031593058,0.000379358144951349,0.00047493299223589,0.00134805376625995,0.000718380644102535,0.000799541079245798,0.000672929112207818,0.00197391259368067,0.000958566240429211,0.000381664862376224,0.000431265920156217,0.000158359161247518,6.10018188005037e-05,0.000242795891592032,0.000574186474665531,0,0,0,0,0,0,0,0,0,0,0,0,0,0,0,0,0,0,0,0,0,0,0,0,0,0,0,0,0,0,0,0,0,0,0,0,0
0,0,0,0,0,0,0,0,0,0,0,0,0,0,0,0,0,0,0,0,0,0,0,0,0,0,0,0,0,6.1196355390092e-05,0.000517844914324609,0.00151878320555667,0.00395293015095563,0.00318787582716245,0.00529542759235299,0.00476510080317652,0.00318527276772661,0.0027936779654224,0.00301836419963953,0.00177791958421932,0.00162745379836582,0.000390666052379632,0.000894533704613995,0.00117178030908952,0.000903332789092032,0.000304420387632143,0.000213293519653025,0.000797202199256858,0.00025684282486162,0.000383390051698884,0.000825627150279049,0.000332214529145915,0.000484983943749816,0.00023642106394054,0.000254827846738673,0.00168868084682209,0.00138883233545409,0.000815699179038831,0.000695456105663458,0.000372552368620877,0.000505508381879123,0.000194168159923499,0.000463484480074933,0,0,0,0,0,0,0,0,0,0,0,0,0,0,0,0,0,0,0,0,0,0,0,0,0,0,0,0,0,0,0,0,0,0,0,0,0
0,0,0,0,0,0,0,0,0,0,0,0,0,0,0,0,0,0,0,0,0,0,0,0,0,0,0,0,0,0.000331523615659333,0.000629223286406552,0.00134634384792231,0.00284283169493052,0.00260985567620718,0.00288833341865819,0.00342410327797225,0.00309287585338192,0.00264627453642595,0.00177125847670331,0.00143410280025322,0.000677135962316604,0.00110048478537944,0.00151459073783129,0.00119794116047349,0.00141340809081539,0.00115549844249184,0.00079038817639878,0.000149467383432539,0.000474827097585677,0.000207439278358599,0.000116571094045601,0.000150948253623943,0.000330974702232469,0.000828522888281642,0.000165762765195616,0.000906389307384894,0.000817563075386491,0.000701479437355356,0.00054316095163412,0.00084763183801768,0.000645281445998218,0,0,0,0,0,0,0,0,0,0,0,0,0,0,0,0,0,0,0,0,0,0,0,0,0,0,0,0,0,0,0,0,0,0,0,0,0,0,0
0,0,0,0,0,0,0,0,0,0,0,0,0,0,0,0,0,0,0,0,0,0,0,0,0,0,0,0,0,0,0.000137658145351319,0.000696313328403235,0.00211827283780067,0.00302923631602715,0.00348672397168414,0.00261213015797775,0.00455242116687261,0.00273848323287936,0.000781765512334069,0.00112072178276984,0.00147356389704241,0.000834474397848387,0.00134636117199433,0.000380830260275503,0.00104245401279183,0.000825556028151612,0.000508360506043864,2.37904145728417e-05,0.000114630995708323,0.00021820227576123,6.73773987172409e-05,0.00114148318215332,0.000246083810467106,0.000854237820673426,0.00029665077848519,0.000453330877009086,0.00026909809335219,0.000698521127754893,0.000468753479617945,0.000749139051553668,0.000375415420458618,0.000513455953533005,0.000294978156179416,0.000241560803558043,2.61747291274989e-05,0,0,0,0,0,0,0,0,0,0,0,0,0,0,0,0,0,0,0,0,0,0,0,0,0,0,0,0,0,0,0,0,0,0,0
0,0,0,0,0,0,0,0,0,0,0,0,0,0,0,0,0,0,0,0,0,0,0,0,0,0,0,0,0,0,0,0.000226153016442264,0.00263390165044254,0.00324687978570158,0.00398325222585391,0.00485880812660848,0.00421020632105509,0.00151656664628444,0.00133841422440024,0.00106428185816514,0.000808794567959382,0.00119068620481825,0.00135822839288415,0.000658881826402064,0.00036978067461589,0.000833401379727054,0.000677018323876447,0.000557990637635759,0.000121583377986613,0,0.000478630133720454,0.00108511397875738,0.000189636383062038,0.000157242522149196,8.54959601436821e-05,0.000550723370977227,0.00058673216331841,0.00086691942682841,0.00046126580023812,0.000734900506276888,0.000923490668284535,0.000410763502493433,0.000318580009516241,0.000209557509231912,2.27069580825461e-05,0,0,0,0,0,0,0,0,0,0,0,0,0,0,0,0,0,0,0,0,0,0,0,0,0,0,0,0,0,0,0,0,0,0,0
0,0,0,0,0,0,0,0,0,0,0,0,0,0,0,0,0,0,0,0,0,0,0,0,0,0,0,0,0,0,0,6.84923536212668e-05,0.00140375197389042,0.00229284746017751,0.00326528680432557,0.00462392009534896,0.00306003521550312,0.00232004315446275,0.00251398751829285,0.00090244104969106,0.000771320779308141,0.000909824784608235,0.000341173994105065,0.00088267137782452,0.000377897875864843,0.000730921143336352,0.000819816131936496,0.000651912059254427,0.000410191809506674,0.00038847268165797,0.000292536397789301,0.00042073549092292,0.000156152231363387,0.00013279015968741,0.000550276997341089,0.000206043510110176,0.000173787154308594,0.000183575444384462,0.000119841739920568,0.000140043049009091,0.000377677502984353,7.73307314595732e-05,0.000125253405419042,7.19180121222081e-05,2.32221066319328e-05,0,0,0,0,0,0,0,0,0,0,0,0,0,0,0,0,0,0,0,0,0,0,0,0,0,0,0,0,0,0,0,0,0,0,0
0,0,0,0,0,0,0,0,0,0,0,0,0,0,0,0,0,0,0,0,0,0,0,0,0,0,0,0,0,0,0,0,0.000663748322310086,0.00123775788903503,0.00247135625641095,0.00482216842002748,0.00348353820274667,0.00359498695335301,0.00315366729588202,0.00167033324592399,0.000697296390902932,0.000667080592359691,0.000748781106713902,0.00104939911334668,0.000498549538312981,0.000619724463588107,0.000453322392456938,0.000345156605394118,0.000323537539369783,0.000305390284377742,0.00121177876399292,0.00112592975035563,0.000150876606331116,7.01407732202876e-05,0.000283341857808009,0.00134899987146364,0.000813053288040977,0.00105026434137972,0.000186351704221753,0.000499465681555002,9.21956451930654e-05,0,0.000737108356626565,0.000414027898720268,0.000114348228479991,0,0,0,0,0,0,0,0,0,0,0,0,0,0,0,0,0,0,0,0,0,0,0,0,0,0,0,0,0,0,0,0,0,0,0
0,0,0,0,0,0,0,0,0,0,0,0,0,0,0,0,0,0,0,0,0,0,0,0,0,0,0,0,0,0,0,0,0.000129441951664625,0.000205630350760697,0.000458585010336672,0.00358588738515773,0.00517030382795298,0.00499670244616983,0.00332157645349809,0.00129008552976155,0.000917330692890329,0.000942858714396732,0.000732969438426181,0.000178643568397668,0.000248518718270297,0.000523654382767874,0.000570668486188836,0.00128794520846186,0.000374588174059168,0.000727512817080442,0.000717828699384767,0.000831348570523785,0.000145745414885885,0.000343818519071811,1.34014233724917e-05,0.00072790831734837,0.00119343718783526,0.000569946019617124,0.000316705680449807,0.00024711176454293,7.15790125966972e-07,0,1.16796250404096e-05,2.442366959583e-06,0,0,0,0,0,0,0,0,0,0,0,0,0,0,0,0,0,0,0,0,0,0,0,0,0,0,0,0,0,0,0,0,0,0,0,0
0,0,0,0,0,0,0,0,0,0,0,0,0,0,0,0,0,0,0,0,0,0,0,0,0,0,0,0,0,0,0,0,0,0.000233437124636158,0.000449654579922638,0.00179542613817818,0.00232223281415908,0.00264189068424265,0.00156555260656738,0.00111306312019931,0.00103431288848183,0.00116539087462578,0.000845758718726141,0.000475473951081013,0.000976686049876565,0.000575292446494279,0.000885276034108626,0.00151378182573804,0.00112578992064172,0.00129701741434226,0.000679556777941148,0.000613230927022327,0.000281670380091135,0.000776384475878796,0.000275816636420092,8.17404107507517e-05,0.000285628573645038,0.000461433872313255,0.000369993473466246,0.000350728164696079,0.000121652793685891,0,0,0,0,0,0,0,0,0,0,0,0,0,0,0,0,0,0,0,0,0,0,0,0,0,0,0,0,0,0,0,0,0,0,0,0,0,0,0
0,0,0,0,0,0,0,0,0,0,0,0,0,0,0,0,0,0,0,0,0,0,0,0,0,0,0,0,0,0,0,0,0.000100990879680564,0.00021958653451229,3.94043604935097e-05,0.000243562639085713,0.00104447832036284,0.00093384199269019,0.00197221326122286,0.00156844078264378,0.00232908333367562,0.000434933543766588,0.000861543599101814,0.00131183045997981,0.00147208307753008,0.000855070069863377,0.00113191078273842,0.00174985913443148,0.000653605349702489,0.00103417059621622,0.000410027233994674,0.000843981323191395,0.000727334861806499,0.000626913615351058,0.000770227039860778,0.000192637617904309,6.49807421951909e-05,0.000476805064460323,3.22239650385228e-05,0.000182636351239182,0.000495816586122991,2.19983269157357e-05,0,0,0,0,0,0,0,0,0,0,0,0,0,0,0,0,0,0,0,0,0,0,0,0,0,0,0,0,0,0,0,0,0,0,0,0,0,0
0,0,0,0,0,0,0,0,0,0,0,0,0,0,0,0,0,0,0,0,0,0,0,0,0,0,0,0,0,0,0,0,5.6523148459624e-05,0.000122899437347522,0.000377900265551418,0.000354750054194069,0.000674418757306631,0.00178355251924364,0.00215898788437111,0.00158926672514181,0.00260530986281311,0.00156404101452235,0.00185766291214073,0.00232069609384985,0.00129490605527828,0.00186443616512756,0.00113623419150363,0.00152190654732474,0.000621384913882437,0.00036921486058284,0.000748220530174152,0.00114484841443043,0.00131579010540163,0.00141247433371754,0.0011807285310083,0.00168796915258821,0.000274898149595382,0.000427049986267979,2.29980916206848e-05,0.000284225126059629,9.24731434364741e-05,1.52266372310057e-06,0,0,0,0,0,0,0,0,0,0,0,0,0,0,0,0,0,0,0,0,0,0,0,0,0,0,0,0,0,0,0,0,0,0,0,0,0,0
0,0,0,0,0,0,0,0,0,0,0,0,0,0,0,0,0,0,0,0,0,0,0,0,0,0,0,0,0,0,0,0,0,0,0,0,0.000926550966085488,0.000655512426884193,0.00152355657617895,0.00151818373036976,0.000959638821262424,0.00154670995588911,0.00176588724712036,0.00180588331030176,0.0018111308345724,0.00188057501638555,0.00199689204820391,0.00120307796489768,0.000513807530388938,0.0007989492292483,0.000854810539488274,0.000871831661762869,0.00192033029812365,0.000927111331867299,0.000215511925895258,0.00136817559579148,0.000409568116111092,2.71568594472342e-05,0,0,0,0,0,0,0,0,0,0,0,0,0,0,0,0,0,0,0,0,0,0,0,0,0,0,0,0,0,0,0,0,0,0,0,0,0,0,0,0,0,0
0,0,0,0,0,0,0,0,0,0,0,0,0,0,0,0,0,0,0,0,0,0,0,0,0,0,0,0,0,0,0,0,0,0,0,0,0.000317131211340842,0.000262038523934032,0.00153000877243504,0.00119419446991101,0.00100765240232567,0.00115228046410227,0.0012287750039345,0.00130663502385306,0.00106906348851084,0.000723938464167545,0.000910735352988899,0.00078901510250188,0.000803716787542245,0.00118021461151571,0.00126900371188078,0.000621893331393744,0.000809471510853552,0.000907651931547599,0.000641416356393812,0.00042595033406941,0.000462881912886763,0.000261572335375864,0,0,0,0,0,0,0,0,0,0,0,0,0,0,0,0,0,0,0,0,0,0,0,0,0,0,0,0,0,0,0,0,0,0,0,0,0,0,0,0,0,0
0,0,0,0,0,0,0,0,0,0,0,0,0,0,0,0,0,0,0,0,0,0,0,0,0,0,0,0,0,0,0,0,0,0,0,0,0,0.000330395859619703,0.000148051005090739,0.00037433388349555,0.00140183451246141,0.00233837324189186,0.00196333643896159,0.00181093877104324,0.00109199141970812,0.000504640497549984,0.0016357223209846,0.0013237968931682,0.00123812529756998,0.00122137730912078,0.00197311316807457,0.000812329889343949,0.0009928423764114,0.000873698002156391,0.000581087937166614,0.000204509533236633,0.000342539006349273,9.67116157496493e-05,8.90932550167008e-05,0,0,0,0,0,0,0,0,0,0,0,0,0,0,0,0,0,0,0,0,0,0,0,0,0,0,0,0,0,0,0,0,0,0,0,0,0,0,0,0,0
0,0,0,0,0,0,0,0,0,0,0,0,0,0,0,0,0,0,0,0,0,0,0,0,0,0,0,0,0,0,0,0,0,0,0,0,0,1.48837147585929e-05,6.66942053096523e-06,6.03258233818353e-05,0.000463067397798957,0.0010441030135561,0.0014047005277098,0.000954693283296044,0.000860237334688684,0.000375955335276589,0.000766577274957902,0.00153294254796928,0.00103559535563955,0.000535850958973288,0.000554953515855931,0.00010055356123263,0.000468608019411579,7.55689621096748e-05,0,1.52162352674372e-05,0.000471420480704516,0.000214336911720888,0.000160359812147532,0,0,0,0,0,0,0,0,0,0,0,0,0,0,0,0,0,0,0,0,0,0,0,0,0,0,0,0,0,0,0,0,0,0,0,0,0,0,0,0,0
0,0,0,0,0,0,0,0,0,0,0,0,0,0,0,0,0,0,0,0,0,0,0,0,0,0,0,0,0,0,0,0,0,0,0,0,0,0,0,0,5.84559017420837e-06,9.79139068468617e-05,0.000515519110934142,0.000203855085385652,0,0.000165034174103552,0.000269766078895499,0.000185903096862122,5.04874493383559e-05,0.000137616075116946,0.000381453165894143,8.19063374224879e-05,0.000292951296038458,3.57116058351629e-05,0,0,6.07722286362901e-05,8.57920471626835e-06,0,0,0,0,0,0,0,0,0,0,0,0,0,0,0,0,0,0,0,0,0,0,0,0,0,0,0,0,0,0,0,0,0,0,0,0,0,0,0,0,0,0
0,0,0,0,0,0,0,0,0,0,0,0,0,0,0,0,0,0,0,0,0,0,0,0,0,0,0,0,0,0,0,0,0,0,0,0,0,0,0,0,0,0,0.000106982088302785,5.05892387559049e-05,0,0,0.000184262487535614,0.000585202385746937,0.000639966238201683,9.29604059129449e-05,0,0,0,0,0,0,0,0,0,0,0,0,0,0,0,0,0,0,0,0,0,0,0,0,0,0,0,0,0,0,0,0,0,0,0,0,0,0,0,0,0,0,0,0,0,0,0,0,0,0
0,0,0,0,0,0,0,0,0,0,0,0,0,0,0,0,0,0,0,0,0,0,0,0,0,0,0,0,0,0,0,0,0,0,0,0,0,0,0,0,0,0,0,0,0,0,0.000115172612813633,0.000114934765558903,0.000191684838712852,6.39392198713067e-05,8.16980360388139e-06,0,0,0,0,0,0,0,0,0,0,0,0,0,0,0,0,0,0,0,0,0,0,0,0,0,0,0,0,0,0,0,0,0,0,0,0,0,0,0,0,0,0,0,0,0,0,0,0,0
0,0,0,0,0,0,0,0,0,0,0,0,0,0,0,0,0,0,0,0,0,0,0,0,0,0,0,0,0,0,0,0,0,0,0,0,0,0,0,0,0,0,0,0,0,0,0,0,0,0.000357317759523451,0.000107308471792048,0,0,0,0,0,0,0,0,0,0,0,0,0,0,0,0,0,0,0,0,0,0,0,0,0,0,0,0,0,0,0,0,0,0,0,0,0,0,0,0,0,0,0,0,0,0,0,0,0
0,0,0,0,0,0,0,0,0,0,0,0,0,0,0,0,0,0,0,0,0,0,0,0,0,0,0,0,0,0,0,0,0,0,0,0,0,0,0,0,0,0,0,0,0,0,0,0,0,0,0,0,0,0,0,0,0,0,0,0,0,0,0,0,0,0,0,0,0,0,0,0,0,0,0,0,0,0,0,0,0,0,0,0,0,0,0,0,0,0,0,0,0,0,0,0,0,0,0,0
0,0,0,0,0,0,0,0,0,0,0,0,0,0,0,0,0,0,0,0,0,0,0,0,0,0,0,0,0,0,0,0,0,0,0,0,0,0,0,0,0,0,0,0,0,0,0,0,0,0,0,0,0,0,0,0,0,0,0,0,0,0,0,0,0,0,0,0,0,0,0,0,0,0,0,0,0,0,0,0,0,0,0,0,0,0,0,0,0,0,0,0,0,0,0,0,0,0,0,0
0,0,0,0,0,0,0,0,0,0,0,0,0,0,0,0,0,0,0,0,0,0,0,0,0,0,0,0,0,0,0,0,0,0,0,0,0,0,0,0,0,0,0,0,0,0,0,0,0,0,0,0,0,0,0,0,0,0,0,0,0,0,0,0,0,0,0,0,0,0,0,0,0,0,0,0,0,0,0,0,0,0,0,0,0,0,0,0,0,0,0,0,0,0,0,0,0,0,0,0
0,0,0,0,0,0,0,0,0,0,0,0,0,0,0,0,0,0,0,0,0,0,0,0,0,0,0,0,0,0,0,0,0,0,0,0,0,0,0,0,0,0,0,0,0,0,0,0,0,0,0,0,0,0,0,0,0,0,0,0,0,0,0,0,0,0,0,0,0,0,0,0,0,0,0,0,0,0,0,0,0,0,0,0,0,0,0,0,0,0,0,0,0,0,0,0,0,0,0,0
0,0,0,0,0,0,0,0,0,0,0,0,0,0,0,0,0,0,0,0,0,0,0,0,0,0,0,0,0,0,0,0,0,0,0,0,0,0,0,0,0,0,0,0,0,0,0,0,0,0,0,0,0,0,0,0,0,0,0,0,0,0,0,0,0,0,0,0,0,0,0,0,0,0,0,0,0,0,0,0,0,0,0,0,0,0,0,0,0,0,0,0,0,0,0,0,0,0,0,0
0,0,0,0,0,0,0,0,0,0,0,0,0,0,0,0,0,0,0,0,0,0,0,0,0,0,0,0,0,0,0,0,0,0,0,0,0,0,0,0,0,0,0,0,0,0,0,0,0,0,0,0,0,0,0,0,0,0,0,0,0,0,0,0,0,0,0,0,0,0,0,0,0,0,0,0,0,0,0,0,0,0,0,0,0,0,0,0,0,0,0,0,0,0,0,0,0,0,0,0
0,0,0,0,0,0,0,0,0,0,0,0,0,0,0,0,0,0,0,0,0,0,0,0,0,0,0,0,0,0,0,0,0,0,0,0,0,0,0,0,0,0,0,0,0,0,0,0,0,0,0,0,0,0,0,0,0,0,0,0,0,0,0,0,0,0,0,0,0,0,0,0,0,0,0,0,0,0,0,0,0,0,0,0,0,0,0,0,0,0,0,0,0,0,0,0,0,0,0,0
0,0,0,0,0,0,0,0,0,0,0,0,0,0,0,0,0,0,0,0,0,0,0,0,0,0,0,0,0,0,0,0,0,0,0,0,0,0,0,0,0,0,0,0,0,0,0,0,0,0,0,0,0,0,0,0,0,0,0,0,0,0,0,0,0,0,0,0,0,0,0,0,0,0,0,0,0,0,0,0,0,0,0,0,0,0,0,0,0,0,0,0,0,0,0,0,0,0,0,0
0,0,0,0,0,0,0,0,0,0,0,0,0,0,0,0,0,0,0,0,0,0,0,0,0,0,0,0,0,0,0,0,0,0,0,0,0,0,0,0,0,0,0,0,0,0,0,0,0,0,0,0,0,0,0,0,0,0,0,0,0,0,0,0,0,0,0,0,0,0,0,0,0,0,0,0,0,0,0,0,0,0,0,0,0,0,0,0,0,0,0,0,0,0,0,0,0,0,0,0
0,0,0,0,0,0,0,0,0,0,0,0,0,0,0,0,0,0,0,0,0,0,0,0,0,0,0,0,0,0,0,0,0,0,0,0,0,0,0,0,0,0,0,0,0,0,0,0,0,0,0,0,0,0,0,0,0,0,0,0,0,0,0,0,0,0,0,0,0,0,0,0,0,0,0,0,0,0,0,0,0,0,0,0,0,0,0,0,0,0,0,0,0,0,0,0,0,0,0,0
0,0,0,0,0,0,0,0,0,0,0,0,0,0,0,0,0,0,0,0,0,0,0,0,0,0,0,0,0,0,0,0,0,0,0,0,0,0,0,0,0,0,0,0,0,0,0,0,0,0,0,0,0,0,0,0,0,0,0,0,0,0,0,0,0,0,0,0,0,0,0,0,0,0,0,0,0,0,0,0,0,0,0,0,0,0,0,0,0,0,0,0,0,0,0,0,0,0,0,0
0,0,0,0,0,0,0,0,0,0,0,0,0,0,0,0,0,0,0,0,0,0,0,0,0,0,0,0,0,0,0,0,0,0,0,0,0,0,0,0,0,0,0,0,0,0,0,0,0,0,0,0,0,0,0,0,0,0,0,0,0,0,0,0,0,0,0,0,0,0,0,0,0,0,0,0,0,0,0,0,0,0,0,0,0,0,0,0,0,0,0,0,0,0,0,0,0,0,0,0
0,0,0,0,0,0,0,0,0,0,0,0,0,0,0,0,0,0,0,0,0,0,0,0,0,0,0,0,0,0,0,0,0,0,0,0,0,0,0,0,0,0,0,0,0,0,0,0,0,0,0,0,0,0,0,0,0,0,0,0,0,0,0,0,0,0,0,0,0,0,0,0,0,0,0,0,0,0,0,0,0,0,0,0,0,0,0,0,0,0,0,0,0,0,0,0,0,0,0,0
0,0,0,0,0,0,0,0,0,0,0,0,0,0,0,0,0,0,0,0,0,0,0,0,0,0,0,0,0,0,0,0,0,0,0,0,0,0,0,0,0,0,0,0,0,0,0,0,0,0,0,0,0,0,0,0,0,0,0,0,0,0,0,0,0,0,0,0,0,0,0,0,0,0,0,0,0,0,0,0,0,0,0,0,0,0,0,0,0,0,0,0,0,0,0,0,0,0,0,0
0,0,0,0,0,0,0,0,0,0,0,0,0,0,0,0,0,0,0,0,0,0,0,0,0,0,0,0,0,0,0,0,0,0,0,0,0,0,0,0,0,0,0,0,0,0,0,0,0,0,0,0,0,0,0,0,0,0,0,0,0,0,0,0,0,0,0,0,0,0,0,0,0,0,0,0,0,0,0,0,0,0,0,0,0,0,0,0,0,0,0,0,0,0,0,0,0,0,0,0
