0,0,0,0,0,0,0,0,0,0,0,0,0,0,0,0,0,0,0,0,0,0,0,0,0,0,0,0,0,0,0,0,0,0,0,0,0,0,0,0,0,0,0,0,0,0,0,0,0,0,0,0,0,0,0,0,0,0,0,0,0,0,0,0,0,0,0,0,0,0,0,0,0,0,0,0,0,0,0,0,0,0,0,0,0,0,0,0,0,0,0,0,0,0,0,0,0,0,0,0
0,0,0,0,0,0,0,0,0,0,0,0,0,0,0,0,0,0,0,0,0,0,0,0,0,0,0,0,0,0,0,0,0,0,0,0,0,0,0,0,0,0,0,0,0,0,0,0,0,0,0,0,0,0,0,0,0,0,0,0,0,0,0,0,0,0,0,0,0,0,0,0,0,0,0,0,0,0,0,0,0,0,0,0,0,0,0,0,0,0,0,0,0,0,0,0,0,0,0,0
0,0,0,0,0,0,0,0,0,0,0,0,0,0,0,0,0,0,0,0,0,0,0,0,0,0,0,0,0,0,0,0,0,0,0,0,0,0,0,0,0,0,0,0,0,0,0,0,0,0,0,0,0,0,0,0,0,0,0,0,0,0,0,0,0,0,0,0,0,0,0,0,0,0,0,0,0,0,0,0,0,0,0,0,0,0,0,0,0,0,0,0,0,0,0,0,0,0,0,0
0,0,0,0,0,0,0,0,0,0,0,0,0,0,0,0,0,0,0,0,0,0,0,0,0,0,0,0,0,0,0,0,0,0,0,0,0,0,0,0,0,0,0,0,0,0,0,0,0,0,0,0,0,0,0,0,0,0,0,0,0,0,0,0,0,0,0,0,0,0,0,0,0,0,0,0,0,0,0,0,0,0,0,0,0,0,0,0,0,0,0,0,0,0,0,0,0,0,0,0
0,0,0,0,0,0,0,0,0,0,0,0,0,0,0,0,0,0,0,0,0,0,0,0,0,0,0,0,0,0,0,0,0,0,0,0,0,0,0,0,0,0,0,0,0,0,0,0,0,0,0,0,0,0,0,0,0,0,0,0,0,0,0,0,0,0,0,0,0,0,0,0,0,0,0,0,0,0,0,0,0,0,0,0,0,0,0,0,0,0,0,0,0,0,0,0,0,0,0,0
0,0,0,0,0,0,0,0,0,0,0,0,0,0,0,0,0,0,0,0,0,0,0,0,0,0,0,0,0,0,0,0,0,0,0,0,0,0,0,0,0,0,0,0,0,0,0,0,0,0,0,0,0,0,0,0,0,0,0,0,0,0,0,0,0,0,0,0,0,0,0,0,0,0,0,0,0,0,0,0,0,0,0,0,0,0,0,0,0,0,0,0,0,0,0,0,0,0,0,0
0,0,0,0,0,0,0,0,0,0,0,0,0,0,0,0,0,0,0,0,0,0,0,0,0,0,0,0,0,0,0,0,0,0,0,0,0,0,0,0,0,0,0,0,0,0,0,0,0,0,0,0,0,0,0,0,0,0,0,0,0,0,0,0,0,0,0,0,0,0,0,0,0,0,0,0,0,0,0,0,0,0,0,0,0,0,0,0,0,0,0,0,0,0,0,0,0,0,0,0
0,0,0,0,0,0,0,0,0,0,0,0,0,0,0,0,0,0,0,0,0,0,0,0,0,0,0,0,0,0,0,0,0,0,0,0,0,0,0,0,0,0,0,0,0,0,0,0,0,0,0,0,0,0,0,0,0,0,0,0,0,0,0,0,0,0,0,0,0,0,0,0,0,0,0,0,0,0,0,0,0,0,0,0,0,0,0,0,0,0,0,0,0,0,0,0,0,0,0,0
0,0,0,0,0,0,0,0,0,0,0,0,0,0,0,0,0,0,0,0,0,0,0,0,0,0,0,0,0,0,0,0,0,0,0,0,0,0,0,0,0,0,0,0,0,0,0,0,0,0,0,0,0,0,0,0,0,0,0,0,0,0,0,0,0,0,0,0,0,0,0,0,0,0,0,0,0,0,0,0,0,0,0,0,0,0,0,0,0,0,0,0,0,0,0,0,0,0,0,0
0,0,0,0,0,0,0,0,0,0,0,0,0,0,0,0,0,0,0,0,0,0,0,0,0,0,0,0,0,0,0,0,0,0,0,0,0,0,0,0,0,0,0,0,0,0,0,0,0,0,0,0,0,0,0,0,0,0,0,0,0,0,0,0,0,0,0,0,0,0,0,0,0,0,0,0,0,0,0,0,0,0,0,0,0,0,0,0,0,0,0,0,0,0,0,0,0,0,0,0
0,0,0,0,0,0,0,0,0,0,0,0,0,0,0,0,0,0,0,0,0,0,0,0,0,0,0,0,0,0,0,0,0,0,0,0,0,0,0,0,0,0,0,0,0,0,0,0,0,0,0,0,0,0,0,0,0,0,0,0,0,0,0,0,0,0,0,0,0,0,0,0,0,0,0,0,0,0,0,0,0,0,0,0,0,0,0,0,0,0,0,0,0,0,0,0,0,0,0,0
0,0,0,0,0,0,0,0,0,0,0,0,0,0,0,0,0,0,0,0,0,0,0,0,0,0,0,0,0,0,0,0,0,0,0,0,0,0,0,0,0,0,0,0,0,0,0,0,0,0,0,0,0,0,0,0,0,0,0,0,0,0,0,0,0,0,0,0,0,0,0,0,0,0,0,0,0,0,0,0,0,0,0,0,0,0,0,0,0,0,0,0,0,0,0,0,0,0,0,0
0,0,0,0,0,0,0,0,0,0,0,0,0,0,0,0,0,0,0,0,0,0,0,0,0,0,0,0,0,0,0,0,0,0,0,0,0,0,0,0,0,0,0,0,0,0,0,0,0,0,0,0,0,0,0,0,0,0,0,0,0,0,0,0,0,0,0,0,0,0,0,0,0,0,0,0,0,0,0,0,0,0,0,0,0,0,0,0,0,0,0,0,0,0,0,0,0,0,0,0
0,0,0,0,0,0,0,0,0,0,0,0,0,0,0,0,0,0,0,0,0,0,0,0,0,0,0,0,0,0,0,0,0,0,0,0,0,0,0,0,0,0,0,0,0,0,0,0,0,0,0,0,0,0,0,0,0,0,0,0,0,0,0,0,0,0,0,0,0,0,0,0,0,0,0,0,0,0,0,0,0,0,0,0,0,0,0,0,0,0,0,0,0,0,0,0,0,0,0,0
0,0,0,0,0,0,0,0,0,0,0,0,0,0,0,0,0,0,0,0,0,0,0,0,0,0,0,0,0,0,0,0,0,0,0,0,0,0,0,0,0,0,0,0,0,0,0,0,0,0,0,0,0,0,0,0,0,0,0,0,0,0,0,0,0,0,0,0,0,0,0,0,0,0,0,0,0,0,0,0,0,0,0,0,0,0,0,0,0,0,0,0,0,0,0,0,0,0,0,0
0,0,0,0,0,0,0,0,0,0,0,0,0,0,0,0,0,0,0,0,0,0,0,0,0,0,0,0,0,0,0,0,0,0,0,0,0,0,0,0,0,0,0,0,0,0,0,0,0,0,0,0,0,0,0,0,0,0,0,0,0,0,0,0,0,0,0,0,0,0,0,0,0,0,0,0,0,0,0,0,0,0,0,0,0,0,0,0,0,0,0,0,0,0,0,0,0,0,0,0
0,0,0,0,0,0,0,0,0,0,0,0,0,0,0,0,0,0,0,0,0,0,0,0,0,0,0,0,0,0,0,0,0,0,0,0,0,0,0,0,0,0,0,0,0,0,0,0,0,0,0,0,0,0,0,0,0,0,0,0,0,0,0,0,0,0,0,0,0,0,0,0,0,0,0,0,0,0,0,0,0,0,0,0,0,0,0,0,0,0,0,0,0,0,0,0,0,0,0,0
0,0,0,0,0,0,0,0,0,0,0,0,0,0,0,0,0,0,0,0,0,0,0,0,0,0,0,0,0,0,0,0,0,0,0,0,0,0,0,0,0,0,0,0,0,0,0,0,0,0,0,0,0,0,0,0,0,0,0,0,0,0,0,0,0,0,0,0,0,0,0,0,0,0,0,0,0,0,0,0,0,0,0,0,0,0,0,0,0,0,0,0,0,0,0,0,0,0,0,0
0,0,0,0,0,0,0,0,0,0,0,0,0,0,0,0,0,0,0,0,0,0,0,0,0,0,0,0,0,0,0,0,0,0,0,0,0,0,0,0,0,0,0,0,0,0,0,0,0,0,0,0,0,0,0,0,0,0,0,0,0,0,0,0,0,0,0,0,0,0,0,0,0,0,0,0,0,0,0,0,0,0,0,0,0,0,0,0,0,0,0,0,0,0,0,0,0,0,0,0
0,0,0,0,0,0,0,0,0,0,0,0,0,0,0,0,0,0,0,0,0,0,0,0,0,0,0,0,0,0,0,0,0,0,0,0,0,0,0,0,0,0,0,0,0,0,0,0,0,0,0,0,0,0,0,0,0,0,0,0,0,0,0,0,0,0,0,0,0,0,0,0,0,0,0,0,0,0,0,0,0,0,0,0,0,0,0,0,0,0,0,0,0,0,0,0,0,0,0,0
0,0,0,0,0,0,0,0,0,0,0,0,0,0,0,0,0,0,0,0,0,0,0,0,0,0,0,0,0,0,0,0,0,0,0,0,0,0,0,0,0,0,0,0,0,0,0,0,0,0,0,0,0,0,0,0,0,0,0,0,0,0,0,0,0,0,0,0,0,0,0,0,0,0,0,0,0,0,0,0,0,0,0,0,0,0,0,0,0,0,0,0,0,0,0,0,0,0,0,0
0,0,0,0,0,0,0,0,0,0,0,0,0,0,0,0,0,0,0,0,0,0,0,0,0,0,0,0,0,0,0,0,0,0,0,0,0,0,0,0,0,0,0,0,0,0,0,0,0,0,0,0,0,0,0,0,0,0,0,0,0,0,0,0,0,0,0,0,0,0,0,0,0,0,0,0,0,0,0,0,0,0,0,0,0,0,0,0,0,0,0,0,0,0,0,0,0,0,0,0
0,0,0,0,0,0,0,0,0,0,0,0,0,0,0,0,0,0,0,0,0,0,0,0,0,0,0,0,0,0,0,0,0,0,0,0,0,0,0,0,0,0,0,0,0,0,0,0,0,0,0,0,0,0,0,0,0,0,0,0,0,0,0,0,0,0,0,0,0,0,0,0,0,0,0,0,0,0,0,0,0,0,0,0,0,0,0,0,0,0,0,0,0,0,0,0,0,0,0,0
0,0,0,0,0,0,0,0,0,0,0,0,0,0,0,0,0,0,0,0,0,0,0,0,0,0,0,0,0,0,0,0,0,0,0,0,0,0,0,0,0,0,0,0,0,0,0,0,0,0,0,0,0,0,0,0,0,0,0,0,0,0,0,0,0,0,0,0,0,0,0,0,0,0,0,0,0,0,0,0,0,0,0,0,0,0,0,0,0,0,0,0,0,0,0,0,0,0,0,0
0,0,0,0,0,0,0,0,0,0,0,0,0,0,0,0,0,0,0,0,0,0,0,0,0,0,0,0,0,0,0,0,0,0,0,0,0,0,0,0,0,0,0,0,0,0,0,0,0,0,0,0,0,0,0,0,0,0,0,0,0,0,0,0,0,0,0,0,0,0,0,0,0,0,0,0,0,0,0,0,0,0,0,0,0,0,0,0,0,0,0,0,0,0,0,0,0,0,0,0
0,0,0,0,0,0,0,0,0,0,0,0,0,0,0,0,0,0,0,0,0,0,0,0,0,0,0,0,0,0,0,0,0,0,0,0,0,0,0,0,0,0,0,0,0,0,0,0,0,0,0,0,0,0,0,0,0,0,0,0,0,0,0,0,0,0,0,0,0,0,0,0,0,0,0,0,0,0,0,0,0,0,0,0,0,0,0,0,0,0,0,0,0,0,0,0,0,0,0,0
0,0,0,0,0,0,0,0,0,0,0,0,0,0,0,0,0,0,0,0,0,0,0,0,0,0,0,0,0,0,0,0,0,0,0,0,0,0,0,0,0,0,0,0,0,0,0,0,0,0,0,0,0,0,0,0,0,0,0,0,0,0,0,0,0,0,0,0,0,0,0,0,0,0,0,0,0,0,0,0,0,0,0,0,0,0,0,0,0,0,0,0,0,0,0,0,0,0,0,0
0,0,0,0,0,0,0,0,0,0,0,0,0,0,0,0,0,0,0,0,0,0,0,0,0,0,0,0,0,0,0,0,0,0,0,0,0,0,0,0,0,0,0,0,0,0,0,0,0,0,0,0,0,0,0,0,0,0,0,0,0,0,0,0,0,0,0,0,0,0,0,0,0,0,0,0,0,0,0,0,0,0,0,0,0,0,0,0,0,0,0,0,0,0,0,0,0,0,0,0
0,0,0,0,0,0,0,0,0,0,0,0,0,0,0,0,0,0,0,0,0,0,0,0,0,0,0,0,0,0,0,0,0,0,0,0,0,0,0,0,0,0,0,0,0,0,0,0,0,0,0,0,0,0,0,0,0,0,0,0,0,0,0,0,0,0,0,0,0,0,0,0,0,0,0,0,0,0,0,0,0,0,0,0,0,0,0,0,0,0,0,0,0,0,0,0,0,0,0,0
0,0,0,0,0,0,0,0,0,0,0,0,0,0,0,0,0,0,0,0,0,0,0,0,0,0,0,0,0,0,0,0,0,0,0,0,0,0,0,0,0,0,0,0,0,0,0,0,0,0,0,0,0,0,0,0,0,0,0,0,0,0,0,0,0,0,0,0,0,0,0,0,0,0,0,0,0,0,0,0,0,0,0,0,0,0,0,0,0,0,0,0,0,0,0,0,0,0,0,0
0,0,0,0,0,0,0,0,0,0,0,0,0,0,0,0,0,0,0,0,0,0,0,0,0,0,0,0,0,0,0,0,0,0,0,0,0,0,0,0,0,0,0,0,0,0,0,0,0,0,0,0,0,0,0,0,0,0,0,0,0,0,0,0,0,0,0,0,0,0,0,0,0,0,0,0,0,0,0,0,0,0,0,0,0,0,0,0,0,0,0,0,0,0,0,0,0,0,0,0
0,0,0,0,0,0,0,0,0,0,0,0,0,0,0,0,0,0,0,0,0,0,0,0,0,0,0,0,0,0,0,0,0,0,0,0,0,0,0,0,0,0,0,0,0,0,0,0,0,0,0,0,0,0,0,0,0,0,0,0,0,0,0,0,0,0,0,0,0,0,0,0,0,0,0,0,0,0,0,0,0,0,0,0,0,0,0,0,0,0,0,0,0,0,0,0,0,0,0,0
0,0,0,0,0,0,0,0,0,0,0,0,0,0,0,0,0,0,0,0,0,0,0,0,0,0,0,0,0,0,0,0,0,0,0,0,0,0,0,0,0,0,0,0,0,0,0,0,0,0,0,0,0,0,0,0,0,0,0,0,0,0,0,0,0,0,0,0,0,0,0,0,0,0,0,0,0,0,0,0,0,0,0,0,0,0,0,0,0,0,0,0,0,0,0,0,0,0,0,0
0,0,0,0,0,0,0,0,0,0,0,0,0,0,0,0,0,0,0,0,0,0,0,0,0,0,0,0,0,0,0,0,0,0,0,0,0,0,0,0,0,0,0,0,0,0,0,0,0,0,0,0,0,0,0,0,0,0,0,0,0,0,0,0,0,0,0,0,0,0,0,0,0,0,0,0,0,0,0,0,0,0,0,0,0,0,0,0,0,0,0,0,0,0,0,0,0,0,0,0
0,0,0,0,0,0,0,0,0,0,0,0,0,0,0,0,0,0,0,0,0,0,0,0,0,0,0,0,0,0,0,0,0,0,0,0,0,0,0,0,0,0,0,0,0,0,0,0,0,0,0,0,0,0,0,0,0,0,0,0,0,0,0,0,0,0,0,0,0,0,0,0,0,0,0,0,0,0,0,0,0,0,0,0,0,0,0,0,0,0,0,0,0,0,0,0,0,0,0,0
0,0,0,0,0,0,0,0,0,0,0,0,0,0,0,0,0,0,0,0,0,0,0,0,0,0,0,0,0,0,0,0,0,0,0,0,0,0,0,0,0,0,0,0,0,0,0,0,0,0,0,0,0,0,0,0,0,0,0,0,0,0,0,0,0,0,0,0,0,0,0,0,0,0,0,0,0,0,0,0,0,0,0,0,0,0,0,0,0,0,0,0,0,0,0,0,0,0,0,0
0,0,0,0,0,0,0,0,0,0,0,0,0,0,0,0,0,0,0,0,0,0,0,0,0,0,0,0,0,0,0,0,0,0,0,0,0,0,0,0,0,0,0,0,0,0,0,0,0,0,0,0,0,0,0,0,0,0,0,0,0,0,0,0,0,0,0,0,0,0,0,0,0,0,0,0,0,0,0,0,0,0,0,0,0,0,0,0,0,0,0,0,0,0,0,0,0,0,0,0
0,0,0,0,0,0,0,0,0,0,0,0,0,0,0,0,0,0,0,0,0,0,0,0,0,0,0,0,0,0,0,0,0,0,0,0,0,0,0,0,0,0,0,0,0,0,0,0,0,0,0,0,0,0,0,0,0,0,0,0,0,0,0,0,0,0,0,0,0,0,0,0,0,0,0,0,0,0,0,0,0,0,0,0,0,0,0,0,0,0,0,0,0,0,0,0,0,0,0,0
0,0,0,0,0,0,0,0,0,0,0,0,0,0,0,0,0,0,0,0,0,0,0,0,0,0,0,0,0,0,0,0,0,0,0,0,0,0,0,0,0,0,0,0,0,0,0,0,0,0,0,0,0,0,0,0,0,0,0,0,0,0,0,0,0,0,0,0,0,0,0,0,0,0,0,0,0,0,0,0,0,0,0,0,0,0,0,0,0,0,0,0,0,0,0,0,0,0,0,0
0,0,0,0,0,0,0,0,0,0,0,0,0,0,0,0,0,0,0,0,0,0,0,0,0,0,0,0,0,0,0,0,0,0,0,0,0,0,0,0,0,0,0,0,0,0,0,0,0,0,0,0,0,0,0,0,0,0,0,0,0,0,0,0,0,0,0,0,0,0,0,0,0,0,0,0,0,0,0,0,0,0,0,0,0,0,0,0,0,0,0,0,0,0,0,0,0,0,0,0
0,0,0,0,0,0,0,0,0,0,0,0,0,0,0,0,0,0,0,0,0,0,0,0,0,0,0,0,0,0,0,0,0,0,0,0,0,0,0,0,0,0,0,0,0,0,0,0,0,0,0,0,0,0,0,0,0,0,0,0,0,0,0,0,0,0,0,0,0,0,0,0,0,0,0,0,0,0,0,0,0,0,0,0,0,0,0,0,0,0,0,0,0,0,0,0,0,0,0,0
0,0,0,0,0,0,0,0,0,0,0,0,0,0,0,0,0,0,0,0,0,0,0,0,0,0,0,0,0,0,0,0,0,0,0,0,0,0,0,0,0,0,0,0,0,0,0,0,0,0,0,0,0,0,0,0,0,0,0,0,0,0,0,0,0,0,0,0,0,0,0,0,0,0,0,0,0,0,0,0,0,0,0,0,0,0,0,0,0,0,0,0,0,0,0,0,0,0,0,0
0,0,0,0,0,0,0,0,0,0,0,0,0,0,0,0,0,0,0,0,0,0,0,0,0,0,0,0,0,0,0,0,0,0,0,0,0,0,0,0,0,0,0,0,0,0,0,0,0,0,0,0,0,0,0,0,0,0,0,0,0,0,0,0,0,0,0,0,0,0,0,0,0,0,0,0,0,0,0,0,0,0,0,0,0,0,0,0,0,0,0,0,0,0,0,0,0,0,0,0
0,0,0,0,0,0,0,0,0,0,0,0,0,0,0,0,0,0,0,0,0,0,0,0,0,0,0,0,0,0,0,0,0,0,0,0,0,0,0,0,0,0,0,0,0,0,0,0,0,0,0,0,0,0,0,0,0,0,0,0,0,0,0,0,0,0,0,0,0,0,0,0,0,0,0,0,0,0,0,0,0,0,0,0,0,0,0,0,0,0,0,0,0,0,0,0,0,0,0,0
0,0,0,0,0,0,0,0,0,0,0,0,0,0,0,0,0,0,0,0,0,0,0,0,0,0,0,0,0,0,9.82790593243858e-05,0.000269664986396785,0,0,9.64736613533721e-06,4.72500908693504e-05,0,0,0,0,0,0,0,0,0,0,0,0,0,0,0,0,0,0,0,0,0,0,0,0,0,0,0,0,0,0,0,0,0,0,0,0,0,0,0,0,0,0,0,0,0,0,0,0,0,0,0,0,0,0,0,0,0,0,0,0,0,0,0,0
0,0,0,0,0,0,0,0,0,0,0,0,0,0,0,0,0,0,0,0,0,0,0,0,0,0,0,0,0,0,5.58647071949494e-05,0.000220348908616146,0.000197452273064025,0.000305575280962425,0.000537519756535371,0.000448120830107597,2.30823016882666e-06,4.74689662830017e-06,0,0,0,0,0,0,0,0,0,0,0,0,0,0,0,0,0,0,0,0,0,0,0,0,0,0,0,0,0,0,0,0,0,0,0,0,0,0,0,0,0,0,0,0,0,0,0,0,0,0,0,0,0,0,0,0,0,0,0,0,0,0
0,0,0,0,0,0,0,0,0,0,0,0,0,0,0,0,0,0,0,0,0,0,0,0,0,0,1.94621149244496e-05,0.000252442912362786,0.000103267234176033,0.000180330424462401,0.000151134321741883,0.000525845648895538,0.000575767653521014,0.000288319701839899,0.000840793094330296,5.88610172577459e-05,0.000161277077026976,0.000331667796175897,0,9.66893142442721e-05,0.000353737263237372,5.89173961080178e-05,0,0,0,0,0,0,0,0,0,0,0,0,0,0,0,0,0,0,0,0,0,0,0,0,0,0,0,0,0,0,0,0,0,0,0,0,0,0,0,0,0,0,0,0,0,0,0,0,0,0,0,0,0,0,0,0,0,0
0,0,0,0,0,0,0,0,0,0,0,0,0,0,0,0,0,0,0,0,0,0,0,0,0,2.90802559679742e-05,0.000127224861527887,0.00021176864503536,0.000165370148226744,0.000484786382825596,0.000205496014410371,0.000297745497302621,0.000166044601928089,0.000197249801702027,0.000386798024172285,0.000405102668962488,4.66961371084018e-05,6.51599667839187e-05,0.000375849348150209,0.000148463116893695,0.000513666565322178,0.000100550592238876,4.73730327469425e-06,0,0,0,0,0,0,0,0,0,0,0,0,0,0,0,0,0,0,0,0,0,0,0,0,0,0,0,0,0,0,0,0,0,0,0,0,0,0,0,0,0,0,0,0,0,0,0,0,0,0,0,0,0,0,0,0,0
0,0,0,0,0,0,0,0,0,0,0,0,0,0,0,0,0,0,0,0,0,0,4.80459841055482e-05,6.85989886136521e-05,0,0.00041567702468991,0.000779888185285288,0.000476333818267102,0.000577212302542104,0.00147904679069414,0.000234579196170894,0.000624823459226641,0.000201936267022285,0.000459289095558133,0.000371522444401264,0.000533164120396457,0.000505696517440875,0.000162276965181425,0.000339228174878209,0.00033970316876,0.00074271009254381,0.000776284495787191,4.89176203020851e-05,0,0,0,0,0,0,0,0,0,0,0,0,0,0,0,0,0,0,0,0,0,0,0,0,0,0,0,0,0,0,0,0,0,0,0,0,0,0,0,0,0,0,0,0,0,0,0,0,0,0,0,0,0,0,0,0,0
0,0,0,0,0,0,0,0,0,0,0,0,0,0,0,0,0,0,0,0,0,4.06162071323133e-05,0.00041112498811369,0.000225451354982341,0.000245555615208629,0.00035789602967411,0.00043624506267993,0.000880197642925892,0.000893871191223842,0.000837821391520602,0.000833569632921754,0.000927962794183089,0.00164073145118022,0.000167128106503094,5.75680995549104e-07,6.97099675124024e-05,0.000171587649023262,0.000371132713862385,0.00031223406159607,0.000632102108010814,0.000102050511685799,0.00010251337750794,0.00025247179079599,0,0,0,0,0,0,0,0,0,0,0,0,0,0,0,0,0,0,0,0,0,0,0,0,0,0,0,0,0,0,0,0,0,0,0,0,0,0,0,0,0,0,0,0,0,0,0,0,0,0,0,0,0,0,0,0,0
0,0,0,0,0,0,0,0,0,0,0,0,0,0,0,0,0,0,2.37935713729415e-05,7.94225235700059e-05,0,7.7786750358855e-05,0.000199868842295617,3.46596629483662e-05,0.00034121091126883,0.000844306567723524,0.000926466136860964,0.00071008671283383,0.000989019457142675,0.000245797786467134,0.000798270236195661,0.000865724887452941,0.000397175491143119,0.000106262682928807,5.26816240921126e-05,0.000178764693492184,3.07166466238618e-05,0.000213839694655773,0.000248105843899606,0.000118459546552498,0.000106232290033207,0.000529977236830668,0.000535997223126274,5.958195611048e-08,0.000144852930176919,3.1445907896394e-05,0,0,0,0,0,0,0,0,0,0,0,0,0,0,0,0,0,0,0,0,0,0,0,0,0,0,0,0,0,0,0,0,0,0,0,0,0,0,0,0,0,0,0,0,0,0,0,0,0,0,0,0,0,0
0,0,0,0,0,0,0,0,0,0,0,0,0,0,0,0,0,2.23920069662943e-05,0.000406133005165755,0.000521292001490976,0.000212935329978955,0.000573529971974374,0.000361860075276416,0.000242229934293783,0.000439781635714398,0.000828720301096858,0.000400190668252615,0.000492507215159186,0.000349089639598078,0.00130011823771319,0.00157797383228618,0.000929022360025492,0.000310816490859963,0.000329827380714539,0.000962930504164968,0.000573195578095765,0.000195518129843323,0,0.000257040774651915,0.000203761330151285,0.000526741145144123,0.000207775107679146,0,2.72450021609468e-06,0.000757450829106611,0.000219651478505745,8.10770210196789e-06,0,0,0,0,0,0,0,0,0,0,0,0,0,0,0,0,0,0,0,0,0,0,0,0,0,0,0,0,0,0,0,0,0,0,0,0,0,0,0,0,0,0,0,0,0,0,0,0,0,0,0,0,0
0,0,0,0,0,0,0,0,0,0,0,0,0,0,0,0,0,0.000114227584229455,0.000471871728715768,8.25823310564675e-05,0.000248134834237876,0.000428681455541587,0.000640694209421096,0.00084845386752501,0.000350941264142077,0.000438598186976117,0.00107943564712502,0.000639313263974594,0.000432789282227078,0.000213888338994335,0.00065341267187681,0.00054456801777943,0.000743775420548743,0.00100407513678088,0.00113779219918234,0.000500900194168852,0.000411998960477173,1.62578247843078e-05,0.000165838755870029,0.000168291498042059,0.000593847871697085,0.000148054317402372,7.49819366953139e-07,3.35555413337213e-05,0,0.000319140240791478,1.65668292486801e-05,0,0,0,0,0,0,0,0,0,0,0,0,0,0,0,0,0,0,0,0,0,0,0,0,0,0,0,0,0,0,0,0,0,0,0,0,0,0,0,0,0,0,0,0,0,0,0,0,0,0,0,0,0
0,0,0,0,0,0,0,0,0,0,0,0,0,0,0,0,0,6.03164473075199e-05,0.000123903522346732,0.000472436738907728,0.000328889663416248,0.00138627453014737,0.000726311111517887,0.000748747373781515,0.000585495085962447,8.77531239066662e-05,0.000765303231661885,0.000816383427559495,0.000388805754962153,0.000498831368981997,0.00101632917450446,8.91393492319721e-05,0.000439090067540704,0.00138224189348115,0.000547816134977677,0.000157202471899416,0.000395392662599756,0.000856120622674353,0.000549917040567587,0.000813478079422995,0.000288852584424193,0.000155157246043428,7.60100497615379e-05,0.000642851057101243,4.61655614667692e-05,0.000751345158863397,0.000417423962084539,0,0,0,0,0,0,0,0,0,0,0,0,0,0,0,0,0,0,0,0,0,0,0,0,0,0,0,0,0,0,0,0,0,0,0,0,0,0,0,0,0,0,0,0,0,0,0,0,0,0,0,0,0
0,0,0,0,0,0,0,0,0,0,0,0,0,0,0,0,0,0.000243119307584196,0.000783586181184587,0.000385137611415713,0.000387999356275384,0.000792570431019429,0.000605126169246118,0.000651164115170415,0.000510487665577306,0.000639891081280095,0.00030649802670399,0.000243452069921271,0.00109619114356436,0.000890793143264151,0.000477504232708187,8.8088554565319e-05,0.000175092770668028,0.000856494355023116,0.00049967003722819,0.000258884393105449,0.000906625765910913,0.000582669120985785,0.000482374985508787,0.000482864171497423,0,0.000456671974998534,0.000400896947791297,0.00126951151782288,0.000585277053909549,0.000703487136359287,0.000895691586117588,0,0,0,0,0,0,0,0,0,0,0,0,0,0,0,0,0,0,0,0,0,0,0,0,0,0,0,0,0,0,0,0,0,0,0,0,0,0,0,0,0,0,0,0,0,0,0,0,0,0,0,0,0
0,0,0,0,0,0,0,0,0,0,0,0,0,0,0,1.21828652744687e-06,0.000695535231310997,0.00053591059980486,0.000415602277618644,0.000255000672923841,0.000634928042390833,0.000473587252325826,0.000358633015684773,0.00060015978520963,0.000594356245904128,0.000544817232480114,0.000707800923086836,0.000388028524072625,0.00158129443229067,0.000992475559906994,0.000980680627566972,0.000484519748612269,0.000249143131434243,0.000101272288364954,0.00033124903161715,9.64129101870039e-05,0.000910035724422267,0.000197696558518356,0.00047375873468777,0.000184644632584654,0.000104055381266674,0.000383377190918793,0.000161664915440545,0.00081738721527929,0.000236936360306164,0.000422891690083474,5.69128697069457e-06,2.03423175513183e-05,0,0,0,0,0,0,0,0,0,0,0,0,0,0,0,0,0,0,0,0,0,0,0,0,0,0,0,0,0,0,0,0,0,0,0,0,0,0,0,0,0,0,0,0,0,0,0,0,0,0,0,0
0,0,0,0,0,0,0,0,0,0,0,0,0,0,0,8.2903760958378e-08,0.000278660098144266,0.000547514117241303,0.000218719116484483,0.000362994855415426,0.000836356569146255,0.000491366382003741,0.000607140872016649,0.000414262155870101,0.000309984450799497,0.000353356368041875,0.000811014921566276,0.00069967307424868,0.000797302816273353,6.01305655172383e-05,0.000167328066322833,0.00020474087963679,0.00104708394149169,0.000324223833859288,0,0.000522618206867438,0.000528301352348273,0.000125618037450404,0.000544741829537026,0.000545286807591711,0.000168722949679428,0.000389052151614569,0.000168697399663241,0.000817717176712644,0.000522154862742706,0.000681861746937109,0.000317794230314125,0.000458228507376883,0,0,0,0,0,0,0,0,0,0,0,0,0,0,0,0,0,0,0,0,0,0,0,0,0,0,0,0,0,0,0,0,0,0,0,0,0,0,0,0,0,0,0,0,0,0,0,0,0,0,0,0
0,0,0,0,0,0,0,0,0,0,0,0,0,0,0,0,4.11336762550027e-06,0.00148268110173453,0.00127443485077731,0.000627490388601511,0.000793231048908321,0.00095413495128674,0.000660690879615411,0.000358204959535134,0.000314863253764564,0.00026161908798152,0.00104173948235962,0.000302939292034557,0.000286999177041009,0.000473921445440323,0.000673783781727067,0.000849541136115342,0.000684630688419004,0.000444293147454539,0.000225646666227941,0.000223018197350979,0.000321199434876409,0.000512125467572958,0.000426653889676783,0.000867985297185985,0.000227939695149397,0.000227873450814101,0.000686338737706217,0.00040896601005616,0.000828913804729545,0.000957658585006368,0.000245187242400201,5.75878289261958e-05,0.000142504093413124,0.00025008781862786,0,0,0,0,0,0,0,0,0,0,0,0,0,0,0,0,0,0,0,0,0,0,0,0,0,0,0,0,0,0,0,0,0,0,0,0,0,0,0,0,0,0,0,0,0,0,0,0,0,0
0,0,0,0,0,0,0,0,0,0,0,0,0,0,0,4.24881367626775e-05,0.00128611461960499,0.000899374829597193,0.00146001659490703,0.00122512441849303,0.00106212189503379,0.00106909139275364,0.00129672134171713,0.000560564811974594,0.000274982308472607,0.000767861900422788,0.000754459716881314,0.000597446512731641,0.000392196019533102,0.000318543768797527,0.000580222512057482,0.000656624699306183,0.000448804572892005,0.000187214999662548,9.27897472445532e-05,0.000117570030005702,0.000553885160126338,0.000855578203727193,0.000671826812770771,0.000684587661401001,0.000260398705968881,0.000372149667368814,0.000385395825070875,0.000435805131545036,0.000539836478739229,0.000669910015371903,0.000116252873052083,6.72710836463402e-05,0.00044441097576431,6.84208043946034e-05,0,0,0,0,0,0,0,0,0,0,0,0,0,0,0,0,0,0,0,0,0,0,0,0,0,0,0,0,0,0,0,0,0,0,0,0,0,0,0,0,0,0,0,0,0,0,0,0,0,0
0,0,0,0,0,0,0,0,0,0,0,0,0,0,0.000101154001599478,0.000580132446813416,0.00163306644002376,0.0018277157327198,0.00339990113942893,0.00186835307893434,0.00136786010234511,0.00143013783271947,0.00122402529718373,0.0003019903410733,0.000419676893374657,0.000998276047292474,0.00126938128406011,0.000768833949772345,0.000509951563853476,0.000387741863889767,0.000266018790696632,0.000185417979382827,0.000245122626734096,0.000454139829469237,0.000620350687229788,0.000663216524842875,0.000796545760720389,0.000192906846998827,0.000762384740380373,0.000448560881429748,0.000352385787074823,0.000624729444354108,0.000177674610193517,5.62405329026386e-05,0.000729222519105038,0.000767244838072704,0.000418803867298112,0.000227161373039861,0.000113925849889678,0,0,0,0,0,0,0,0,0,0,0,0,0,0,0,0,0,0,0,0,0,0,0,0,0,0,0,0,0,0,0,0,0,0,0,0,0,0,0,0,0,0,0,0,0,0,0,0,0,0,0
0,0,0,0,0,0,0,0,0,0,0,0,0,9.04444109202524e-06,0.000349754613276763,0.00115342816586627,0.00180992551393025,0.00111417915263435,0.00233514770683116,0.00159401100629833,0.00206946584826751,0.00150350577245485,0.0012440553716544,0.000591130863862569,0.00024082770991473,0.000606967304257833,0.000683747274197284,0.000374497586875773,0.000673807223529582,0.000172121284981814,0.000192545578549109,0,8.78395045722057e-05,0.000386398254748287,0.000307968457613158,0.0008176498335239,0.000724222178218513,0.000857092042047458,0.000234570713526378,0.000501439459499167,9.98218230438482e-05,0.000427622936651859,0.000574586725786708,7.50307683364606e-05,0.000668428752809483,0.000469048654786209,0.000528996720810274,0.000138010195346867,0.000622980722036435,0.000118666367288147,0,0,0,0,0,0,0,0,0,0,0,0,0,0,0,0,0,0,0,0,0,0,0,0,0,0,0,0,0,0,0,0,0,0,0,0,0,0,0,0,0,0,0,0,0,0,0,0,0,0
0,0,0,0,0,0,0,0,0,0,0,0,0,0.000177647966218501,0.000512406065324106,0.000837085172126103,0.00241329103274236,0.000892154050715749,0.00206032968071162,0.00235192674257897,0.00254586118791758,0.00093004066263935,0.000655912325536971,0.000162033351044955,0.000317456034594026,0.000437217305570648,0.000688818993097773,0.00115172359312368,0.000739756226887828,0.000770183893272321,0.000224072259723052,0.000314992555921308,0.000304177788507483,0.000773643759735141,0.00146352990719252,0.000732993226002065,0.000239050424258529,0.000296951540971189,0.000209372131848155,0.000371477793181541,0.000597936203240847,0.000620299621733594,0.000534368479721441,0.000383393546804152,0.000276980952672499,0.000149009549655372,0.00054418138541467,0.000714219777422523,7.51883677159763e-05,2.09326795497361e-05,0,0,0,0,0,0,0,0,0,0,0,0,0,0,0,0,0,0,0,0,0,0,0,0,0,0,0,0,0,0,0,0,0,0,0,0,0,0,0,0,0,0,0,0,0,0,0,0,0,0
0,0,0,0,0,0,0,0,0,0,0,0,1.80763265986794e-05,0.000252456874900833,0.000458198184072046,0.00113502593880069,0.00131251825756627,0.00342345227879466,0.00413908675084357,0.00182287087127628,0.000968134859853971,0.00119125873979536,0.000708474412515043,0,0.000277613954520211,0.000489770300034552,0.000503287714332496,0.000685854051922555,0.000223969832912383,0.000517721798976967,0.000542038157001991,0.000608175044385296,0.000478818416728624,0.000553864792338121,0.00109492358257299,0.000811075195243276,0.00105858501229204,0.00087504327823936,0.000880315255234051,0.000636028811568903,0.000152519915722174,0.00078223374298824,0.000112507703483859,0.000493085730931456,4.67914823830624e-05,0.000144226428499336,0.000544289366647236,0.000229329337735184,0.000214865426050948,0,0,0,0,0,0,0,0,0,0,0,0,0,0,0,0,0,0,0,0,0,0,0,0,0,0,0,0,0,0,0,0,0,0,0,0,0,0,0,0,0,0,0,0,0,0,0,0,0,0,0
0,0,0,0,0,0,0,0,0,0,0,0,6.96082520629693e-05,0.000357939063971267,0.000247736944003497,0.00114506820767121,0.0023600292635346,0.00299306172716844,0.00222938298527012,0.00147838222845506,0.000847306694002694,0.00105014060492602,0.000764731053875341,0.000218161634405119,0.000172897965013812,0.00030659735596291,0.000783577162638674,8.40750793734242e-05,0.000568216079913404,0.000472380405391666,0.000775460570538519,0.000138811704007889,0.000187609274782349,0.000342929816585418,0.000553555588818932,0.00035329178029453,0.000750393038338749,5.33591294451332e-05,0.000106913026194965,0.000649900502976198,0.000301429160628318,0.000625201395039628,0.000664014803938056,0.000601860838460436,0.000126010968775588,0.000153167211222713,0.000477612914689505,0.000998687429909691,0.00062100035115286,0.000202876110158329,3.06778417497995e-05,0,0,0,0,0,0,0,0,0,0,0,0,0,0,0,0,0,0,0,0,0,0,0,0,0,0,0,0,0,0,0,0,0,0,0,0,0,0,0,0,0,0,0,0,0,0,0,0,0
0,0,0,0,0,0,0,0,0,0,0,0,0,0.00011348691763503,0.000442862792398927,0.00116881036635332,0.00194050445092993,0.00298688188163495,0.00141567677851192,0.00210873518799381,0.00409118671829377,0.00131901821467523,0.00027505115246966,0.00027268238930504,0.00060645828276176,0.00116469622650494,0.00192957438364934,0.000350276013080659,0.00109775490100361,0.000511317671819737,0.000455952533286095,0.000405522705362922,0.000269611676282296,0.000416348012081949,0.000192789101676391,1.27558036238598e-05,0.000354120699737394,7.27691257336327e-05,0.000170243916273388,0.000728087028708774,0.000483899423392583,0.000748605567392736,0.000908636889060191,0.000598972516523197,6.21105541894324e-05,0.000122502586793389,0.000604769487834268,0.000247230328598578,0.000557690364233769,0.00036165938961723,0.000374028462620224,0,0,0,0,0,0,0,0,0,0,0,0,0,0,0,0,0,0,0,0,0,0,0,0,0,0,0,0,0,0,0,0,0,0,0,0,0,0,0,0,0,0,0,0,0,0,0,0,0
0,0,0,0,0,0,0,0,0,0,0,0,3.25548783025038e-05,2.98936669482917e-05,9.54447105454017e-05,0.000461144152294867,0.00308269669808199,0.00541490010248973,0.00280378422807218,0.00142406510293739,0.00180134004748904,0.0012415225139758,0.00158378562142309,0.00252740280259399,0.00247921033813473,0.00207892739487914,0.00375257602607066,0.00201677475067375,0.000452047880196402,3.21429217051808e-05,0.000183055382782442,0.000539140913905128,0.000402984491529552,0.000174773733815334,8.39576147450485e-05,0.000582609388947928,0.000231417740685439,0.000322431134996182,0.000170245032649186,0.000555931712770871,0.000219353218943719,0.000508751148911473,0.000757621195533055,0.000611414185134275,8.32364429639824e-05,0.000478451511431916,0.000355481797104763,0.000205585792663453,0.000327898480940362,0.000294242303073186,6.25672625078185e-05,0.0001509610802039,0,0,0,0,0,0,0,0,0,0,0,0,0,0,0,0,0,0,0,0,0,0,0,0,0,0,0,0,0,0,0,0,0,0,0,0,0,0,0,0,0,0,0,0,0,0,0,0
0,0,0,0,0,0,0,0,0,0,0,0,0.000228098737980808,0.000209452716768396,0.000203440837354247,0.00154149959744672,0.00299301792948525,0.00334086863736864,0.00425554380494182,0.00300699513177606,0.00242375633538369,0.00234989583855808,0.00208946181483009,0.00367255817205156,0.00414254490836383,0.00238420408392158,0.00278271136852032,0.0020457290028149,0.00167936744657323,0.000383011401730694,0.00107409240077177,0.000520835582023698,0.000175367572831269,0.000497829992653613,0.000553517495869636,0.000808229074006695,0.000515146742130515,0.000724998720972372,0.000139700154152211,6.17949227353595e-05,0.000261618218040295,0.00047545673814533,0.000542508926220609,0.000777604979419327,0.000105783695652123,0.000577467910804426,0.000620257846526734,0.000541908839121536,0.000145603124552169,0.000246517493352716,0.000100104238622174,0.000269218440742253,0,0,0,0,0,0,0,0,0,0,0,0,0,0,0,0,0,0,0,0,0,0,0,0,0,0,0,0,0,0,0,0,0,0,0,0,0,0,0,0,0,0,0,0,0,0,0,0
0,0,0,0,0,0,0,0,0,0,0,0,0,0,0.000506469837120857,0.00153075049887698,0.00310271605302726,0.00422423737356508,0.00320496646033051,0.00353252424176989,0.00345782002651939,0.0034214326901901,0.00329377050381823,0.00369886704498033,0.00435406050798948,0.00396211987261828,0.00356515635355639,0.00235890939790422,0.00148439618313811,0.000833930550237795,0.000481159925717179,0.000872609189479351,0.000769665790816634,0.000706557725566427,2.59029589728993e-05,0.000601517546169061,0.000402750796364025,0.00012304761582869,5.24882489780731e-05,0,0.000175832007980838,0.00104275905453054,0.000297835524256786,0.000183273385387153,0.000352174808723455,0.000805173212660214,0.00104568664124338,0.000582172997022327,0.000248389353285266,0,0,0,0,0,0,0,0,0,0,0,0,0,0,0,0,0,0,0,0,0,0,0,0,0,0,0,0,0,0,0,0,0,0,0,0,0,0,0,0,0,0,0,0,0,0,0,0,0,0,0
0,0,0,0,0,0,0,0,0,0,0,0,0,0.000151881877013226,0.000758628776090949,0.00221642057077202,0.00305632556617613,0.00357866144971509,0.00498022529944244,0.00319316661092414,0.00420229560502258,0.00467808514890931,0.00326800217591006,0.0048037427653514,0.00524569560856469,0.0034443208769952,0.00319739860646139,0.00200463298254898,0.000710287384346032,0.000172097504667074,0.000610179098839627,0.000842761266911608,6.2144298332794e-05,3.8843349645423e-05,0.000389834310800105,0.000249859923220246,0.00104598073818064,0.000352620878245559,0.000271953637328107,0.000264063103454691,0.000235330715773597,0.00059801177415113,0.000163945925929747,0.00122832705960803,0.000368560260880903,0.000358510245474345,0.000526542304309749,0.000338641936234844,2.71480255057978e-05,0,0,0,0,0,0,0,0,0,0,0,0,0,0,0,0,0,0,0,0,0,0,0,0,0,0,0,0,0,0,0,0,0,0,0,0,0,0,0,0,0,0,0,0,0,0,0,0,0,0,0
0,0,0,0,0,0,0,0,0,0,0,0,0,4.72376066558026e-05,0.000134699540931757,0.00158220167064172,0.00348118475073487,0.00371843429641525,0.00387193878620614,0.00361770600233542,0.00424571193954316,0.0040538294867172,0.0056956392281506,0.00583035876055723,0.00469714601031708,0.00296283121996661,0.00142835060355448,0.00106740702299146,0.000575422473254696,0.000483195207326535,0.000257400970736738,0.000428297753235254,0.000172688094913631,0.000118749134899962,0.000824198441936543,0.00036808567675621,0.00084651164886737,0.000546533618115279,0.000502771072361639,0.00047064681659052,0.000862795534960854,0.00126789108851639,0.000410878480789901,0.000323529753679192,0.000373802355309048,0.000363579827990802,0.000603455144972742,0.000486364719835453,0.000271442113317985,0.000148172700065789,0,0,0,0,0,0,0,0,0,0,0,0,0,0,0,0,0,0,0,0,0,0,0,0,0,0,0,0,0,0,0,0,0,0,0,0,0,0,0,0,0,0,0,0,0,0,0,0,0,0
0,0,0,0,0,0,0,0,0,0,0,0,0,0.00034459248672346,0.000242653518317635,0.000551099132280761,0.00264121075640157,0.00408755851431625,0.00490286631570465,0.00518081732157509,0.00439185036938645,0.00315636257959193,0.00406474282143623,0.00456444297128544,0.00395878992041417,0.00375305657033622,0.00203324828450742,0.00152199501794318,0.000600629185508922,0.000586124850868602,0.00177843434773768,0.00163563328354092,0.000757095295689159,0.000848204344887811,0.000139967372255961,0.000619864846802903,0.000846596065394533,0.00093260774012967,0.000696855021101162,0.000339973232111588,0.000824002149748346,0.000808660248471255,0.000141028431268052,0.000567242624288883,0.000534899301076491,0.000200823040212056,0,0,5.19998918975552e-05,2.8385294718671e-05,0,0,0,0,0,0,0,0,0,0,0,0,0,0,0,0,0,0,0,0,0,0,0,0,0,0,0,0,0,0,0,0,0,0,0,0,0,0,0,0,0,0,0,0,0,0,0,0,0,0
0,0,0,0,0,0,0,0,0,0,0,0,0,0.000344269801388203,0.000672081419151312,0.000797044200022468,0.0021991818327034,0.00222679637209587,0.00376871185753857,0.00611592852270906,0.00373075036773876,0.00328214203867646,0.00242765719652548,0.00500457550904649,0.00374086900976426,0.00393789064998088,0.00411875780514758,0.00268725462022457,0.00077351130751523,0.000763736338463881,0.00131607582582114,0.00102698123162944,0.000907944631055438,0.000521454316217131,0.000678102706137036,0.00104665316888536,0.000555560924293701,0.000967099225743135,0.00154035108509866,0.000866721752375632,0.00124792369144041,0.00155972637119354,0.000702822242154469,0.0014331058241134,0.000789558859600419,0.000316796486378125,0.000222379134479783,0.000124046745628097,0,0,0,0,0,0,0,0,0,0,0,0,0,0,0,0,0,0,0,0,0,0,0,0,0,0,0,0,0,0,0,0,0,0,0,0,0,0,0,0,0,0,0,0,0,0,0,0,0,0,0,0
0,0,0,0,0,0,0,0,0,0,0,0,0,0,3.58447098490554e-06,0.000532239770895145,0.0012138088623264,0.00298021663660871,0.00524008473218804,0.00462323626232886,0.00488897988348606,0.00405603953211471,0.00482769791600985,0.00347188208863953,0.00364166779395098,0.00355529924346975,0.00237035515241256,0.00251064524528206,0.00128892675589776,0.00143736229090101,0.0015183157274565,0.00158790581490273,0.00123020458788016,0.000256704133701144,0.000703177234584771,0.00119526607261383,0.00064769392540507,0.000716620563676586,0.000308809831168183,0.000920805007889204,0.0011419189525387,0.00127526862286397,0.000694670319246178,0.0003668320735578,0.000559129961124787,7.54105077289294e-05,9.85829345355752e-05,5.49911853565449e-05,0,0,0,0,0,0,0,0,0,0,0,0,0,0,0,0,0,0,0,0,0,0,0,0,0,0,0,0,0,0,0,0,0,0,0,0,0,0,0,0,0,0,0,0,0,0,0,0,0,0,0,0
0,0,0,0,0,0,0,0,0,0,0,0,0,0,0,0.000165666142079353,0.000247592943668442,0.00187925081747236,0.00450168529786769,0.0026632298500414,0.00610436614757488,0.0049299535780052,0.00499193033372396,0.00463728003862105,0.00340319928269421,0.00470086370307089,0.0030359276497228,0.00344100936818176,0.00232102188506449,0.00126860107445369,0.00154609127298547,0.00284948092222187,0.00173549102485516,0.00168287931463511,0.00195218106621791,0.000774163175668017,0.000346015287262622,0.000598801367131206,0.000779642880986302,0.00134003175945076,0.00120346227304907,0.000689616733376783,2.33345332415462e-05,0.000139083233435054,0.00036090201549778,0.000109824560796664,0,0,0,0,0,0,0,0,0,0,0,0,0,0,0,0,0,0,0,0,0,0,0,0,0,0,0,0,0,0,0,0,0,0,0,0,0,0,0,0,0,0,0,0,0,0,0,0,0,0,0,0,0,0
0,0,0,0,0,0,0,0,0,0,0,0,0,0,0,0.000368448260988875,5.99856947481736e-05,0.00152620288159239,0.00154274477043824,0.00252130649126086,0.00243754207038764,0.00406515087772457,0.00482557770340747,0.00481852657782542,0.00338100170060785,0.00509857142802343,0.00275774937772361,0.00404917857109395,0.00310505769737597,0.00262516840302117,0.000874392752551343,0.00105638182515623,0.00140750796276071,0.00208484356225567,0.0027458733872099,0.00115115276155016,0.000935539062472521,0.00109049017291819,0.00195018329837586,0.00150135326919409,0.000791393393150181,0.000820446420995958,0.0012841610093156,0.000784402416082603,0.000145570489886841,0,0.000199496252729832,2.20222187870701e-05,0,0,0,0,0,0,0,0,0,0,0,0,0,0,0,0,0,0,0,0,0,0,0,0,0,0,0,0,0,0,0,0,0,0,0,0,0,0,0,0,0,0,0,0,0,0,0,0,0,0,0,0
0,0,0,0,0,0,0,0,0,0,0,0,0,0,0,0,0,0.000228740008669923,0.00037712023245105,0.00131655199705891,0.0021738111667609,0.00283723923682107,0.00336262932650445,0.00329642264343065,0.0033765415287792,0.00264473309693865,0.00217451225624848,0.00482898384219733,0.00327454447695834,0.00200780036817566,0.00340154628883869,0.00257283895717383,0.00166460073584515,0.0017523002538824,0.00193564172586719,0.00147267953549865,0.000928866064228871,0.000764202179580815,0.00095613483418168,0.000644137967756119,0.000471838019479799,0.000215714129109424,0.000442135614447846,0.000443860048040877,1.41707440992015e-05,0,0.000250796337688774,2.76851907943242e-05,0,0,0,0,0,0,0,0,0,0,0,0,0,0,0,0,0,0,0,0,0,0,0,0,0,0,0,0,0,0,0,0,0,0,0,0,0,0,0,0,0,0,0,0,0,0,0,0,0,0,0,0
0,0,0,0,0,0,0,0,0,0,0,0,0,0,0,0,0,6.49892794479779e-05,0.000493799714927568,0.000442345055799035,0.00067308254647129,0.0010299583027903,0.00104883971051317,0.00138740376356538,0.00205946248515976,0.00172324205560565,0.00245940303239779,0.00342278991300296,0.00282802503114168,0.00282165247028959,0.0024876087682255,0.00113910213838693,0.000494424996565138,0.00160581286697629,0.000751607792351864,0.000491681373991811,0.00102825973620725,0.000590482155681533,0.000208786817745855,5.19447813227484e-05,0.000112804240512787,0.000283135258216518,0,0,0,0,0,0,0,0,0,0,0,0,0,0,0,0,0,0,0,0,0,0,0,0,0,0,0,0,0,0,0,0,0,0,0,0,0,0,0,0,0,0,0,0,0,0,0,0,0,0,0,0,0,0,0,0,0,0
0,0,0,0,0,0,0,0,0,0,0,0,0,0,0,0,0,0,0,0.000150853907280706,8.73066096967745e-05,0,0.000382955249331718,0.000378095923146366,0.000663146268421155,0.00103445441927175,0.00214312133908964,0.00146577883463916,0.00143935041878351,0.00169550848220359,0.00108607422792161,0.00099465947548039,0.00031137772866909,0.000405691449529719,0.000594198312766978,6.58070616369511e-05,0.000696619412817,0.000524777941656699,0.00026118315685584,0,0,0,0,0,0,0,0,0,0,0,0,0,0,0,0,0,0,0,0,0,0,0,0,0,0,0,0,0,0,0,0,0,0,0,0,0,0,0,0,0,0,0,0,0,0,0,0,0,0,0,0,0,0,0,0,0,0,0,0,0
0,0,0,0,0,0,0,0,0,0,0,0,0,0,0,0,0,0,0,0,0,0,8.62154329933797e-05,0.000417937168464137,0.000127301502623549,0.000379694358178525,0.000666220703769236,0.000370084620609027,0.000873763397202561,0.000853290071940758,0.000161192427909862,0.000264854848634281,0.000571959361532689,0.000592297559505176,0.000116454193814827,7.51244550968084e-06,0.000181582272746637,0.000103572737944475,5.14980195339905e-05,0,0,0,0,0,0,0,0,0,0,0,0,0,0,0,0,0,0,0,0,0,0,0,0,0,0,0,0,0,0,0,0,0,0,0,0,0,0,0,0,0,0,0,0,0,0,0,0,0,0,0,0,0,0,0,0,0,0,0,0,0
0,0,0,0,0,0,0,0,0,0,0,0,0,0,0,0,0,0,0,0,0,0,5.51208897823402e-06,5.14120708287056e-05,3.88625612707079e-05,0.000184244978973791,0,0.000219058160447909,0.000577374309570922,0.000118539789644208,0,0,0.000251024251040169,0.000136415913363232,0,0,0,0,0,0,0,0,0,0,0,0,0,0,0,0,0,0,0,0,0,0,0,0,0,0,0,0,0,0,0,0,0,0,0,0,0,0,0,0,0,0,0,0,0,0,0,0,0,0,0,0,0,0,0,0,0,0,0,0,0,0,0,0,0,0
0,0,0,0,0,0,0,0,0,0,0,0,0,0,0,0,0,0,0,0,0,0,0,0,0,0,0,0,0,0,0,0,0,0,0,0,0,0,0,0,0,0,0,0,0,0,0,0,0,0,0,0,0,0,0,0,0,0,0,0,0,0,0,0,0,0,0,0,0,0,0,0,0,0,0,0,0,0,0,0,0,0,0,0,0,0,0,0,0,0,0,0,0,0,0,0,0,0,0,0
0,0,0,0,0,0,0,0,0,0,0,0,0,0,0,0,0,0,0,0,0,0,0,0,0,0,0,0,0,0,0,0,0,0,0,0,0,0,0,0,0,0,0,0,0,0,0,0,0,0,0,0,0,0,0,0,0,0,0,0,0,0,0,0,0,0,0,0,0,0,0,0,0,0,0,0,0,0,0,0,0,0,0,0,0,0,0,0,0,0,0,0,0,0,0,0,0,0,0,0
0,0,0,0,0,0,0,0,0,0,0,0,0,0,0,0,0,0,0,0,0,0,0,0,0,0,0,0,0,0,0,0,0,0,0,0,0,0,0,0,0,0,0,0,0,0,0,0,0,0,0,0,0,0,0,0,0,0,0,0,0,0,0,0,0,0,0,0,0,0,0,0,0,0,0,0,0,0,0,0,0,0,0,0,0,0,0,0,0,0,0,0,0,0,0,0,0,0,0,0
0,0,0,0,0,0,0,0,0,0,0,0,0,0,0,0,0,0,0,0,0,0,0,0,0,0,0,0,0,0,0,0,0,0,0,0,0,0,0,0,0,0,0,0,0,0,0,0,0,0,0,0,0,0,0,0,0,0,0,0,0,0,0,0,0,0,0,0,0,0,0,0,0,0,0,0,0,0,0,0,0,0,0,0,0,0,0,0,0,0,0,0,0,0,0,0,0,0,0,0
0,0,0,0,0,0,0,0,0,0,0,0,0,0,0,0,0,0,0,0,0,0,0,0,0,0,0,0,0,0,0,0,0,0,0,0,0,0,0,0,0,0,0,0,0,0,0,0,0,0,0,0,0,0,0,0,0,0,0,0,0,0,0,0,0,0,0,0,0,0,0,0,0,0,0,0,0,0,0,0,0,0,0,0,0,0,0,0,0,0,0,0,0,0,0,0,0,0,0,0
0,0,0,0,0,0,0,0,0,0,0,0,0,0,0,0,0,0,0,0,0,0,0,0,0,0,0,0,0,0,0,0,0,0,0,0,0,0,0,0,0,0,0,0,0,0,0,0,0,0,0,0,0,0,0,0,0,0,0,0,0,0,0,0,0,0,0,0,0,0,0,0,0,0,0,0,0,0,0,0,0,0,0,0,0,0,0,0,0,0,0,0,0,0,0,0,0,0,0,0
0,0,0,0,0,0,0,0,0,0,0,0,0,0,0,0,0,0,0,0,0,0,0,0,0,0,0,0,0,0,0,0,0,0,0,0,0,0,0,0,0,0,0,0,0,0,0,0,0,0,0,0,0,0,0,0,0,0,0,0,0,0,0,0,0,0,0,0,0,0,0,0,0,0,0,0,0,0,0,0,0,0,0,0,0,0,0,0,0,0,0,0,0,0,0,0,0,0,0,0
0,0,0,0,0,0,0,0,0,0,0,0,0,0,0,0,0,0,0,0,0,0,0,0,0,0,0,0,0,0,0,0,0,0,0,0,0,0,0,0,0,0,0,0,0,0,0,0,0,0,0,0,0,0,0,0,0,0,0,0,0,0,0,0,0,0,0,0,0,0,0,0,0,0,0,0,0,0,0,0,0,0,0,0,0,0,0,0,0,0,0,0,0,0,0,0,0,0,0,0
0,0,0,0,0,0,0,0,0,0,0,0,0,0,0,0,0,0,0,0,0,0,0,0,0,0,0,0,0,0,0,0,0,0,0,0,0,0,0,0,0,0,0,0,0,0,0,0,0,0,0,0,0,0,0,0,0,0,0,0,0,0,0,0,0,0,0,0,0,0,0,0,0,0,0,0,0,0,0,0,0,0,0,0,0,0,0,0,0,0,0,0,0,0,0,0,0,0,0,0
0,0,0,0,0,0,0,0,0,0,0,0,0,0,0,0,0,0,0,0,0,0,0,0,0,0,0,0,0,0,0,0,0,0,0,0,0,0,0,0,0,0,0,0,0,0,0,0,0,0,0,0,0,0,0,0,0,0,0,0,0,0,0,0,0,0,0,0,0,0,0,0,0,0,0,0,0,0,0,0,0,0,0,0,0,0,0,0,0,0,0,0,0,0,0,0,0,0,0,0
0,0,0,0,0,0,0,0,0,0,0,0,0,0,0,0,0,0,0,0,0,0,0,0,0,0,0,0,0,0,0,0,0,0,0,0,0,0,0,0,0,0,0,0,0,0,0,0,0,0,0,0,0,0,0,0,0,0,0,0,0,0,0,0,0,0,0,0,0,0,0,0,0,0,0,0,0,0,0,0,0,0,0,0,0,0,0,0,0,0,0,0,0,0,0,0,0,0,0,0
0,0,0,0,0,0,0,0,0,0,0,0,0,0,0,0,0,0,0,0,0,0,0,0,0,0,0,0,0,0,0,0,0,0,0,0,0,0,0,0,0,0,0,0,0,0,0,0,0,0,0,0,0,0,0,0,0,0,0,0,0,0,0,0,0,0,0,0,0,0,0,0,0,0,0,0,0,0,0,0,0,0,0,0,0,0,0,0,0,0,0,0,0,0,0,0,0,0,0,0
0,0,0,0,0,0,0,0,0,0,0,0,0,0,0,0,0,0,0,0,0,0,0,0,0,0,0,0,0,0,0,0,0,0,0,0,0,0,0,0,0,0,0,0,0,0,0,0,0,0,0,0,0,0,0,0,0,0,0,0,0,0,0,0,0,0,0,0,0,0,0,0,0,0,0,0,0,0,0,0,0,0,0,0,0,0,0,0,0,0,0,0,0,0,0,0,0,0,0,0
0,0,0,0,0,0,0,0,0,0,0,0,0,0,0,0,0,0,0,0,0,0,0,0,0,0,0,0,0,0,0,0,0,0,0,0,0,0,0,0,0,0,0,0,0,0,0,0,0,0,0,0,0,0,0,0,0,0,0,0,0,0,0,0,0,0,0,0,0,0,0,0,0,0,0,0,0,0,0,0,0,0,0,0,0,0,0,0,0,0,0,0,0,0,0,0,0,0,0,0
0,0,0,0,0,0,0,0,0,0,0,0,0,0,0,0,0,0,0,0,0,0,0,0,0,0,0,0,0,0,0,0,0,0,0,0,0,0,0,0,0,0,0,0,0,0,0,0,0,0,0,0,0,0,0,0,0,0,0,0,0,0,0,0,0,0,0,0,0,0,0,0,0,0,0,0,0,0,0,0,0,0,0,0,0,0,0,0,0,0,0,0,0,0,0,0,0,0,0,0
0,0,0,0,0,0,0,0,0,0,0,0,0,0,0,0,0,0,0,0,0,0,0,0,0,0,0,0,0,0,0,0,0,0,0,0,0,0,0,0,0,0,0,0,0,0,0,0,0,0,0,0,0,0,0,0,0,0,0,0,0,0,0,0,0,0,0,0,0,0,0,0,0,0,0,0,0,0,0,0,0,0,0,0,0,0,0,0,0,0,0,0,0,0,0,0,0,0,0,0
0,0,0,0,0,0,0,0,0,0,0,0,0,0,0,0,0,0,0,0,0,0,0,0,0,0,0,0,0,0,0,0,0,0,0,0,0,0,0,0,0,0,0,0,0,0,0,0,0,0,0,0,0,0,0,0,0,0,0,0,0,0,0,0,0,0,0,0,0,0,0,0,0,0,0,0,0,0,0,0,0,0,0,0,0,0,0,0,0,0,0,0,0,0,0,0,0,0,0,0
0,0,0,0,0,0,0,0,0,0,0,0,0,0,0,0,0,0,0,0,0,0,0,0,0,0,0,0,0,0,0,0,0,0,0,0,0,0,0,0,0,0,0,0,0,0,0,0,0,0,0,0,0,0,0,0,0,0,0,0,0,0,0,0,0,0,0,0,0,0,0,0,0,0,0,0,0,0,0,0,0,0,0,0,0,0,0,0,0,0,0,0,0,0,0,0,0,0,0,0
0,0,0,0,0,0,0,0,0,0,0,0,0,0,0,0,0,0,0,0,0,0,0,0,0,0,0,0,0,0,0,0,0,0,0,0,0,0,0,0,0,0,0,0,0,0,0,0,0,0,0,0,0,0,0,0,0,0,0,0,0,0,0,0,0,0,0,0,0,0,0,0,0,0,0,0,0,0,0,0,0,0,0,0,0,0,0,0,0,0,0,0,0,0,0,0,0,0,0,0
0,0,0,0,0,0,0,0,0,0,0,0,0,0,0,0,0,0,0,0,0,0,0,0,0,0,0,0,0,0,0,0,0,0,0,0,0,0,0,0,0,0,0,0,0,0,0,0,0,0,0,0,0,0,0,0,0,0,0,0,0,0,0,0,0,0,0,0,0,0,0,0,0,0,0,0,0,0,0,0,0,0,0,0,0,0,0,0,0,0,0,0,0,0,0,0,0,0,0,0
