0,0,0,0,0,0,0,0,0,0,0,0,0,0,0,0,0,0,0,0,0,0,0,0,0,0,0,0,0,0,0,0,0,0,0,0,0,0,0,0,0,0,0,0,0,0,0,0,0,0,0,0,0,0,0,0,0,0,0,0,0,0,0,0,0,0,0,0,0,0,0,0,0,0,0,0,0,0,0,0,0,0,0,0,0,0,0,0,0,0,0,0,0,0,0,0,0,0,0,0
0,0,0,0,0,0,0,0,0,0,0,0,0,0,0,0,0,0,0,0,0,0,0,0,0,0,0,0,0,0,0,0,0,0,0,0,0,0,0,0,0,0,0,0,0,0,0,0,0,0,0,0,0,0,0,0,0,0,0,0,0,0,0,0,0,0,0,0,0,0,0,0,0,0,0,0,0,0,0,0,0,0,0,0,0,0,0,0,0,0,0,0,0,0,0,0,0,0,0,0
0,0,0,0,0,0,0,0,0,0,0,0,0,0,0,0,0,0,0,0,0,0,0,0,0,0,0,0,0,0,0,0,0,0,0,0,0,0,0,0,0,0,0,0,0,0,0,0,0,0,0,0,0,0,0,0,0,0,0,0,0,0,0,0,0,0,0,0,0,0,0,0,0,0,0,0,0,0,0,0,0,0,0,0,0,0,0,0,0,0,0,0,0,0,0,0,0,0,0,0
0,0,0,0,0,0,0,0,0,0,0,0,0,0,0,0,0,0,0,0,0,0,0,0,0,0,0,0,0,0,0,0,0,0,0,0,0,0,0,0,0,0,0,0,0,0,0,0,0,0,0,0,0,0,0,0,0,0,0,0,0,0,0,0,0,0,0,0,0,0,0,0,0,0,0,0,0,0,0,0,0,0,0,0,0,0,0,0,0,0,0,0,0,0,0,0,0,0,0,0
0,0,0,0,0,0,0,0,0,0,0,0,0,0,0,0,0,0,0,0,0,0,0,0,0,0,0,0,0,0,0,0,0,0,0,0,0,0,0,0,0,0,0,0,0,0,0,0,0,0,0,0,0,0,0,0,0,0,0,0,0,0,0,0,0,0,0,0,0,0,0,0,0,0,0,0,0,0,0,0,0,0,0,0,0,0,0,0,0,0,0,0,0,0,0,0,0,0,0,0
0,0,0,0,0,0,0,0,0,0,0,0,0,0,0,0,0,0,0,0,0,0,0,0,0,0,0,0,0,0,0,0,0,0,0,0,0,0,0,0,0,0,0,0,0,0,0,0,0,0,0,0,0,0,0,0,0,0,0,0,0,0,0,0,0,0,0,0,0,0,0,0,0,0,0,0,0,0,0,0,0,0,0,0,0,0,0,0,0,0,0,0,0,0,0,0,0,0,0,0
0,0,0,0,0,0,0,0,0,0,0,0,0,0,0,0,0,0,0,0,0,0,0,0,0,0,0,0,0,0,0,0,0,0,0,0,0,0,0,0,0,0,0,0,0,0,0,0,0,0,0,0,0,0,0,0,0,0,0,0,0,0,0,0,0,0,0,0,0,0,0,0,0,0,0,0,0,0,0,0,0,0,0,0,0,0,0,0,0,0,0,0,0,0,0,0,0,0,0,0
0,0,0,0,0,0,0,0,0,0,0,0,0,0,0,0,0,0,0,0,0,0,0,0,0,0,0,0,0,0,0,0,0,0,0,0,0,0,0,0,0,0,0,0,0,0,0,0,0,0,0,0,0,0,0,0,0,0,0,0,0,0,0,0,0,0,0,0,0,0,0,0,0,0,0,0,0,0,0,0,0,0,0,0,0,0,0,0,0,0,0,0,0,0,0,0,0,0,0,0
0,0,0,0,0,0,0,0,0,0,0,0,0,0,0,0,0,0,0,0,0,0,0,0,0,0,0,0,0,0,0,0,0,0,0,0,0,0,0,0,0,0,0,0,0,0,0,0,0,0,0,0,0,0,0,0,0,0,0,0,0,0,0,0,0,0,0,0,0,0,0,0,0,0,0,0,0,0,0,0,0,0,0,0,0,0,0,0,0,0,0,0,0,0,0,0,0,0,0,0
0,0,0,0,0,0,0,0,0,0,0,0,0,0,0,0,0,0,0,0,0,0,0,0,0,0,0,0,0,0,0,0,0,0,0,0,0,0,0,0,0,0,0,0,0,0,0,0,0,0,0,0,0,0,0,0,0,0,0,0,0,0,0,0,0,0,0,0,0,0,0,0,0,0,0,0,0,0,0,0,0,0,0,0,0,0,0,0,0,0,0,0,0,0,0,0,0,0,0,0
0,0,0,0,0,0,0,0,0,0,0,0,0,0,0,0,0,0,0,0,0,0,0,0,0,0,0,0,0,0,0,0,0,0,0,0,0,0,0,0,0,0,0,0,0,0,0,0,0,0,0,0,0,0,0,0,0,0,0,0,0,0,0,0,0,0,0,0,0,0,0,0,0,0,0,0,0,0,0,0,0,0,0,0,0,0,0,0,0,0,0,0,0,0,0,0,0,0,0,0
0,0,0,0,0,0,0,0,0,0,0,0,0,0,0,0,0,0,0,0,0,0,0,0,0,0,0,0,0,0,0,0,0,0,0,0,0,0,0,0,0,0,0,0,0,0,0,0,0,0.000217069353926738,0.000187962361890312,0,0,0,0,0,0.000176569337227027,1.47559702280251e-05,0,0,0,0,0,0,0,0,0,0,0,0,0,0,0,0,0,0,0,0,0,0,0,0,0,0,0,0,0,0,0,0,0,0,0,0,0,0,0,0,0,0
0,0,0,0,0,0,0,0,0,0,0,0,0,0,0,0,0,0,0,0,0,0,0,0,0,0,0,0,0,0,0,0,0,0,0,0,0,0,0,0,0,0,0,0,0,0,0,0,0,5.0896518188801e-05,4.40717659941488e-05,0,0,0,0,0,0.000284868147378893,2.38065451660549e-05,0,0,0,0,0,0,0,0,0,0,0,0,0,0,0,0,0,0,0,0,0,0,0,0,0,0,0,0,0,0,0,0,0,0,0,0,0,0,0,0,0,0
0,0,0,0,0,0,0,0,0,0,0,0,0,0,0,0,0,0,0,0,0,0,0,0,0,0,0,0,0,0,0,0,0,0,0,0,0,0,0,0,0,0,0,0,0,0,0,0,0,0,0,0,0,0.000121958914213106,7.54929192458141e-05,0,0,0,0,0,0,0,0,0,0,0,0,0,0,0,0,0,0,0,0,0,0,0,0,0,0,0,0,0,0,0,0,0,0,0,0,0,0,0,0,0,0,0,0,0
0,0,0,0,0,0,0,0,0,0,0,0,0,0,0,0,0,0,0,0,0,0,0,0,0,0,0,0,0,0,0,0,0,0,0,0,0,0,0,0,0,0,0,0,0,0,0,0,0,0,0,0,9.32229026698201e-05,0.000414596881760094,0.000137620970155989,0,0,0,0,0,0,0,0,0,6.58994810833463e-06,3.60147122347715e-06,0,0,0,0,0,0,0,0,0,0,0,0,0,0,0,0,0,0,0,0,0,0,0,0,0,0,0,0,0,0,0,0,0,0
0,0,0,0,0,0,0,0,0,0,0,0,0,0,0,0,0,0,0,0,0,0,0,0,0,0,0,0,0,0,0,0,0,0,0,0,0,0,0,0,0,0,0,0,0,0,0,0,0,0,0.000263358813800978,3.7017147340492e-05,0.000227790641402832,0.000560785343195779,0.000394852362473534,0.000507824339886592,0.000431836998761454,0,0,0,0,0,0,0,0.000316718704679829,0.000173089875988359,0,0,0,0,0,0,0,0,0,0,0,0,0,0,0,0,0,0,0,0,0,0,0,0,0,0,0,0,0,0,0,0,0,0
0,0,0,0,0,0,0,0,0,0,0,0,0,0,0,0,0,0,0,0,0,0,0,0,0,0,0,0,0,0,0,0,0,0,0,0,0,0,0,0,0,0,0,0,0,0,0,0,0,0,0.000175023160575697,2.4600878282833e-05,0.000179548372935546,0.00059924101592005,0.000273807093668501,0.000162138411758644,8.13579270488778e-05,0,0,0,0.000133886782948118,0.000285753207971355,0,0,0,0,0,0,0,0,0,0,0,0,0,0,0,0,0,0,0,0,0,0,0,0,0,0,0,0,0,0,0,0,0,0,0,0,0,0
0,0,0,0,0,0,0,0,0,0,0,0,0,0,0,0,0,0,0,0,0,0,0,0,0,0,0,0,0,0,0,0,0,0,0,0,0,0,0,0,0,0,0,0,0,0,0,0,0,0,0,0,0,0.000228748276305005,0.000185175075953449,5.69075432984545e-05,0,0,0,4.61203742371497e-05,4.15119693634744e-05,5.47210248886274e-05,0,0.000134724130764848,8.03684352972584e-05,0.000144945537020956,0.000359122278553,0,0,0,0,0,0,0,0,0,0,0,0,0,0,0,0,0,0,0,0,0,0,0,0,0,0,0,0,0,0,0,0,0
0,0,0,0,0,0,0,0,0,0,0,0,0,0,0,0,0,0,0,0,0,0,0,0,0,0,0,0,0,0,0,0,0,0,0,0,0,0,0,0,0,0,0,0,0,0,0,0,0,1.68434800589612e-05,0.000136277975170572,0,0,0,0.000201833069260758,6.52609400856998e-05,0,0,0,0.000406797262733609,0.000221167508974053,0,0,0.000178452966034368,0.000106454467903526,0.000414716308865148,8.12158755608956e-05,0,0,0,0,0,0,0,0,0,0,0,0,0,0,0,0,0,0,0,0,0,0,0,0,0,0,0,0,0,0,0,0,0
0,0,0,0,0,0,0,0,0,0,0,0,0,0,0,0,0,0,0,0,0,0,0,0,0,0,0,0,0,0,0,0,0,0,0,0,0,0,0,0,0,0,0,0,0,0,0,0,0,3.815691173366e-05,0.000308721633036807,0,0,0.000176174156538417,0.000115624534932172,0,2.0389331335916e-05,0.000333746437543916,0,0.000132105794986253,0.000177936073897361,0,0,0,0,0,0,0,0,0,0,0,0,0,0,0,0,0,0,0,0,0,0,0,0,0,0,0,0,0,0,0,0,0,0,0,0,0,0,0
0,0,0,0,0,0,0,0,0,0,0,0,0,0,0,0,0,0,0,0,0,0,0,0,0,0,0,0,0,0,0,0,0,0,0,0,0,0,0,0,0,0,0,0,0,0,0,0,0,0,0,0,0,0.00012570203702939,8.24992715000205e-05,0,1.9816583343777e-05,0.000185806045230836,0,0,0,0.000263830266722561,0.000167108570934243,0,0,0,0,0,0,0,0,0,0,0,0,0,0,0,0,0,0,0,0,0,0,0,0,0,0,0,0,0,0,0,0,0,0,0,0,0
0,0,0,0,0,0,0,0,0,0,0,0,0,0,0,0,0,0,0,0,0,0,0,0,0,0,0,0,0,0,0,0,0,0,0,0,0,0,0,0,0,0,0,0,0,0,0,0,0,0,0,0,0,0,0,0,8.41201152087329e-05,0.000356121487336822,0,0,0,4.2280767684453e-05,2.67803946587432e-05,0,0,0,0,0,0,0,0,0,0,0,0,0,0,0,0,0,0,0,0,0,0,0,0,0,0,0,0,0,0,0,0,0,0,0,0,0
0,0,0,0,0,0,0,0,0,0,0,0,0,0,0,0,0,0,0,0,0,0,0,0,0,0,0,0,0,0,0,0,0,0,0,0,0,0,0,0,0,0,0,0,0,0,0,0,0,0,0,0,0,0,0,0,0,0,5.32309247554285e-06,2.5405003784266e-05,0,0,0,0,0,0,0,0,0,0,0,3.26775216295294e-06,0.000105972170965897,0,0,0,0,0,0,0,0,0,0,0,0,0,0,0,0,0,0,0,0,0,0,0,0,0,0,0
0,0,0,0,0,0,0,0,0,0,0,0,0,0,0,0,0,0,0,0,0,0,0,0,0,0,0,0,0,0,0,0,0,0,0,0,0,0,0,0,0,0,0,0,0,0,0,0,0,0,0,0,0,0,0,0,0,0,8.12929547819185e-05,0.000387978948958273,0,0,0,0,0.000122031909195057,0.000314090292405595,0,0,0,0,0,1.16890148749484e-05,0.000379071061996201,0,0,0,0,0,0,0,0,0,0,0,0,0,0,0,0,0,0,0,0,0,0,0,0,0,0,0
0,0,0,0,0,0,0,0,0,0,0,0,0,0,0,0,0,0,0,0,0,0,0,0,0,0,0,0,0,0,0,0,0,0,0,0,0,0,0,0,0,0,0,0,0,0,0,0,0,0,0,0,0,5.1759782847001e-05,0.000306387859651188,0,0,0,0,0,0,0,0,0.000224531965303499,0.000138209530692687,4.60040701983077e-05,0,0,0,0,0,0,0,0,0,0,0,0,0,0,0,0,0,0,0,0,0,0,0,0,0,0,0,0,0,0,0,0,0,0
0,0,0,0,0,0,0,0,0,0,0,0,0,0,0,0,0,0,0,0,0,0,0,0,0,0,0,0,0,0,0,0,0,0,0,0,0,0,0,0,0,0,0,0,0,0,0,0,0,0,0,0,0,2.05006158058573e-05,0.000121351741695954,0,0,0,0,0,0,0,0,0.000101001451082449,5.41307811224056e-05,0,2.35801194833299e-05,3.22308806790702e-05,0,0,0,0,0.000101572001162405,6.4293408259132e-05,0,0,0,0,0,0,0,0,0,0,0,0,0,0,0,0,0,0,0,0,0,0,0,0,0,0
0,0,0,0,0,0,0,0,0,0,0,0,0,0,0,0,0,0,0,0,0,0,0,0,0,0,0,0,0,0,0,0,0,0,0,0,0,0,0,0,0,0,0,0,0,0,0,0,0,0,0,0,0,0,0,0,0,0,0,0.000318966605249406,0.000149231794108083,0,0,0.000138748075728716,0.000137243153261661,0.000291953604545594,0.000210786663843921,0.000256519370931581,0,0,0,0,0.000427220093282526,0.000406914497295937,0,0,0,0,0,0,0,0,0,0,0,0,0,0,0,0,0,0,0,0,0,0,0,0,0,0
0,0,0,0,0,0,0,0,0,0,0,0,0,0,0,0,0,0,0,0,0,0,0,0,0,0,0,0,0,0,0,0,0,0,0,0,0,0,0,0,0,0,0,0,0,0,0,0,0,0,0,0,0,0,0,0,0,0,0,2.16652782503302e-05,8.44511169089664e-05,7.13997022436627e-05,0,0.000130693003939455,0.000213944820020278,0.000171360916007958,1.35684445085457e-05,0.000199883702853358,7.38067014036761e-06,0,0,0,0.000376587410395421,6.34831438337952e-05,4.21366652555285e-05,8.47641864901549e-06,0,0,0,0,0,0,0,0,0,0,0,0,0,0,0,0,0,0,0,0,0,0,0,0
0,0,0,0,0,0,0,0,0,0,0,0,0,0,0,0,0,0,0,0,0,0,0,0,0,0,0,0,0,0,0,0,0,0,0,0,0,0,0,0,0,0,0,0,0,0,0,0,0,0,0,0,0,0,0,0,0,0,0,0,0.000180686582041367,0.000173598921198185,0,5.68538260389733e-05,0.000322517121010917,0,0,0.000282311331358839,1.04242956474358e-05,0,0,0,5.12842192515731e-05,8.64522651921105e-06,0.00037412590960553,0.0002483081300773,5.94140060711053e-05,0,0,0,0,0,0,0,0,0,0,0,0,0,0,0,0,0,0,0,0,0,0,0
0,0,0,0,0,0,0,0,0,0,0,0,0,0,0,0,0,0,0,0,0,0,0,0,0,0,0,0,0,0,0,0,0,0,0,0,0,0,0,0,0,0,0,0,0,0,0,0,0,0,0,0,0,0,0,0,0,0,0,0,0,0,0,0,0.000284976247014643,0.000427007047897045,0,0.000162395932452537,7.17139695049084e-05,0,1.40447560740726e-05,8.78368992589353e-05,0,0,0,0.000199159455296603,6.8379415044919e-05,0,0,0,0,0,0,0,0,0,0,0,0,0,0,0,0,0,0,0,0,0,0,0
0,0,0,0,0,0,0,0,0,0,0,0,0,0,0,0,0,0,0,0,0,0,0,0,0,0,0,0,0,0,0,0,0,0,0,0,0,0,0,0,0,0,0,0,0,0,0,0,0,0,0,0,0,0,0,0,0,0,0,0,3.70760872441062e-05,4.62583082826632e-05,0,0.000245190070541652,0.000376757605421979,0.000154807065131796,0,0.000184441025520424,0.000205133513937589,5.44720232794457e-05,5.48820592007984e-05,0.000343236285466194,0,0,0,0,0.000200377580897547,0.000113675133380381,0,0,0,0,0,0,0,0,0,0,0,0,0,0,0,0,0,0,0,0,0,0
0,0,0,0,0,0,0,0,0,0,0,0,0,0,0,0,0,0,0,0,0,0,0,0,0,0,0,0,0,0,0,0,0,0,0,0,0,0,0,0,0,0,0,0,0,0,0,0,0,0,0,0,0,0,0,0,0,0,0.000207568148874554,9.17724287332431e-05,0.000185377600754364,0.000231288003718866,0,5.64990146544022e-06,5.61206252744459e-06,0,0,0,0.0002234386383652,9.84048969398959e-05,0,0,0,0,0,0,0.000118641443278468,6.7305842443604e-05,0,0,0,0,0,0,0,0,0,0,0,0,0,0,0,0,0,0,0,0,0,0
0,0,0,0,0,0,0,0,0,0,0,0,0,0,0,0,0,0,0,0,0,0,0,0,0,0,0,0,0,0,0,0,0,0,0,0,0,0,0,0,0,0,0,0,0,0,0,0,0,0,0,0,0,0,0,0,0,0,0.000139140858192498,6.15185641997054e-05,0,0,0,0,0,1.57597971076558e-05,0.000173379824246876,0,0,0,0.000146086897367661,0.000169928905090415,0,0,0,0,0,8.46588848489476e-05,0.000228082181602212,0,0,0,6.19315759819987e-05,0.000142845043963485,0,0,0,0,0,0,0,0,0,0,0,0,0,0,0,0
0,0,0,0,0,0,0,0,0,0,0,0,0,0,0,0,0,0,0,0,0,0,0,0,0,0,0,0,0,0,0,0,0,0,0,0,0,0,0,0,0,0,0,0,0,0,0,0,0,0,0,0,0,0,0,0,0,0,0,0,0,0,3.66332596073866e-05,0.000305719117104601,0.000237420197874739,2.59020107007541e-05,0.000284958367944715,8.86974170678115e-05,4.61391066417122e-05,0,8.50516979673646e-05,9.89324995745601e-05,0,0,0,0,0,5.06909203583077e-05,0.000136568013190532,0,0,1.36842760757452e-05,9.14489415577946e-05,0.00057438630007508,0,0,0,0,0,0,0,0,0,0,0,0,0,0,0,0
0,0,0,0,0,0,0,0,0,0,0,0,0,0,0,0,0,0,0,0,0,0,0,0,0,0,0,0,0,0,0,0,0,0,0,0,0,0,0,0,0,0,0,0,0,0,0,0,0,0,0,0,0,0,0,0,0,0,0,0,0,0,7.48156253581074e-05,0.000297074505548938,4.83372945062273e-05,0,0,0.000240209820480418,0.000124953655810059,0,0,0,0,0,0,0,0,0,0,9.37181517078718e-05,0.000278198915613505,0.000420296506225375,6.39665396283402e-05,0.000131440816492181,0,0,0,0,0,0,0,0,0,0,0,0,0,0,0,0
0,0,0,0,0,0,0,0,0,0,0,0,0,0,0,0,0,0,0,0,0,0,0,0,0,0,0,0,0,0,0,0,0,0,0,0,0,0,0,0,0,0,0,0,0,0,0,0,0,0,0,0,0,0,0,0,0,0,0,0,0,0,0,0,0,0,0,0,0,0,0,0,0,0,0,0.000459027517643175,0.000513936069256938,0.000191012981011551,3.89641009137447e-06,8.56797158616063e-05,9.58077380971607e-05,0,0,0,0,0,0,0,0,0,0,0,0,0,0,0,0,0,0,0
0,0,0,0,0,0,0,0,0,0,0,0,0,0,0,0,0,0,0,0,0,0,0,0,0,0,0,0,0,0,0,0,0,0,0,0,0,0,0,0,0,0,0,0,0,0,0,0,0,0,0,0,0,0,0,0,0,0,0,0,0.000283020306229067,4.84223524938618e-06,0,0,0,0,9.58515086938233e-06,3.24971968225358e-06,0,7.36019460331238e-05,0.000154273806583161,0,0,0,0,0.000222357451785254,0.00010838027720023,5.28570310285183e-06,3.01031253272697e-05,0.000462685679877031,0.000366038003364275,0,0,0,0,0,0,0,0,0,0,0,0,0,0,0,0,0,0,0
0,0,0,0,0,0,0,0,0,0,0,0,0,0,0,0,0,0,0,0,0,0,0,0,0,0,0,0,0,0,0,0,0,0,0,0,0,0,0,0,0,0,0,0,0,0,0,0,0,0,0,0,0,0,0,0,0,0,0,0,0.000208569021051035,3.56843747051097e-06,0,0,0,0,0.000363817558212114,0.00012334757123625,2.76283479684109e-05,0.000262078352103388,0.000184230410763165,0,0,0,0,0,0,0,0,1.00957927318762e-05,7.37764673280294e-05,0,0,0,0,0,0,0,0,0,0,0,0,0,0,0,0,0,0,0
0,0,0,0,0,0,0,0,0,0,0,0,0,0,0,0,0,0,0,0,0,0,0,0,0,0,0,0,0,0,0,0,0,0,0,0,0,0,0,0,0,0,0,0,0,0,0,0,0,0,0,0,0,0,0,0,0,0,0,0,0,0,0,0,8.72903979538671e-05,2.78404632772768e-05,0,0,4.08220656869234e-05,0.000257365070861828,0,0.000113577782888253,1.95601484489699e-06,0,0,0,0,0,0,0,0,0,0,0,0,0,0,0,0,0,0,0,0,0,0,0,0,0,0,0
0,0,0,0,0,0,0,0,0,0,0,0,0,0,0,0,0,0,0,0,0,0,0,0,0,0,0,0,0,0,0,0,0,0,0,0,0,0,0,0,0,0,0,0,0,0,0,0,0,0,0,0,0,0,0,0,0,0,0,0,0,0,0,0,0.0002918016935168,9.30674452520557e-05,0,0,0,0,0,0.000377957097452932,6.50910481391847e-06,0,0,0,0,0,0,0,0.00042791360301409,4.15636525158732e-05,0,0,0,0,0,0,0,0,0,0,0,0,0,0,0,0,0,0
0,0,0,0,0,0,0,0,0,0,0,0,0,0,0,0,0,0,0,0,0,0,0,0,0,0,0,0,0,0,0,0,0,0,0,0,0,0,0,0,0,0,0,0,0,0,0,0,0,0,0,0,0,0,0,0,0,0,0,0,0,0,0,0,0,0,0,0,0,0,0,0,0,0,0,0,0,0,0,0,2.78205118697563e-05,2.70223260028077e-06,0,0.000213446996257886,0.000124348554895231,0,0,0,0,0,0,0,0,0,0,0,0,0,0,0
0,0,0,0,0,0,0,0,0,0,0,0,0,0,0,0,0,0,0,0,0,0,0,0,0,0,0,0,0,0,0,0,0,0,0,0,0,0,0,0,0,0,0,0,0,0,0,0,0,0,0,0,0,0,0,0,0,0,0,0,0,0,0,0,0,0,0,0,0,0,0,0,0,0,0.000347899152385375,9.88411512121753e-05,0,0.000349589434987076,0.000143161004232242,0,0,0,0,0.000102494104104821,0.000263548543016811,0.000117836169204743,0,0,0,0,0,0,0,0,0,0,0,0,0,0
0,0,0,0,0,0,0,0,0,0,0,0,0,0,0,0,0,0,0,0,0,0,0,0,0,0,0,0,0,0,0,0,0,0,0,0,0,0,0,0,0,0,0,0,0,0,0,0,0,0,0,0,0,0,0,0,0,0,0,0,0,0,0,0,0,0,0,0,0,0,0,0,0,0,4.1476005378298e-05,1.17836910241512e-05,0.000185145475649949,0.000583899573260889,0.000160420767229857,0,0,6.60256879472149e-06,0.00012552764546447,0,0.000113001156803402,6.53244757171056e-05,0,0,0,0,0,0,0,0,0,0,0,0,0,0
0,0,0,0,0,0,0,0,0,0,0,0,0,0,0,0,0,0,0,0,0,0,0,0,0,0,0,0,0,0,0,0,0,0,0,0,0,0,0,0.000354921130089079,3.31444838200836e-05,0,0,0,0,0,0,0,0,0,0,0,0,0,0,0,0,0,0,0,0,0,0,0,0,0,0,0,0,0,0,0,0,0,0,0,3.41088440257351e-05,4.36749006142521e-05,0,0,0,1.83825144117949e-05,0.000349487271329013,0,0,0,0,0,0,0,0,0,0,0,0,0,0,0,0,0
0,0,0,0,0,0,0,0,0,0,0,0,0,0,0,0,0,0,0,0,0,0,0,0,0,0,0,0,0,0,0,0,0,0,7.02221609739382e-05,0.000135278153734464,0.000168754454781774,0,0,0.00010237412793932,0.000243008659834615,7.21712708323394e-05,0,0,0,0,0,0,0,0,0,0,0,0,0,0,0,0,0,0,0,0,0,0,0,0,0,0,0,0,0,0,0,0,0,0,0,0,0,0,0,0,0,0,4.04442312786591e-08,0.000115611051742639,0,0,0,0,0,0,0,0,0,0,0,0,0,0
0,0,0,0,0,0,0,0,0,0,0,0,0,0,0,0,0,0,0,0,0,0,0,0,0,0,0,0,0,0,0,0,9.28256829213946e-05,0.000309162727737244,0.000458931998127474,0.000563186678172416,0.000646732556211795,0.000367726271273954,0,0,0.000148477931398923,0.000125675108259592,0.000146644092021193,3.93505916741126e-05,1.97992407170306e-05,1.59539406560025e-06,0,0,0,0,0,0,0,0,0,0,0,0,0,0,0,0,0,0,0,0,0,0,0,0,0,0,0,9.88540311813735e-05,0.000356583228811578,0,0,0,0,0,0,0,0,0.000110429032504329,7.5579519246611e-05,0.0003842140943528,0,0,0,0,0,0,0,0,0,0,0,0,0,0
0,0,0,0,0,0,0,0,0,0,0,0,0,0,0,0,0,0,0,0,0,0,0,0,0,0,0,0,0,0,0,0.000229246669296442,0.00127560400848833,0.000621943120426193,0.000398402780365568,0.000164285298731244,0.00051395322032375,0.000458795255369317,0,0,0,0.000102239796350339,0.000462818418599678,0.000736282993150719,0.000503393547841439,0.000333893598253638,5.1354546806662e-06,0,0,0,0,0,0,0,0,0,0,0,0,0,0,0,0,0,0,0,0,0,0,0,0,0,0,9.67247714921785e-06,3.48902628578307e-05,0,0,0,0,0,0,0,0,0.000186624208118544,0.000127501649803798,0,0,0,0,0,0,0,0,0,0,0,0,0,0,0
0,0,0,0,0,0,0,0,0,0,0,0,0,0,0,0,0,0,0,0,0,0,0,0,0,0,0,0,0,0,5.38430550074272e-05,9.01154819726716e-05,0.00019072443293456,0.000678039249763641,0.00125225369752763,0.000465971061322388,0.000247883830650547,0.000371776547717751,0,0,0,7.67792362170532e-05,0.000470937896959905,0.000233908837779552,0.000153544247194823,0.000586701070684195,0.000111822299204025,0.000233181734138606,5.20206914190933e-05,5.07904946365434e-05,0.000243858903903591,0,0,0,0,0,0,0,0,0,0,0,0,0,0,0,0,0,0,0,0,0,0,0,0,0,0,0.000274174376172946,0.000173694911881364,0,0,0,0,0,0,0,0,0,0,0,0,0,0,0,0,0,0,0,0,0
0,0,0,0,0,0,0,0,0,0,0,0,0,0,0,0,0,0,0,0,0,0,0,0,0,0,0,0,0.000381694788515052,5.03947392116166e-06,0.00066602687889182,0.00038092415004845,0.000531835489788759,0.000957975714322662,0.000542906379368048,0.000204766662596219,0.000418033644252371,0.000640665867623146,0.000104563655740656,0.000304770297561997,0,1.20886170500043e-05,5.59259495541688e-05,3.30987806593681e-06,0.000531522089531408,0.00051506600056252,0.000251480991254592,0.000175618670841525,0.000300528560211866,0.000136073620011652,0.000187495243443006,0,0,0,0,0,0,0,0,0,0,0,0,0,0,0,0,0,0,0,0,0,0,0,0,0,0,3.19131179752337e-05,2.02175939704563e-05,0,0,1.18701608762398e-05,0.00015076125150238,0,0.000245638923143321,4.92743339191189e-05,0,0,0,0,0,0,0,0,0,0,0,0,0,0
0,0,0,0,0,0,0,0,0,0,0,0,0,0,0,0,0,0,0,0,0,0,0,0,0,0,0,6.83109649278977e-05,0.00053063468118431,0.000351750332183036,0.000475961103475102,0.000309001097112506,0.00032438822541583,0.000112428649558988,0.000117846741333928,0.000540499216544687,6.47524075411462e-06,5.24963199824726e-05,0.000600732912050915,0.00069353370063347,3.16832662085573e-05,0.000264075542568646,7.75673307980668e-05,2.02199936362615e-05,0.0006424716875792,5.84644037562208e-05,8.50941177147154e-05,8.48096114131585e-05,0.000142734571755133,0.000531105842813872,0.000208805626795998,0,0,0,0,0,0,0,0,0,0,0,0,0,0,0,0,0,0,0,0,0,0,0,0,0,0,0,0,0,0,2.46238986127262e-05,0.000312744689008654,0,0.000174513830150688,0.000152718916516707,0,0,0,0,0,0,0,0,0,0,0,0,0,0
0,0,0,0,0,0,0,0,0,0,0,0,0,0,0,0,0,0,0,0,0,0,0,0,0,0,0.000254408590742761,0.000300801352276418,0.000977887316416126,0.000473512982918406,0.000477100627909524,0.000626233206862235,0.00117278104284293,0.00097118645937956,0.000346027090461369,0.000833168296504752,0.000376594141671619,0.00042817821466807,0.000347821977112883,0.000452254355017754,0.000237477716822986,0.000122403384924146,3.5953741709141e-05,0,0.000259169770983851,0.000111002711065191,0.000416804982090262,0.000378852112406749,0,0.000370572764288286,0.000367213275740828,0,0,0,0,0,0,0,0,0,0,0,0,0,0,0,0,0,0,0,0,0,0,0,0,0,0,0,0,0,0,0,0,0,0.00042715373184589,0.0011715887177884,0,0,0,0,0,0,0,0,0,0,0,0,0,0
0,0,0,0,0,0,0,0,0,0,0,0,0,0,0,0,0,0,0,0,0,0.000141527948972511,3.40682907446261e-05,0,0,6.27220396974605e-05,0.000860628355072448,0.000252233619342506,0.000409132242403516,0.00043508049371993,0.000707329929502063,0.000550624726737253,0.000614965492851571,0.00109677206795875,0.000168317888374166,0.000263016597890787,0.000114457131125765,5.40757415939847e-05,0.000246835090976406,0.00037976483437095,9.07804376515491e-05,0,1.72723225937652e-05,0.000343242989206983,0.000112276116741422,0.000392358131347881,0.000311151844742327,9.53810837152076e-06,7.10073354366393e-06,0.000139910030016369,0,0,0,0,0,0,0,0,0,0,0,0,0,0,0,0,0,0,0,0,0,0,0,0,0,0,0,0,3.24222439226135e-05,1.10927672851758e-06,0,0,0,0,0.000126405578179789,0.000152705968456082,0,0,0,0,0,0,0,0,0,0,0,0,0,0
0,0,0,0,0,0,0,0,0,0,0,0,0,0,0,0,0,0,0,0,0,0.000261464590049094,6.29391702337686e-05,2.67218253794676e-06,1.24613850282382e-05,7.20135775850168e-05,7.08708763173342e-05,0.000175359468072609,0.000851407128750555,0.000941334174479353,0.000481653129349571,0.00048448240707946,0.000248588959179429,0.00130136006211722,0.000125574788770164,0,0,4.62216483764902e-05,0.000199686298471286,0.00014988628662218,1.21078941900444e-05,0.000276312127715031,5.73718703127787e-05,0.000803012935087855,0.000451604463500666,9.4940064940217e-05,0.000606955771346894,0.000333966139976898,0.000640668773575577,0.000588218370082078,7.86649820191204e-05,0.000217074803393757,7.76879015170148e-05,8.59268107175649e-05,0,0,0,0,0,0,0,0,0,0,0,0,0,0,0,0,0,0,0,0,0,0,0,0,0.000451036950486451,1.54315288624177e-05,0,0,0,0,0,0,0,0,0,0,0,0,0,0,0,0,0,0,0,0
0,0,0,0,0,0,0,0,0,0,0,0,0,0,0,0,0,0,0,0,0,0,0.000202056927486126,0.000280576070681584,0.00104349430474382,0.00086278377151465,0.000431944145093368,0.000225769506112184,0.000594830594803205,0.000261768513830278,7.88910210471659e-06,0.000779111155415765,8.90118913791254e-05,0.000646792358784653,0.000632282792724018,0.000816908016672413,4.09365464578183e-05,7.55688904081152e-05,0.000151483935450617,5.16347124673854e-05,0.000854256138567909,0.000258510629110075,0.000430677430030685,0.000152231350887815,0.000108360076813149,0.000259800801513724,0.000514572062973686,0.000270847486730387,0.00041699325609026,0.000281158576048146,0.000516232050301966,0.000455165690836637,0.000657205378945323,0.000321438366681347,0,0,0,0,0,0,0,0,0,0,0,0,0,0,0,0,0,0,0,0,0,0,0,0,0,0,0,4.18521848687389e-05,0.000242625639655616,0,0,0,0,0,0,0,0,0,0,0,0,0,0,0,0,0
0,0,0,0,0,0,0,0,0,0,0,0,0,0,0,0,0,0,0,0,0,0,9.11911751986987e-05,0.00010374374099313,0.000789005873374846,0.00139224305393852,0.000716690604604625,8.20523897998623e-05,0.000610499562035159,6.09302591203523e-05,0.000202800339186207,0.000294117813467009,0.000282545931775868,0.000499889417013816,0.000466692069196027,0.000790786080976575,0.000249405879361993,0.000270887973616099,0.00135245912178753,0.000407493986772341,0.000922275515804968,0.00148758378008014,0.00120675646021539,0.000514408078866232,0.000191472059353888,0.000141791284608733,6.32776485690573e-05,0.000509590645402527,0,0.000116450131160641,0.000124005560089679,0.000210484908984178,0.000156444624494304,0.000338329345943909,7.20763915137428e-05,0,0,0,0,0,0,0,0,0,0,0,0,0,0,0,0,0,0,0,0,0,0,0,0,0,0,3.17074764839789e-05,0.000183814698991666,0,0,0,0,0,0,0,0,0,0,0,0,0,0,0,0,0
0,0,0,0,0,0,0,0,0,0,0,0,0,0,0,0,0,0,0,5.82399756461765e-05,3.52091398729658e-05,1.80509550680124e-05,0.000386902715887097,0.000397614812502156,0.000144551306499337,0.000634246308839521,0.000214304589501583,0.000611807388762691,0.000749263222830156,0.000776691677830242,0.000532009700519706,0.000175727117959823,8.33188675952785e-05,0.000423337622544371,0.000336956215661878,0.000461818915456465,0.00100943606424273,2.83559792077364e-05,0.000906373322256143,0.00023254046158826,0.000151931373270278,0.000186023260726914,0.000961437461809104,0.000790813364702112,0.000116753967602965,1.02089284457517e-05,0.000236036820467192,0.000352596988779477,0,0,0.000485400322631203,0.000603116013260765,0.000110446201504397,0.000301319669652624,0.000288274592889725,0,0,0,0,0,0,0,0,0,0,0,0,0,0,0,0,0,0,0,0,0,0,0,0,0,0,0,0,0,0,0,0,0,0,0,0,0,0,0,0,0,0,0,0,0
0,0,0,0,0,0,0,0,0,0,0,0,0,0,0,0,0,0,0,0.000253373330283116,0.000153177554197742,3.66693313077299e-05,0.000298894243337342,0.000106679777006027,0.0001106368583923,0.000393247908664759,0.000636761802526488,0.00103137853935405,0.000328253719396374,0.000496454918186472,0.000183983818261521,0.000271414244651371,0.000215984275517676,0.000222077999992082,0.00024967978441217,0.00013036721383803,0.000546611517967141,0.0005134702410847,0.00089107488362444,0.00023984781826341,0.000887479170330783,0.00065671759329686,0.000432834868761924,8.43338392326533e-05,0.000366136108423558,7.67997008028051e-05,0.000438001808460572,0.000338464855612055,0,0,0.000156165282566087,0.000719083101124671,0.00019973581526798,0,0,0,0,0,0,0,0,0,0,0,0,0,0,0,0,0,0,0,0,0,0,0,0,0,0,0,0,0,0,0,0,0,0,0,0,0,0,0,0,0,0,0,0,0,0,0
0,0,0,0,0,0,0,0,0,0,0,0,0,0,0,0,0,0,0,0,0,0.00034227970244733,0.000632695520639042,0.000864535468897646,0.00126590623055047,0.000504258066628375,0.000729661319242465,0.000446543738910851,0.000609967387862263,0.000385483320584127,0.000230793120242797,0.000427797356704795,0.000811026473631136,0.0012669734121798,0.0007689364271672,0.000566519627275118,0.000543911787835753,0.000302591473234796,0.0010031978773769,0.000349438532210326,0.000765029209903249,0.000302097850696258,0.000522330113329444,0.0004436441498057,0.000421812378428646,0.000289857920292313,0.000629016928641921,0.000368766779558155,0.000197064236957946,0.000342728931413381,0.000622419570882056,0.000578543376988709,0.000607329318150178,0.000289381893148222,0,0,0,0,0,0,0,0,0,0,0,0,0,0,0,0,0,0,0,0,0,0,0,0,0,0,0,0,0,0,0,0,0,0,0,0,0,0,0,0,0,0,0,0,0,0
0,0,0,0,0,0,0,0,0,0,0,0,0,0,0,0,0,0,0,0,0.000114205238728054,0.000133429011164379,0.000387321122681827,0.000850180889028462,0.00101423804560255,0.000875276768350712,0.000334834555391151,0.000373537747448858,0.000329339146208176,0.000210355751722572,0.000405325964416542,0.00140574587632759,0.000333369556267429,0.000164721546878885,0.000945841813001033,0.0012231160615699,0.000297562703904006,0.000902252709861084,0.00145430011838389,0.000521752163771087,0.000533630363662085,6.82971640917267e-06,0,9.72749708778839e-05,0.000260416032293387,0.000231031324566167,0.000411006208084417,0.000665501469479637,0.00034888487279677,0.00026521096498536,0.000508813020982892,0.000126766150120976,0.000242258783811571,0.00010484050309286,0,0.000233947561973165,7.10968110497369e-05,0,0,0,0,0,0,0,0,0,0,0,0,0,0,0,0,0,0,0,0,0,0,0,0,0,0,0,0,0,0,0,0,0,0,0,0,0,0,0,0,0,0,0
0,0,0,0,0,0,0,0,0,0,0,0,0,0,0,0,0,0,0,7.55162573072106e-05,0.000298598652077569,0.000111776328678313,0.000257359593365661,0.000628820306483879,0.00110175608827429,0.00150670789810668,0.00104655197387691,0.000920612662267836,0.00028595880982431,0.000654903095594749,0.000368437513888551,0.00158136920007755,0.000845596687574906,0.000362491186682641,0.000741221218031825,0.000301165595706724,0.000547209742395392,0.000114900185851793,7.24599533865432e-05,0.000113476349891199,0.000477086627802217,9.73344134879896e-05,0.000305341885755588,0.000524680910342579,0.000637957352027574,0.000445429338250699,0.000926343707947389,0.000906526798583621,0.000522714879220527,1.45225956020296e-05,0.000167202540476578,0.000434095149691251,0.000274468336748013,0.000171019780110444,0,0.000149517242925237,4.54383840518609e-05,0,0,0,0,0,0,0,0,0,0,0,0,0,0,0,0,0,0,0,0,0,0,0,0,0,0,0,0,0,0,0,0,0,0,0,0,0,0,0,0,0,0,0
0,0,0,0,0,0,0,0,0,0,0,0,0,0,0,0,0,0,0,0.00016105346092742,0.000542034248809518,0.000295937143660093,0.000916563972868279,0.00056261539797393,0.000674334320427198,0.00115309046549535,0.00181156766528505,0.000720308701344555,0.000321136888445503,0.000566241087326644,0.000805278210237828,0.000729782589624015,0.00115028562699692,0.000529683541335971,0.00125973114745717,0.00012292554370788,0.000680263778933965,0.000394890857036446,7.71818510991748e-05,0.00053753182044876,3.01463726734251e-05,0.000377111903280824,0.000307396568800448,0.000115364421052038,0.000196450282819446,3.44797653587379e-06,8.94963016896451e-05,0.000392566970341698,2.78149919979766e-05,7.72916027102297e-05,0.00045126710670917,0.000249683124486405,0.000177677513743744,0.000288380999964146,5.65748631168939e-05,0,0,0,0,0,0,0,0,0,0,0,0,0,0,0,0,0,0,0,0,0,0,0,0,0,0,0,0,0,0,0,0,0,0,0,0,0,0,0,0,0,0,0,0,0
0,0,0,0,0,0,0,0,0,0,0,0,0,0,0,0,0,0,0,0,0.00043929799763941,0.000585702188962166,0.000770364738029603,0.00108969624129103,0.00160441424653831,0.00125740985052707,0.000690932346729026,0.00010267324355034,0.000183733399757485,0.000478818542123441,1.27404008042338e-05,0,0.000142211857353994,0.000395384969266058,0.00045205469330899,0.000220532318881496,0.000370871739922694,0.000591788120478965,0.000248791257615182,0.00045274551945937,2.93146824240377e-05,0.00102523922305681,0.000411340837524436,0,0.000939245030524559,0.000164399037734322,0.00050392428279847,0.000411937221348073,3.3383174182919e-05,0.000480756132181935,0.000138317418300082,0.00046378571432357,0.000515815199908829,0.000211667494614457,0.000192998020251477,3.71533197351838e-05,0,0,0,0,0,0,0,0,0,0,0,0,0,0,0,0,0,0,0,0,0,0,0,0,0,0,0,0,0,0,0,0,0,0,0,0,0,0,0,0,0,0,0,0
0,0,0,0,0,0,0,0,0,0,0,0,0,0,0,0,0,0,0,6.98283311618573e-05,0.000812167974232969,0.00116322767896531,0.00211571370353896,0.00145307808388377,0.000324317634528635,0.000558519010054398,0.000566680469719263,0.000425166273396843,0.000143825829912625,0.000123541517995829,1.98927554302446e-05,0.000139494836839923,0.00024866358243869,0.000365889337108466,0.00108308073350432,0.000885108842345214,0.000320473124630482,0.000231455807025272,0.00100496070427555,0.000729892715615294,0.000336415183790134,0.000533960182510854,0.000236803780037763,0.000477118028836051,0.000873796372182948,0.000860235841823422,0.000172478247986722,0.00014017633270382,0.000815849502281805,0.000836069183610089,0.00124883507308649,0.000683912580416399,0.000252839896630081,0,0.000259936638476685,0.000364574447495264,0,0,0,0,0,0,0,0,0,0,0,0,0,0,0,0,0,0,0,0,0,0,0,0,0,0,0,0,0,0,0,0,0,0,0,0,0,0,0,0,0,0,0,0
0,0,0,0,0,0,0,0,0,0,0,0,0,0,0,0,0,0,0,0.000106699079989176,0.000788023937572071,0.0018126282869461,0.00305544423141794,0.00134004049199563,0.000338335341801041,0.000554800954489885,0.000535673796826391,0.000431900694982942,0.000613297246626935,0.00053072368595077,0.00055037935626807,0.000527107997959096,0.000905818476778406,0.00058319061385171,0.000933696172706248,0.000819469131165072,5.8845293478745e-05,0.00017589886710074,0.000503904273202839,0.000193934259838412,0.000649413271655557,0.00048703119614885,0.000748198943213126,0.000500285229475099,0.000545018756679764,0.000321148847419075,0.000161883886562713,9.33678298830217e-05,0.000343827793941524,6.18453067968298e-05,0.000306131158915126,0.000472016178348652,0.000756630348659452,0.000208472779086034,6.39448931547522e-05,0.000235387662023931,0,0,0,0,0,0,0,0,0,0,0,0,0,0,0,0,0,0,0,0,0,0,0,0,0,0,0,0,0,0,0,0,0,0,0,0,0,0,0,0,0,0,0,0
0,0,0,0,0,0,0,0,0,0,0,0,0,0,0,0,0,0,0,0.000418147161839846,0.000945216794704096,0.00181113909872929,0.00196506203202888,0.0021732915091056,0.00188576287756334,0.00108560664862805,0.00110733732654717,0.000710898968941375,0.000988382808009241,0.000150885035695017,0.000122401187547463,0.000135395112084461,0.000530091238185122,0.000625534967333219,0.000920810142813196,0.00092245708619833,0.000399275959723362,0.000445234780229471,0.000173669125780615,0.00042552832270008,0.0008140991146426,0.000274448322955447,0.00048005258941694,0.000124253672528847,2.78014058316617e-06,0.000127477087864528,0.000291104532547441,8.92214087582956e-05,3.1828455395369e-05,0.000312580468035152,0.000159306165286058,0.000252993910764099,0.000208400876740078,7.71685894034272e-05,0,0,0,0,0,0,0,0,0,0,0,0,0,0,0,0,0,0,0,0,0,0,0,0,0,0,0,0,0,0,0,0,0,0,0,0,0,0,0,0,0,0,0,0,0,0
0,0,0,0,0,0,0,0,0,0,0,0,0,0,0,0,0,0,0,0.000748947339845259,0.00100069125655577,0.00112665548615329,0.00193220768807742,0.00145783987034435,0.00127833669610907,0.00146345218333687,0.000774105470488647,0.000229046069065836,0,0,0,0,0.000452188261760297,0.000692252397150196,0.000475823670451604,0.00028122724942585,0.000545973291457103,7.21475103784946e-05,1.42551904901944e-05,6.29638893915743e-05,0.000131960191372135,0.000539708797444481,0.000666444472658635,0.000279570236194251,0.000321322735458792,0.000548983841590781,0.00032996720577434,0.000172886691292339,0.00029647826290937,0.000934222145812383,0.00134424191023029,0.000438315291955633,8.52707219823769e-05,0.00027978366506219,0.000319968847188244,0.000170948563723241,0,0,0,0,0,0,0,0,0,0,0,0,0,0,0,0,0,0,0,0,0,0,0,0,0,0,0,0,0,0,0,0,0,0,0,0,0,0,0,0,0,0,0,0
0,0,0,0,0,0,0,0,0,0,0,0,0,0,0,0,0,0,0,0.000162344382157941,0.000897479254157993,0.00266426243686404,0.00296487765368529,0.00306548911274919,0.00113169805566859,0.00101085411981821,0.000996214653946498,0.00174572989355614,0.000651241618466992,0.000406550174929879,0.000263494203761195,0.000742378784840179,0.000244642465011216,0,0.000165598492164094,0.00106758499510913,0.000456620706451583,7.00477959259599e-07,0.000315952138943875,0.000366208042438618,8.37165076858656e-07,0.000214723238751957,0.00134829846347188,0.000524409794728537,0.00040945814811017,0.000184713925608158,0.000201315706414831,0.00105395478118549,0.000117700217662854,0.00079643210674339,0.000792145463264398,0.000442209669389718,0.000101981234455642,0.000238259790931779,0.00018373819006869,0.000120048986587838,0,0,0,0,0,0,0,0,0,0,0,0,0,0,0,0,0,0,0,0,0,0,0,0,0,0,0,0,0,0,0,0,0,0,0,0,0,0,0,0,0,0,0,0
0,0,0,0,0,0,0,0,0,0,0,0,0,0,0,0,0,0,0,0.00032021322440271,0.00120584111880639,0.00195617673744099,0.0014036379524752,0.00259149098382854,0.00203055711500925,0.00147238866646706,0.000931941090344471,0.000656247746672817,0.000527031774339289,0.000181859231828218,0.000382559358224866,0.000217868916860491,0.000283082944138388,0.000217303585834983,0.000730534341715935,0.000890587769343176,0.000602453050646396,0.000443882419708817,0.000325693620888324,8.06745124554527e-05,2.0624839520833e-05,0.000703726719664279,0.000836457634702613,0.000131696527960611,0.000709528587438969,0.000235959673771386,0.000396810695574716,0.000515703851125748,0.000524424717478611,0.00043543582612758,0.000737758992420984,0.000191184347464389,0,0,0.000302280733370368,0.000146582324561883,0,0,0,0,0,0,0,0,0,0,0,0,0,0,0,0,0,0,0,0,0,0,0,0,0,0,0,0,0,0,0,0,0,0,0,0,0,0,0,0,0,0,0,0
0,0,0,0,0,0,0,0,0,0,0,0,0,0,0,0,0,0,0,0.000442651655779218,0.00117890965116055,0.00182721225319755,0.00197696709076216,0.00252445461663231,0.00255770935634097,0.00155444044011512,0.00108328824999628,0.000561101551124035,0.000985279935666586,0.000643962926433834,4.87230910543864e-05,1.92096322383736e-05,0.000474823514204399,0.00056708220567623,0.000905713408038087,0.000852828233921749,0.000380749742348305,0.000175301833663901,0.00055193964864195,0.000194895965627484,0.000176412561135914,0.000606644550028973,0.00123043814363987,0.000437950185646025,0.000504223070091915,0.000351139650969874,0.000765293182215774,0.000416389005768266,0.000466829357266161,0.000311426724719364,0.000339361405211794,0.000239808699947596,0.000125610587003297,0.000147904355313838,3.44374794882106e-05,1.6699462579539e-05,0,0,0,0,0,0,0,0,0,0,0,0,0,0,0,0,0,0,0,0,0,0,0,0,0,0,0,0,0,0,0,0,0,0,0,0,0,0,0,0,0,0,0,0
0,0,0,0,0,0,0,0,0,0,0,0,0,0,0,0,0,0,6.73475232086684e-05,0.000669452342901772,0.00151972864226271,0.00230894021622311,0.00276498492199206,0.00295022639754632,0.00289392637271129,0.00173692047145884,0.00134192328518046,0.000785319245795831,0.000418527475637789,0.000114944590832164,0.000679647981594014,0.000396213684465678,0.00037224817311657,3.04038671806581e-05,7.88320001729741e-05,0.0003720674442463,0.000932077255418731,0.000283993935065878,0.000277560179921381,0.000248092394177846,0.00048587427014345,0.001353149874089,0.00123010955716995,0.000936185550996704,0.000405719777956956,0.000627945718428607,0.000273549129024648,0.000231237476350868,0.000433964987225672,0.000609764997629619,0.000337346643591756,0.000446479228579353,0.000104012310267255,0.00012247274741561,0,0,0,0,0,0,0,0,0,0,0,0,0,0,0,0,0,0,0,0,0,0,0,0,0,0,0,0,0,0,0,0,0,0,0,0,0,0,0,0,0,0,0,0,0,0
0,0,0,0,0,0,0,0,0,0,0,0,0,0,0,0,0,0,0.000421684996602778,0.00244566232312972,0.00151066292781973,0.00242699042227662,0.00237221921824969,0.00155385097500763,0.00221545518771564,0.0015433134511846,0.00117822939406367,0.00149982638230472,0.00101008691123871,0.000734583010569356,0.00168491709417206,0.000717750181098885,0.00113419304420084,0.000438879384920598,0.000263242543712092,0.000477855230185018,0.000137109913696876,0.00035061711802994,0.000467522368911437,0.000430049427582076,0.000646828158898685,0.00055338062782768,0.000979070570669794,0.00170987780952668,0.00137027417352941,0.0011460988943038,0.000374075852167196,0.000931284973883325,3.34099442094012e-05,3.8993205195288e-06,4.78275217904427e-05,3.27035073857722e-05,1.57659819783039e-05,0.000100864116140877,0,0,0,0,0,0,0,0,0,0,0,0,0,0,0,0,0,0,0,0,0,0,0,0,0,0,0,0,0,0,0,0,0,0,0,0,0,0,0,0,0,0,0,0,0,0
0,0,0,0,0,0,0,0,0,0,0,0,0,0,0,0,0,1.0422788554195e-05,0.000154455573715657,0.00132459569090592,0.00150915014258312,0.00385396927210948,0.00328239861311115,0.00301953727099702,0.00285232059952143,0.00267197870643831,0.00200512054614625,0.00236058994447321,0.00139467988796731,0.00150313716266587,0.00129048705312876,0.000515854537301889,0.00072204589564153,0.000897411257333752,0.00065173687032535,0.000492694275527214,0.000542279376084004,0.00128600556271141,0.000524978459067843,7.32806798529684e-05,0.000848641537384928,0.000898882896827899,0.000370483904090576,0.000595090087249336,0.00111558499302046,0.000546675826585038,0.000467036272101877,0.000538621209169554,0.000245712956549283,0.000269240836717491,0.000670807896068085,0.0003662396857475,6.38721342834987e-05,0.000331546204039969,0,0,0,0,0,0,0,0,0,0,0,0,0,0,0,0,0,0,0,0,0,0,0,0,0,0,0,0,0,0,0,0,0,0,0,0,0,0,0,0,0,0,0,0,0,0
0,0,0,0,0,0,0,0,0,0,0,0,0,0,0,0,2.36123545920545e-05,0.000354032094998424,0.000308679113768511,0.000835551288915116,0.00154750075724299,0.00342184844258474,0.00352240753144134,0.00241440959957001,0.00216820997416199,0.00303015579757679,0.00118981076716221,0.0019410599569528,0.00136883956347523,0.00167077634503132,0.00135258754019091,0.0011128008412212,0.00110511670017166,0.000249061336149901,0.000771538371295014,0.000897448532280624,0.00139837178147592,0.00132819925856762,0.00104821662412855,2.49303879888138e-05,0.000544236737079842,0.00027820387158086,0.000214977408584029,0.000352712810056449,0.00105449547533402,0.000755249135260404,0.000920032387755974,0.000221751996940716,0.000367840580276097,0.000570681377844821,0.000841735538666546,0.000181960902707148,3.87651035834086e-06,0,0,0,0,0,0,0,0,0,0,0,0,0,0,0,0,0,0,0,0,0,0,0,0,0,0,0,0,0,0,0,0,0,0,0,0,0,0,0,0,0,0,0,0,0,0,0
0,0,0,0,0,0,0,0,0,0,0,0,0,0,0,1.27725911494834e-05,0.00016822518460908,0.000305499414089673,0.00048548213807853,0.00228403961701102,0.00381257729619549,0.00324740992884425,0.00504607320529209,0.00291058082346362,0.00284197375342188,0.00289261213335409,0.00186196882247182,0.00193376557492313,0.00256773024524905,0.00207071910713808,0.00213604846350269,0.00166727291217069,0.00151896669995363,0.00095700223302862,0.00125707614650791,0.000336740365299407,0.000673241271718761,0.000466329615905271,0.00113919006701162,0.00030529732898855,0.000160181107265016,0.000296573999001647,0.000567037349413742,0.000729615505386754,0.000706394885455736,0.000859554207183771,0.000426524626414449,0.000690471292494338,0.000174754035632451,0.000243015244331075,0.000180983637346326,5.93523828106193e-05,0,0,0,0,0,0,0,0,0,0,0,0,0,0,0,0,0,0,0,0,0,0,0,0,0,0,0,0,0,0,0,0,0,0,0,0,0,0,0,0,0,0,0,0,0,0,0,0
0,0,0,0,0,0,0,0,0,0,0,0,0,0,0,4.81140150922188e-05,0.000346997636403186,0,0.000757488088627415,0.00192433394905818,0.00311930838712542,0.00345541972841193,0.00502642837595505,0.00431488576292699,0.00268342560653033,0.00261784652906667,0.00155944511497319,0.00200433754218203,0.00213383505424593,0.00240423364239097,0.00252444841461216,0.00202404496649477,0.000915592325267652,0.00112490511316778,0.00120260626527524,0.000755519868883618,0.00115646973650652,0.000804094848471041,0.00212312621262816,0.00172417330836317,0.00100656569048628,0.00103636242456082,0.00127933374116329,0.001279531623399,0.000901588191267446,0.000767774866324428,5.39247314270645e-05,0.000284864741889601,0.00054886711639287,0,0,0,0,0,0,0,0,0,0,0,0,0,0,0,0,0,0,0,0,0,0,0,0,0,0,0,0,0,0,0,0,0,0,0,0,0,0,0,0,0,0,0,0,0,0,0,0,0,0,0
0,0,0,0,0,0,0,0,0,0,0,0,0,0,0,0,0,4.8162405181402e-05,0.000420196789461955,0.00080109837924258,0.0018552188432269,0.00384186830860573,0.00536729663384095,0.00478979784259945,0.00297213663147598,0.00237178378899184,0.00217387640521162,0.00548383855925973,0.0029876156948221,0.00179902296647486,0.00219841738513201,0.00137754805623592,0.00167136943973471,0.00143816750942392,0.00199150816214483,0.00116094605455365,0.0024230300398634,0.000995244365979444,0.00197811511290163,0.00214841024646044,0.00118937802438451,0.000692753359174218,0.000747113888710761,0.00136511307424098,0.00058842542645502,0.000149973235675442,0,0.000137779135810893,0.000101731398124879,0,0,0,0,0,0,0,0,0,0,0,0,0,0,0,0,0,0,0,0,0,0,0,0,0,0,0,0,0,0,0,0,0,0,0,0,0,0,0,0,0,0,0,0,0,0,0,0,0,0,0
0,0,0,0,0,0,0,0,0,0,0,0,0,0,0,0,0,4.26827946129655e-05,0.000514892303194273,0.000790265710501666,0.00286797958429686,0.00347535472653498,0.00672714993638106,0.00800146418423315,0.00373105798971139,0.00451608817302833,0.00358765643904943,0.00425654532296106,0.00297129390126758,0.001892166745848,0.00257988671583659,0.00350904667925805,0.00287289585499051,0.00186544703426695,0.00186215522941296,0.00131857507165221,0.00212255542251534,0.00162293862221976,0.000979099321131091,0.00137998462946469,0.00131231889699453,0.000702456768317941,0.0012523729607199,0.000710703738871234,0.000740140027190902,0.000268557386108125,0,0,0,0,0,0,0,0,0,0,0,0,0,0,0,0,0,0,0,0,0,0,0,0,0,0,0,0,0,0,0,0,0,0,0,0,0,0,0,0,0,0,0,0,0,0,0,0,0,0,0,0,0,0
0,0,0,0,0,0,0,0,0,0,0,0,0,0,0,0,0,0,4.06186966139295e-05,0.000473459470717475,0.00217443344170603,0.00309554225383062,0.00537643026804504,0.00696482863176379,0.00395841240218822,0.00308368082825225,0.00285028163628024,0.00263651089237139,0.00254124383898634,0.00252545265722639,0.00314579475459811,0.00319041278698085,0.00268197710469264,0.00258012612756891,0.00203680572508407,0.000934596180298794,0.00154919649261472,0.00135273557870246,0.00132975872756773,0.000780470162603713,0.000925911727860276,0.000227276606199834,3.94055127540455e-05,0.000291933638072317,0.000655975035124509,0.000225653819149624,3.27149846530953e-05,0,0,0,0,0,0,0,0,0,0,0,0,0,0,0,0,0,0,0,0,0,0,0,0,0,0,0,0,0,0,0,0,0,0,0,0,0,0,0,0,0,0,0,0,0,0,0,0,0,0,0,0,0
0,0,0,0,0,0,0,0,0,0,0,0,0,0,0,0,0,0,3.07206643089649e-05,0.000468333467744907,0.000220529553104929,0.00243056692929637,0.00318089605755217,0.00417005155541892,0.00399353328733801,0.00353899237541899,0.00308817101372858,0.00187802999512468,0.00344611179821455,0.00334928836515671,0.00251520503949331,0.00141993090162785,0.00121362013913805,0.00153145771800014,0.00166458464000884,0.0014193410318318,0.000710438992349188,0.00036338985625188,0.0008457886351806,0.000171713950634609,0.000477444728191183,0.000315435945331815,0.000502627358361212,0.000259829578888776,0.0002236734927687,0.000313385514699125,0.000229626671530918,0,0,0,0,0,0,0,0,0,0,0,0,0,0,0,0,0,0,0,0,0,0,0,0,0,0,0,0,0,0,0,0,0,0,0,0,0,0,0,0,0,0,0,0,0,0,0,0,0,0,0,0,0
0,0,0,0,0,0,0,0,0,0,0,0,0,0,0,0,0,0,0,0.000153163393826867,0.000264006845389624,0.000452409085321978,0.0018980734273347,0.00175859945983783,0.00282977724949788,0.00278859013232082,0.00189838764601435,0.00235006751394943,0.00280063555541188,0.00240190541100715,0.00121729067371319,0.00102354771846706,0.000995718836276879,0.00091968591270471,0.000465852445144846,0.000921977138856431,0.000562731580644352,0.000424124791681445,0.000420142712737048,0.000133433343719345,0.000309075043112082,6.25251309017569e-05,0.00018117688979648,4.361843050114e-05,0,0,0,0,0,0,0,0,0,0,0,0,0,0,0,0,0,0,0,0,0,0,0,0,0,0,0,0,0,0,0,0,0,0,0,0,0,0,0,0,0,0,0,0,0,0,0,0,0,0,0,0,0,0,0,0
0,0,0,0,0,0,0,0,0,0,0,0,0,0,0,0,0,0,0,0.000241817998097856,0.000238728166551348,0.000263438520836568,0.000873016725695213,0.00149400454133447,0.000674743537021678,0.00172426930841445,0.00236086733327022,0.00124748255590389,0.00260028906532342,0.00123074549908812,0.000732309892862498,0.00064902604307477,0.000438551065637745,6.28010015319347e-05,3.05064485060739e-05,0.000282380001847132,0.000243905207594423,3.95801434523535e-05,3.83204467142861e-05,1.41426747761827e-05,0,0,0,0,0,0,0,0,0,0,0,0,0,0,0,0,0,0,0,0,0,0,0,0,0,0,0,0,0,0,0,0,0,0,0,0,0,0,0,0,0,0,0,0,0,0,0,0,0,0,0,0,0,0,0,0,0,0,0,0
0,0,0,0,0,0,0,0,0,0,0,0,0,0,0,0,0,0,0,0,3.8549359674595e-05,0.000119726904415802,1.51081850216267e-05,0.000370583185590852,0.000418070784036282,0.000768886712487084,0.00117918678928172,0.00072237429839945,0.000983857991045225,0.000336657929182568,0.000348109924257107,8.11494115700801e-05,0.000291391648804393,0,0,0,0,0,0,0,0,0,0,0,0,0,0,0,0,0,0,0,0,0,0,0,0,0,0,0,0,0,0,0,0,0,0,0,0,0,0,0,0,0,0,0,0,0,0,0,0,0,0,0,0,0,0,0,0,0,0,0,0,0,0,0,0,0,0,0
0,0,0,0,0,0,0,0,0,0,0,0,0,0,0,0,0,0,0,0,0,0,0,0.000314678867840137,0.00120128080473853,8.90850328472498e-05,0.000250455332669892,0.000473131919382401,2.29310736582086e-05,0,2.82833125888124e-06,3.45571813292965e-05,9.96949719717035e-05,0,0,0,0,0,0,0,0,0,0,0,0,0,0,0,0,0,0,0,0,0,0,0,0,0,0,0,0,0,0,0,0,0,0,0,0,0,0,0,0,0,0,0,0,0,0,0,0,0,0,0,0,0,0,0,0,0,0,0,0,0,0,0,0,0,0,0
0,0,0,0,0,0,0,0,0,0,0,0,0,0,0,0,0,0,0,0,0,0,0,2.10304659245732e-06,7.91482872316838e-06,0,1.69382640299845e-05,0.000340214913996118,7.82843971141963e-05,0,0.000144150728662277,0.000346227726403369,0,0,0,0,0,0,0,0,0,0,0,0,0,0,0,0,0,0,0,0,0,0,0,0,0,0,0,0,0,0,0,0,0,0,0,0,0,0,0,0,0,0,0,0,0,0,0,0,0,0,0,0,0,0,0,0,0,0,0,0,0,0,0,0,0,0,0,0
0,0,0,0,0,0,0,0,0,0,0,0,0,0,0,0,0,0,0,0,0,0,0,0,0,0,0,0.000102532853190102,2.75206198358434e-05,0,0,0,0,0,0,0,0,0,0,0,0,0,0,0,0,0,0,0,0,0,0,0,0,0,0,0,0,0,0,0,0,0,0,0,0,0,0,0,0,0,0,0,0,0,0,0,0,0,0,0,0,0,0,0,0,0,0,0,0,0,0,0,0,0,0,0,0,0,0,0
0,0,0,0,0,0,0,0,0,0,0,0,0,0,0,0,0,0,0,0,0,0,0,0,0,0,0,0,0,0,0,0,0,0,0,0,0,0,0,0,0,0,0,0,0,0,0,0,0,0,0,0,0,0,0,0,0,0,0,0,0,0,0,0,0,0,0,0,0,0,0,0,0,0,0,0,0,0,0,0,0,0,0,0,0,0,0,0,0,0,0,0,0,0,0,0,0,0,0,0
0,0,0,0,0,0,0,0,0,0,0,0,0,0,0,0,0,0,0,0,0,0,0,0,0,0,0,0,0,0,0,0,0,0,0,0,0,0,0,0,0,0,0,0,0,0,0,0,0,0,0,0,0,0,0,0,0,0,0,0,0,0,0,0,0,0,0,0,0,0,0,0,0,0,0,0,0,0,0,0,0,0,0,0,0,0,0,0,0,0,0,0,0,0,0,0,0,0,0,0
0,0,0,0,0,0,0,0,0,0,0,0,0,0,0,0,0,0,0,0,0,0,0,0,0,0,0,0,0,0,0,0,0,0,0,0,0,0,0,0,0,0,0,0,0,0,0,0,0,0,0,0,0,0,0,0,0,0,0,0,0,0,0,0,0,0,0,0,0,0,0,0,0,0,0,0,0,0,0,0,0,0,0,0,0,0,0,0,0,0,0,0,0,0,0,0,0,0,0,0
0,0,0,0,0,0,0,0,0,0,0,0,0,0,0,0,0,0,0,0,0,0,0,0,0,0,0,0,0,0,0,0,0,0,0,0,0,0,0,0,0,0,0,0,0,0,0,0,0,0,0,0,0,0,0,0,0,0,0,0,0,0,0,0,0,0,0,0,0,0,0,0,0,0,0,0,0,0,0,0,0,0,0,0,0,0,0,0,0,0,0,0,0,0,0,0,0,0,0,0
0,0,0,0,0,0,0,0,0,0,0,0,0,0,0,0,0,0,0,0,0,0,0,0,0,0,0,0,0,0,0,0,0,0,0,0,0,0,0,0,0,0,0,0,0,0,0,0,0,0,0,0,0,0,0,0,0,0,0,0,0,0,0,0,0,0,0,0,0,0,0,0,0,0,0,0,0,0,0,0,0,0,0,0,0,0,0,0,0,0,0,0,0,0,0,0,0,0,0,0
0,0,0,0,0,0,0,0,0,0,0,0,0,0,0,0,0,0,0,0,0,0,0,0,0,0,0,0,0,0,0,0,0,0,0,0,0,0,0,0,0,0,0,0,0,0,0,0,0,0,0,0,0,0,0,0,0,0,0,0,0,0,0,0,0,0,0,0,0,0,0,0,0,0,0,0,0,0,0,0,0,0,0,0,0,0,0,0,0,0,0,0,0,0,0,0,0,0,0,0
0,0,0,0,0,0,0,0,0,0,0,0,0,0,0,0,0,0,0,0,0,0,0,0,0,0,0,0,0,0,0,0,0,0,0,0,0,0,0,0,0,0,0,0,0,0,0,0,0,0,0,0,0,0,0,0,0,0,0,0,0,0,0,0,0,0,0,0,0,0,0,0,0,0,0,0,0,0,0,0,0,0,0,0,0,0,0,0,0,0,0,0,0,0,0,0,0,0,0,0
0,0,0,0,0,0,0,0,0,0,0,0,0,0,0,0,0,0,0,0,0,0,0,0,0,0,0,0,0,0,0,0,0,0,0,0,0,0,0,0,0,0,0,0,0,0,0,0,0,0,0,0,0,0,0,0,0,0,0,0,0,0,0,0,0,0,0,0,0,0,0,0,0,0,0,0,0,0,0,0,0,0,0,0,0,0,0,0,0,0,0,0,0,0,0,0,0,0,0,0
0,0,0,0,0,0,0,0,0,0,0,0,0,0,0,0,0,0,0,0,0,0,0,0,0,0,0,0,0,0,0,0,0,0,0,0,0,0,0,0,0,0,0,0,0,0,0,0,0,0,0,0,0,0,0,0,0,0,0,0,0,0,0,0,0,0,0,0,0,0,0,0,0,0,0,0,0,0,0,0,0,0,0,0,0,0,0,0,0,0,0,0,0,0,0,0,0,0,0,0
0,0,0,0,0,0,0,0,0,0,0,0,0,0,0,0,0,0,0,0,0,0,0,0,0,0,0,0,0,0,0,0,0,0,0,0,0,0,0,0,0,0,0,0,0,0,0,0,0,0,0,0,0,0,0,0,0,0,0,0,0,0,0,0,0,0,0,0,0,0,0,0,0,0,0,0,0,0,0,0,0,0,0,0,0,0,0,0,0,0,0,0,0,0,0,0,0,0,0,0
0,0,0,0,0,0,0,0,0,0,0,0,0,0,0,0,0,0,0,0,0,0,0,0,0,0,0,0,0,0,0,0,0,0,0,0,0,0,0,0,0,0,0,0,0,0,0,0,0,0,0,0,0,0,0,0,0,0,0,0,0,0,0,0,0,0,0,0,0,0,0,0,0,0,0,0,0,0,0,0,0,0,0,0,0,0,0,0,0,0,0,0,0,0,0,0,0,0,0,0
0,0,0,0,0,0,0,0,0,0,0,0,0,0,0,0,0,0,0,0,0,0,0,0,0,0,0,0,0,0,0,0,0,0,0,0,0,0,0,0,0,0,0,0,0,0,0,0,0,0,0,0,0,0,0,0,0,0,0,0,0,0,0,0,0,0,0,0,0,0,0,0,0,0,0,0,0,0,0,0,0,0,0,0,0,0,0,0,0,0,0,0,0,0,0,0,0,0,0,0
0,0,0,0,0,0,0,0,0,0,0,0,0,0,0,0,0,0,0,0,0,0,0,0,0,0,0,0,0,0,0,0,0,0,0,0,0,0,0,0,0,0,0,0,0,0,0,0,0,0,0,0,0,0,0,0,0,0,0,0,0,0,0,0,0,0,0,0,0,0,0,0,0,0,0,0,0,0,0,0,0,0,0,0,0,0,0,0,0,0,0,0,0,0,0,0,0,0,0,0
0,0,0,0,0,0,0,0,0,0,0,0,0,0,0,0,0,0,0,0,0,0,0,0,0,0,0,0,0,0,0,0,0,0,0,0,0,0,0,0,0,0,0,0,0,0,0,0,0,0,0,0,0,0,0,0,0,0,0,0,0,0,0,0,0,0,0,0,0,0,0,0,0,0,0,0,0,0,0,0,0,0,0,0,0,0,0,0,0,0,0,0,0,0,0,0,0,0,0,0
0,0,0,0,0,0,0,0,0,0,0,0,0,0,0,0,0,0,0,0,0,0,0,0,0,0,0,0,0,0,0,0,0,0,0,0,0,0,0,0,0,0,0,0,0,0,0,0,0,0,0,0,0,0,0,0,0,0,0,0,0,0,0,0,0,0,0,0,0,0,0,0,0,0,0,0,0,0,0,0,0,0,0,0,0,0,0,0,0,0,0,0,0,0,0,0,0,0,0,0
