0,0,0,0,0,0,0,0,0,0,0,0,0,0,0,0,0,0,0,0,0,0,0,0,0,0,0,0,0,0,0,0,0,0,0,0,0,0,0,0,0,0,0,0,0,0,0,0,0,0,0,0,0,0,0,0,0,0,0,0,0,0,0,0,0,0,0,0,0,0,0,0,0,0,0,0,0,0,0,0,0,0,0,0,0,0,0,0,0,0,0,0,0,0,0,0,0,0,0,0
0,0,0,0,0,0,0,0,0,0,0,0,0,0,0,0,0,0,0,0,0,0,0,0,0,0,0,0,0,0,0,0,0,0,0,0,0,0,0,0,0,0,0,0,0,0,0,0,0,0,0,0,0,0,0,0,0,0,0,0,0,0,0,0,0,0,0,0,0,0,0,0,0,0,0,0,0,0,0,0,0,0,0,0,0,0,0,0,0,0,0,0,0,0,0,0,0,0,0,0
0,0,0,0,0,0,0,0,0,0,0,0,0,0,0,0,0,0,0,0,0,0,0,0,0,0,0,0,0,0,0,0,0,0,0,0,0,0,0,0,0,0,0,0,0,0,0,0,0,0,0,0,0,0,0,0,0,0,0,0,0,0,0,0,0,0,0,0,0,0,0,0,0,0,0,0,0,0,0,0,0,0,0,0,0,0,0,0,0,0,0,0,0,0,0,0,0,0,0,0
0,0,0,0,0,0,0,0,0,0,0,0,0,0,0,0,0,0,0,0,0,0,0,0,0,0,0,0,0,0,0,0,0,0,0,0,0,0,0,0,0,0,0,0,0,0,0,0,0,0,0,0,0,0,0,0,0,0,0,0,0,0,0,0,0,0,0,0,0,0,0,0,0,0,0,0,0,0,0,0,0,0,0,0,0,0,0,0,0,0,0,0,0,0,0,0,0,0,0,0
0,0,0,0,0,0,0,0,0,0,0,0,0,0,0,0,0,0,0,0,0,0,0,0,0,0,0,0,0,0,0,0,0,0,0,0,0,0,0,0,0,0,0,0,0,0,0,0,0,0,0,0,0,0,0,0,0,0,0,0,0,0,0,0,0,0,0,0,0,0,0,0,0,0,0,0,0,0,0,0,0,0,0,0,0,0,0,0,0,0,0,0,0,0,0,0,0,0,0,0
0,0,0,0,0,0,0,0,0,0,0,0,0,0,0,0,0,0,0,0,0,0,0,0,0,0,0,0,0,0,0,0,0,0,0,0,0,0,0,0,0,0,0,0,0,0,0,0,0,0,0,0,0,0,0,0,0,0,0,0,0,0,0,0,0,0,0,0,0,0,0,0,0,0,0,0,0,0,0,0,0,0,0,0,0,0,0,0,0,0,0,0,0,0,0,0,0,0,0,0
0,0,0,0,0,0,0,0,0,0,0,0,0,0,0,0,0,0,0,0,0,0,0,0,0,0,0,0,0,0,0,0,0,0,0,0,0,0,0,0,0,0,0,0,0,0,0,0,0,0,0,0,0,0,0,0,0,0,0,0,0,0,0,0,0,0,0,0,0,0,0,0,0,0,0,0,0,0,0,0,0,0,0,0,0,0,0,0,0,0,0,0,0,0,0,0,0,0,0,0
0,0,0,0,0,0,0,0,0,0,0,0,0,0,0,0,0,0,0,0,0,0,0,0,0,0,0,0,0,0,0,0,0,0,0,0,0,0,0,0,0,0,0,0,0,0,0,0,0,0,0,0,0,0,0,0,0,0,0,0,0,0,0,0,0,0,0,0,0,0,0,0,0,0,0,0,0,0,0,0,0,0,0,0,0,0,0,0,0,0,0,0,0,0,0,0,0,0,0,0
0,0,0,0,0,0,0,0,0,0,0,0,0,0,0,0,0,0,0,0,0,0,0,0,0,0,0,0,0,0,0,0,0,0,0,0,0,0,0,0,0,0,0,0,0,0,0,0,0,0,0,0,0,0,0,0,0,0,0,0,0,0,0,0,0,0,0,0,0,0,0,0,0,0,0,0,0,0,0,0,0,0,0,0,0,0,0,0,0,0,0,0,0,0,0,0,0,0,0,0
0,0,0,0,0,0,0,0,0,0,0,0,0,0,0,0,0,0,0,0,0,0,0,0,0,0,0,0,0,0,0,0,0,0,0,0,0,0,0,0,0,0,0,0,0,0,0,0,0,0,0,0,0,0,0,0,0,0,0,0,0,0,0,0,0,0,0,0,0,0,0,0,0,0,0,0,0,0,0,0,0,0,0,0,0,0,0,0,0,0,0,0,0,0,0,0,0,0,0,0
0,0,0,0,0,0,0,0,0,0,0,0,0,0,0,0,0,0,0,0,0,0,0,0,0,0,0,0,0,0,0,0,0,0,0,0,0,0,0,0,0,0,0,0,0,0,0,0,0,0,0,0,0,0,0,0,0,0,0,0,0,0,0,0,0,0,0,0,0,0,0,0,0,0,0,0,0,0,0,0,0,0,0,0,0,0,0,0,0,0,0,0,0,0,0,0,0,0,0,0
0,0,0,0,0,0,0,0,0,0,0,0,0,0,0,0,0,0,0,0,0,0,0,0,0,0,0,0,0,0,0,0,0,0,0,0,0,0,0,0,0,0,0,0,0,0,0,0,0,0,0,0,0,0,0,0,0,0,0,0,0,0,0,0,0,0,0,0,0,0,0,0,0,0,0,0,0,0,0,0,0,0,0,0,0,0,0,0,0,0,0,0,0,0,0,0,0,0,0,0
0,0,0,0,0,0,0,0,0,0,0,0,0,0,0,0,0,0,0,0,0,0,0,0,0,0,0,0,0,0,0,0,0,0,0,0,0,0,0,0,0,0,0,0,0,0,0,0,0,0,0,0,0,0,0,0,0,0,0,0,0,0,0,0,0,0,0,0,0,0,0,0,0,0,0,0,0,0,0,0,0,0,0,0,0,0,0,0,0,0,0,0,0,0,0,0,0,0,0,0
0,0,0,0,0,0,0,0,0,0,0,0,0,0,0,0,0,0,0,0,0,0,0,0,0,0,0,0,0,0,0,0,0,0,0,0,0,0,0,0,0,0,0,0,0,0,0,0,0,0,0,0,0,0,0,0,0,0,0,0,0,0,0,0,0,0,0,0,0,0,0,0,0,0,0,0,0,0,0,0,0,0,0,0,0,0,0,0,0,0,0,0,0,0,0,0,0,0,0,0
0,0,0,0,0,0,0,0,0,0,0,0,0,0,0,0,0,0,0,0,0,0,0,0,0,0,0,0,0,0,0,0,0,0,0,0,0,0,0,0,0,0,0,0,0,0,0,0,0,0,0,0,0,0,0,0,0,0,0,0,0,0,0,0,0,0,0,0,0,0,0,0,0,0,0,0,0,0,0,0,0,0,0,0,0,0,0,0,0,0,0,0,0,0,0,0,0,0,0,0
0,0,0,0,0,0,0,0,0,0,0,0,0,0,0,0,0,0,0,0,0,0,0,0,0,0,0,0,0,0,0,0,0,0,0,0,0,0,0,0,0,0,0,0,0,0,0,0,0,0,0,0,0,0,0,0,0,0,0,0,0,0,0,0,0,0,0,0,0,0,0,0,0,0,0,0,0,0,0,0,0,0,0,0,0,0,0,0,0,0,0,0,0,0,0,0,0,0,0,0
0,0,0,0,0,0,0,0,0,0,0,0,0,0,0,0,0,0,0,0,0,0,0,0,0,0,0,0,0,0,0,0,0,0,0,0,0,0,0,0,0,0,0,0,0,0,0,0,0,0,0,0,0,0,0,0,0,0,0,0,0,0,0,0,0,0,0,0,0,0,0,0,0,0,0,0,0,0,0,0,0,0,0,0,0,0,0,0,0,0,0,0,0,0,0,0,0,0,0,0
0,0,0,0,0,0,0,0,0,0,0,0,0,0,0,0,0,0,0,0,0,0,0,0,0,0,0,0,0,0,0,0,0,0,0,0,0,0,0,0,0,0,0,0,0,0,0,0,0,0,0,0,0,0,0,0,0,0,0,0,0,0,0,0,0,0,0,0,0,0,0,0,0,0,0,0,0,0,0,0,0,0,0,0,0,0,0,0,0,0,0,0,0,0,0,0,0,0,0,0
0,0,0,0,0,0,0,0,0,0,0,0,0,0,0,0,0,0,0,0,0,0,0,0,0,0,0,0,0,0,0,0,0,0,0,0,0,0,0,0,0,0,0,0,0,0,0,0,0,0,0,0,0,0,0,0,0,0,0,0,0,0,0,0,0,0,0,0,0,0,0,0,0,0,0,0,0,0,0,0,0,0,0,0,0,0,0,0,0,0,0,0,0,0,0,0,0,0,0,0
0,0,0,0,0,0,0,0,0,0,0,0,0,0,0,0,0,0,0,0,0,0,0,0,0,0,0,0,0,0,0,0,0,0,0,0,0,0,0,0,0,0,0,0,0,0,0,0,0,0,0,0,0,0,0,0,0,0,0,0,0,0,0,0,0,0,0,0,0,0,0,0,0,0,0,0,0,0,0,0,0,0,0,0,0,0,0,0,0,0,0,0,0,0,0,0,0,0,0,0
0,0,0,0,0,0,0,0,0,0,0,0,0,0,0,0,0,0,0,0,0,0,0,0,0,0,0,0,0,0,0,0,0,0,0,0,0,0,0,0,0,0,0,0,0,0,0,0,0,0,0,0,0,0,0,0,0,0,0,0,0,0,0,0,0,0,0,0,0,0,0,0,0,0,0,0,0,0,0,0,0,0,0,0,0,0,0,0,0,0,0,0,0,0,0,0,0,0,0,0
0,0,0,0,0,0,0,0,0,0,0,0,0,0,0,0,0,0,0,0,0,0,0,0,0,0,0,0,0,0,0,0,0,0,0,0,0,0,0,0,0,0,0,0,0,0,0,0,0,0,0,0,0,0,0,0,0,0,0,0,0,0,0,0,0,0,0,0,0,0,0,0,0,0,0,0,0,0,0,0,0,0,0,0,0,0,0,0,0,0,0,0,0,0,0,0,0,0,0,0
0,0,0,0,0,0,0,0,0,0,0,0,0,0,0,0,0,0,0,0,0,0,0,0,0,0,0,0,0,0,0,0,0,0,0,0,0,0,0,0,0,0,0,0,0,0,0,0,0,0,0,0,0,0,0,0,0,0,0,0,0,0,0,0,0,0,0,0,0,0,0,0,0,0,0,0,0,0,0,0,0,0,0,0,0,0,0,0,0,0,0,0,0,0,0,0,0,0,0,0
0,0,0,0,0,0,0,0,0,0,0,0,0,0,0,0,0,0,0,0,0,0,0,0,0,0,0,0,0,0,0,0,0,0,0,0,0,0,0,0,0,0,0,0,0,0,0,0,0,0,0,0,0,0,0,0,0,0,0,0,0,0,0,0,0,0,0,0,0,0,0,0,0,0,0,0,0,0,0,0,0,0,0,0,0,0,0,0,0,0,0,0,0,0,0,0,0,0,0,0
0,0,0,0,0,0,0,0,0,0,0,0,0,0,0,0,0,0,0,0,0,0,0,0,0,0,0,0,0,0,0,0,0,0,0,0,0,0,0,0,0,0,0,0,0,0,0,0,0,0,0,0,0,0,0,0,0,0,0,0,0,0,0,0,0,0,0,0,0,0,0,0,0,0,0,0,0,0,0,0,0,0,0,0,0,0,0,0,0,0,0,0,0,0,0,0,0,0,0,0
0,0,0,0,0,0,0,0,0,0,0,0,0,0,0,0,0,0,0,0,0,0,0,0,0,0,0,0,0,0,0,0,0,0,0,0,0,0,0,0,0,0,0,0,0,0,0,0,0,0,0,0,0,0,0,0,0,0,0,0,0,0,0,0,0,0,0,0,0,0,0,0,0,0,0,0,0,0,0,0,0,0,0,0,0,0,0,0,0,0,0,0,0,0,0,0,0,0,0,0
0,0,0,0,0,0,0,0,0,0,0,0,0,0,0,0,0,0,0,0,0,0,0,0,0,0,0,0,0,0,0,0,0,0,0,0,0,0,0,0,0,0,0,0,0,0,0,0,0,0,0,0,0,0,0,0,0,0,0,0,0,0,0,0,0,0,0,0,0,0,0,0,0,0,0,0,0,0,0,0,0,0,0,0,0,0,0,0,0,0,0,0,0,0,0,0,0,0,0,0
0,0,0,0,0,0,0,0,0,0,0,0,0,0,0,0,0,0,0,0,0,0,0,0,0,0,0,0,0,0,0,0,0,0,0,0,0,0,0,0,0,0,0,0,0,0,0,0,0,0,0,0,0,0,0,0,0,0,0,0,0,0,0,0,0,0,0,0,0,0,0,0,0,0,0,0,0,0,0,0,0,0,0,0,0,0,0,0,0,0,0,0,0,0,0,0,0,0,0,0
0,0,0,0,0,0,0,0,0,0,0,0,0,0,0,0,0,0,0,0,0,0,0,0,0,0,0,0,0,0,0,0,0,0,0,0,0,0,0,0,0,0,0,0,0,0,0,0,0,0,0,0,0,0,0,0,0,0,0,0,0,0,0,0,0,0,0,0,0,0,0,0,0,0,0,0,0,0,0,0,0,0,0,0,0,0,0,0,0,0,0,0,0,0,0,0,0,0,0,0
0,0,0,0,0,0,0,0,0,0,0,0,0,0,0,0,0,0,0,0,0,0,0,0,0,0,0,0,0,0,0,0,0,0,0,0,0,0,0,0,0,0,0,0,0,0,0,0,0,0,0,0,0,0,0,0,0,0,0,0,0,0,0,0,0,0,0,0,0,0,0,0,0,0,0,0,0,0,0,0,0,0,0,0,0,0,0,0,0,0,0,0,0,0,0,0,0,0,0,0
0,0,0,0,0,0,0,0,0,0,0,0,0,0,0,0,0,0,0,0,0,0,0,0,0,0,0,0,0,0,0,0,0,0,0,0,0,0,0,0,0,0,0,0,0,0,0,0,0,0,0,0,0,0,0,0,0,0,0,0,0,0,0,0,0,0,0,0,0,0,0,0,0,0,0,0,0,0,0,0,0,0,0,0,0,0,0,0,0,0,0,0,0,0,0,0,0,0,0,0
0,0,0,0,0,0,0,0,0,0,0,0,0,0,0,0,0,0,0,0,0,0,0,0,0,0,0,0,0,0,0,0,0,0,0,0,0,0,0,0,0,0,0,0,0,0,0,0,0,0,0,0,0,0,0,0,0,0,0,0,0,0,0,0,0,0,0,0,0,0,0,0,0,0,0,0,0,0,0,0,0,0,0,0,0,0,0,0,0,0,0,0,0,0,0,0,0,0,0,0
0,0,0,0,0,0,0,0,0,0,0,0,0,0,0,0,0,0,0,0,0,0,0.000215252441244562,2.63449533257933e-05,0,0,0,0,0,0,0,0,0,0,0,0,0,0,0,0,0,0,0,0,0,0,0,0,0,0,0,0,0,0,0,0,0,0,0,0,0,0,0,0,0,0,0,0,0,0,0,0,0,0,0,0,0,0,0,0,0,0,0,0,0,0,0,0,0,0,0,0,0,0,0,0,0,0,0,0
0,0,0,0,0,0,0,0,0,0,0,0,0,0,0,0,0,0,0,0,0,0,0.000230225130290007,2.81774751396374e-05,0,0,0,0,0,0,0,0,0,0,0,0,0,0,0,0,0,0,0,0,0,0,0,0,0,0,0,0,0,0,0,0,0,0,0,0,0,0,0,0,0,0,0,0,0,0,0,0,0,0,0,0,0,0,0,0,0,0,0,0,0,0,0,0,0,0,0,0,0,0,0,0,0,0,0,0
0,0,0,0,0,0,0,0,0,0,0,0,0,0,0,0,0,0,0,0,0,0,0,0,0,0,0,0,0,0,0,0,0,0,0,0,0,0,0,0,0,0,0,0,0,0,0,0,0,0,0,0,0,0,0,0,0,0,0,0,0,0,0,0,0,0,0,0,0,0,0,0,0,0,0,0,0,0,0,0,0,0,0,0,0,0,0,0,0,0,0,0,0,0,0,0,0,0,0,0
0,0,0,0,0,0,0,0,0,0,0,0,0,0,0,0.000188078107240759,0.000128035926426993,0.000268401541505431,4.21856957758234e-05,0,0,0,0,0,0,0,9.34982399243878e-05,0.00016080861240747,3.7673827936233e-06,0.000176283776488016,0,0,0,0,0,0,0,0,0,0,0,0,0,0,0,0,0,0,0,0,0,0,0,0,0,0,0,0,0,0,0,0,0,0,0,0,0,0,0,0,0,0,0,0,0,0,0,0,0,0,0,0,0,0,0,0,0,0,0,0,0,0,0,0,0,0,0,0,0,0
0,0,0,0,0,0,0,0,0,0,0.000322351049947152,7.13959378479384e-05,0,0,0,0.000109406482510856,7.4479483821392e-05,0.000583308238094035,0.00066428393484174,0.000152816484089059,0.000197411318435595,2.17748709172076e-05,0.000200798830015366,0.000181211413558808,0.000337180895789719,0.000294653834867005,0.000146101323653934,0.00017054958364358,6.69459592579804e-06,0.000313254244792563,0,0,0,0,0,0,0,0,0,0,0,0,0,0,0,0,0,0,0,0,0,0,0,0,0,0,0,0,0,0,0,0,0,0,0,0,0,0,0,0,0,0,0,0,0,0,0,0,0,0,0,0,0,0,0,0,0,0,0,0,0,0,0,0,0,0,0,0,0,0
0,0,0,0,0,0,0,0,0,0,8.69867481046601e-05,1.92662641002496e-05,6.87591110844799e-05,0.000222905383256164,0,4.11888400400129e-05,0.000316863546151679,0.000261641277450144,0.000865261586884491,0.000580101272251915,0.000264274350298994,5.39760345887659e-05,0.000628121189486757,0.000567843595846462,0.000406901783135436,0.000107171722969564,0.000337210222232247,9.183201813838e-05,0,0.000100519936076826,5.43150369405181e-05,0,0,0,0,0,0,0,0,0,0,0,0,0,0,0,0,0,0,0,0,0,0,0,0,0,0,0,0,0,0,0,0,0,0,0,0,0,0,0,0,0,0,0,0,0,0,0,0,0,0,0,0,0,0,0,0,0,0,0,0,0,0,0,0,0,0,0,0,0
0,0,0,0,0,0,0,0,0,0,0,0,4.91145286945431e-05,0.000373408671079059,0.000165233996080362,0.000315552247579735,0.00117199523363633,0.000421841159745655,0.000140956331064169,0.00018921009554716,0,0.000301560179003701,0.000346556628254966,0.000375708477157711,0.000149060067083508,7.42457630904886e-05,2.43349824001564e-05,1.77511228456229e-07,0,0.000224083524362199,0.000121081502620457,0,0,0,0,0,0,0,0,0,0,0,0,0,0,0,0,0,0,0,0,0,0,0,0,0,0,0,0,0,0,0,0,0,0,0,0,0,0,0,0,0,0,0,0,0,0,0,0,0,0,0,0,0,0,0,0,0,0,0,0,0,0,0,0,0,0,0,0,0
0,0,0,0,0,0,0,0,0,0,1.53935461016889e-05,0.000512751131220453,0.000264899808192614,6.80677747341318e-05,0.000287500414678536,0.000305151193754906,0.000351437641166702,9.22721565669317e-05,0.000683382815804911,0.000133228291494781,0.000185220009590972,0.000172030202176201,0.00062695249377591,0.000278072138532539,0.000307157520668667,0.000353833027117174,0.000561806839144356,2.16174213995363e-05,5.61124499052848e-05,0.000208316810906451,0.00031991929406391,0.000175096740355273,0,0,0,0,0,0,0,0,0,0,0,0,0,0,0,0,0,0,0,0,0,0,0,0,0,0,0,0,0,0,0,0,0,0,0,0,0,0,0,0,0,0,0,0,0,0,0,0,0,0,0,0,0,0,0,0,0,0,0,0,0,0,0,0,0,0,0,0
0,0,0,0,0,0,0,0,0,4.00431049621988e-05,0.000642151918338202,0.00113101361109338,0.000485447876990498,0.000187646468351058,0.000882574469393155,0.000622069888112094,0.000206033638477809,0.000398619329913729,0.00105732296041585,0.00027710314342404,0.000582767060688506,0.000511439981085913,0.00117177125183483,0.000293554838217808,0.000229079228366559,6.82705825035081e-05,0,0.000293745827054074,0.000193499692527773,0.000279422385044976,0.000419192885601105,0.000358713285522228,9.07156688663811e-05,0.000126260835247058,0.000125166819077881,0,0,0,0,0,0,0,0,0,0,0,0,0,0,0,0,0,0,0,0,0,0,0,0,0,0,0,0,0,0,0,0,0,0,0,0,0,0,0,0,0,0,0,0,0,0,0,0,0,0,0,0,0,0,0,0,0,0,0,0,0,0,0,0,0
0,0,0,0,0,0,0,8.1906223291144e-05,0.000290664314928023,8.88145583888233e-05,0.000275537928008089,0.000897200914441356,0.000439911893984161,0.00052753680341096,0.000547557727971092,0.000554496868750445,0.000476391557612283,0.000413978396499956,0.000527088587254565,0.00101578084858782,0.000432003315743928,0.000932142231485516,0.000720924670379467,0.000622134516555607,0.000226935284894363,0.000194422678288681,0.000455079393261757,0.000405337986246748,2.05111609963149e-05,4.91430148273133e-05,0.000320251658746555,0.000255029873282887,0.000207464269419162,0.000124826968889001,0.00012374537678606,0,0,0,0,0,0,0,0,0,0,0,0,0,0,0,0,0,0,0,0,0,0,0,0,0,0,0,0,0,0,0,0,0,0,0,0,0,0,0,0,0,0,0,0,0,0,0,0,0,0,0,0,0,0,0,0,0,0,0,0,0,0,0,0,0
0,0,0,0,0,0,0.00025559595493844,0.000609991703301125,0.001506493706107,0.000272883420971272,4.89926471250725e-05,0.000397747520248358,0.000773004806402409,0.000685616550194436,0.000989149651102723,0.000468910751129188,0.00026572740270648,0.00074187708138398,0.000549329225205373,0.000231791168138188,0.00010914087797823,0.000688994666215962,0.000930734843014359,0.000221410455892311,0.000621926249676545,0.000300409674272515,0.000738086899867156,0.000260021267778307,8.22615738838943e-05,3.70867547741123e-05,0.000177959365292867,0.000196283778611593,0.000302960879640218,0,0,0,0,0,0,0,0,0,0,0,0,0,0,0,0,0,0,0,0,0,0,0,0,0,0,0,0,0,0,0,0,0,0,0,0,0,0,0,0,0,0,0,0,0,0,0,0,0,0,0,0,0,0,0,0,0,0,0,0,0,0,0,0,0,0,0
0,0,2.78305584088503e-05,4.23502350589556e-05,0,0.000119371748613658,0.000400822999274721,0.00122100402119961,0.00121982983905413,0.000792193955737781,0.000495357435053344,0.000178029358382449,0.000686054371420655,0.00100723340861668,0.000933917695297539,0.00026290746243383,0.000567712698399957,0.000359145679865397,0.000519580373445743,0.000324165798904592,0.000126261812333206,8.79903477235074e-05,0.000578840136639753,0.000165526217640896,0.000480534827736197,0.00083087544991374,0.000366704451395378,0.00016809424172115,0.000176072560027364,0,5.13166161094447e-05,0.000544956828122246,0.000270519503163571,0.000167507219965456,0.000197041980826411,0,0,0,0,0,0,0,0,0,0,0,0,0,0,0,0,0,0,0,0,0,0,0,0,0,0,0,0,0,0,0,0,0,0,0,0,0,0,0,0,0,0,0,0,0,0,0,0,0,0,0,0,0,0,0,0,0,0,0,0,0,0,0,0,0
0,0,0.000170447040302092,0.000259372166230102,0.000145076333667272,0.00101128019161799,0.000888336538664163,0.000955252129620761,0.000673911183353371,0.00175879811096121,0.000630339720084477,0.000112144189434354,0.00099361530105323,0.000405336273945463,0.000203152730688433,0.000104350653899383,0.000858069576297804,0.00116410040441822,0.000897355307269769,0.000561245323827901,0.000532835887785206,0.000173721736288439,0.000189363103919423,0.000551835169285415,0.000162863159342021,8.55016446344845e-05,0.000377588017587904,1.90163107385445e-05,0,0,0.000273060988054354,0.000254858090741785,0.000273921139108595,0.00093693487611741,0.000495113711923947,0,0,0,0,0,0,0,0,0,0,0,0,0,0,0,0,0,0,0,0,0,0,0,0,0,0,0,0,0,0,0,0,0,0,0,0,0,0,0,0,0,0,0,0,0,0,0,0,0,0,0,0,0,0,0,0,0,0,0,0,0,0,0,0,0
0,0,0,0,6.61932269913159e-05,0.000671689549255454,0.000841087398397383,0.000371138787486546,0.00047257144576816,0.000503243120865177,0.000620717851208157,0.00103239200476175,0.000446206642241765,0.000267926267135878,0.000415529264344928,0.000100394155528034,0.000300823304054632,0.000471339161803061,0.000328909521226499,0.000707416899383474,0.000554150369839741,0.000223686987552012,5.77381371357245e-06,5.93719628399665e-05,0.000131333810397763,0.000479571756361482,0.000551457059883978,1.71919710453321e-05,0,0.000121793504422701,0.000532720009325235,0,0.000381429593099615,0.000201781391646616,0.000199681863161196,0,0,0,0,0,0,0,0,0,0,0,0,0,0,0,0,0,0,0,0,0,0,0,0,0,0,0,0,0,0,0,0,0,0,0,0,0,0,0,0,0,0,0,0,0,0,0,0,0,0,0,0,0,0,0,0,0,0,0,0,0,0,0,0,0
0,0,0,0,0.000470849047321349,0.000926933739264357,0.000969288925664497,0.00111839282372594,0.000837135581079745,0.0010441884696383,0.00125816467275429,0.00123284197979266,4.47125030558063e-05,0.000175682259801719,0.000360043041668561,0.000708604608785369,0.000384751210106389,0.000267423957103749,0.000456395058827687,0.000495996646417642,0.000280107041698473,0.000252415582892923,0.000261936869543218,0.000123169348224145,0.000384905867239998,0.000568184903723818,0.000135623842312985,0,0,0.000100325165960761,0.000245161320291303,0,0.000330564822099893,0.000403512027099963,0.000577425426534115,5.04957784614607e-05,0,0,0,0,0,0,0,0,0,0,0,0,0,0,0,0,0,0,0,0,0,0,0,0,0,0,0,0,0,0,0,0,0,0,0,0,0,0,0,0,0,0,0,0,0,0,0,0,0,0,0,0,0,0,0,0,0,0,0,0,0,0,0,0
0,0,0,1.13679006243538e-05,0.000508920029801461,0.000934893332270176,0.00122426743388862,0.00144608194578048,0.000310674595424439,0.00081617602384489,0.000811662891806515,0.00163229268156251,0.0013104696534928,0.00129570678154925,0.00047380554329203,0.000751292285978301,0.000630906976006428,0.000532689508287473,0.00029565598370247,9.38956667600836e-05,0.000318955234385594,0.000502833258271902,0.00089783032648073,0.000242781310770342,0.000348516145727423,4.62757363170014e-05,0,0.000190851028891145,0.000120290116665857,3.03299317412226e-05,7.74413121787124e-06,0.000163805415938775,0.00135881833993711,0.000526109664477002,0.000492688195651223,0.000282469231901148,2.9691847653369e-05,0,0,0,0,0,0,0,0,0,0,0,0,0,0,0,0,0,0,0,0,0,0,0,0,0,0,0,0,0,0,0,0,0,0,0,0,0,0,0,0,0,0,0,0,0,0,0,0,0,0,0,0,0,0,0,0,0,0,0,0,0,0,0
0,0,0,6.54717482662e-06,0.000415459711751622,0.000965637251037892,0.00158590174633824,0.00202730730659539,0.0015040440569669,0.00158032307183605,0.00155425911811211,0.000844480195817266,0.000569823383703982,0.000478041678357518,0.000306253184537944,0.00105702765827024,0.000373282697959954,0.00109950067427059,3.65914504407097e-05,0.000173537454071299,0.000664571260695912,0.00111706203095241,0.000814356037564633,0.00035739994208373,0.000415735704655455,3.80190597615216e-05,0.000128443313366039,0.00037513691024641,0.000770353456745595,0.000736116940669875,0.000563770760824385,0.000282475576192379,0.000341361422688647,0.000737194142140459,0.000572764330582006,0.000357003493308532,2.76967842158151e-05,0,0,0,0,0,0,0,0,0,0,0,0,0,0,0,0,0,0,0,0,0,0,0,0,0,0,0,0,0,0,0,0,0,0,0,0,0,0,0,0,0,0,0,0,0,0,0,0,0,0,0,0,0,0,0,0,0,0,0,0,0,0,0
0,0,0,4.34473070501907e-05,0.00103908132064752,0.00278562010919591,0.00299048024813313,0.00118066650475998,0.00179000440324952,0.000691399520831983,0.000998374383394248,0.000749796685186475,0.000537045472933076,0.000458791390118331,0.000268337228144047,0.000333468080941478,0.000275609569062493,0.000200752718401371,8.00390390964216e-06,0.000229228138417793,0.00060615262233988,0.000978023976141721,0.000607592407362564,0.000455407797352692,0.000585285317912462,0.000666367083759309,0.000295705617592665,0.000316979393687021,1.38453169700895e-05,0.000347873863514862,0.000358381289048362,2.74829321771225e-05,0.000282047516437288,0.000524831091384577,8.87132577578143e-05,3.12872464997077e-05,0.000212635115168543,5.50119802491438e-05,0,0,0,0,0,0,0,0,0,0,0,0,0,0,0,0,0,0,0,0,0,0,0,0,0,0,0,0,0,0,0,0,0,0,0,0,0,0,0,0,0,0,0,0,0,0,0,0,0,0,0,0,0,0,0,0,0,0,0,0,0,0
0,0,0,0.000285664045869644,0.00158900235623416,0.00294741935343931,0.00301520092492705,0.00208693109615136,0.00278668582443433,0.00152903181213278,0.00108225841588932,0.000498020276666602,0.000414818122285431,0.000226647926902286,0.000281499941273761,0.00137967909677084,0.000454371328394244,0.000312786312842822,0.00014553166759245,0.000796571058471616,0.0011871996404216,0.000721639591316449,0.000209326821523874,0.000484806829547409,0.000928710858936917,0.000866944541071584,0.000678937295969774,0.000246545370735006,7.33209971561068e-05,0.000193449211513887,0.000544616508332024,0.00039967291751482,0.0012339259370626,0.000854296944858794,0.000650296988627103,0.000261210971252849,0.000455056767710516,0.000277296136871798,0.00016046419551707,0.000109568973576297,0,0,0,0,0,0,0,0,0,0,0,0,0,0,0,0,0,0,0,0,0,0,0,0,0,0,0,0,0,0,0,0,0,0,0,0,0,0,0,0,0,0,0,0,0,0,0,0,0,0,0,0,0,0,0,0,0,0,0,0
0,0,4.94977745491742e-07,0.00032565423869647,0.0021873299711409,0.00231912295841765,0.00298429556838012,0.003129351709067,0.00114595458232568,0.00155213100014497,0.00107293689284938,0.000782903045368676,0.000971700987994185,0.00175395826514441,0.000852439160819388,0.00110109360896581,0.000581894572327678,0.000557951866603859,3.00277672265351e-05,7.2556748057124e-05,0.000459940764378455,0.000210046775754467,0.000228835964407124,0.00031934511873846,0.000565688947083779,0.00046359506004361,0.000345517535425765,0.000246866041417226,0.000509067371661024,0.000540245484596543,0.000158836532826838,0.000572398403500566,0.000481257565365141,0.000452087165439583,3.58172306630423e-05,1.73266215350209e-05,0,0,0.000136655221434238,9.33116094723957e-05,0,0,0,0,0,0,0,0,0,0,0,0,0,0,0,0,0,0,0,0,0,0,0,0,0,0,0,0,0,0,0,0,0,0,0,0,0,0,0,0,0,0,0,0,0,0,0,0,0,0,0,0,0,0,0,0,0,0,0,0
0,0,0.000133046018981328,0.000868511937493477,0.00102788165461363,0.00185807803125176,0.00314420896299527,0.00253068083466294,0.00118125092939956,0.00107928189008906,0.00107510891084622,0.00101980284896409,0.000408045103652609,0.00125675397697071,0.0006202863380221,0.000860998095421035,0.000604328003243955,2.06482900068688e-06,0,0,0.000681932432498953,0.000572681917088222,0.000214297525289119,5.31742074986888e-06,0.000359922038974977,0.000192303868054181,8.72025696990475e-06,0.000146079974501584,0.000176045076336703,0.000634873654164983,0.000259092354392007,0.000773848129078413,0.000697144240673612,0.000909807099037731,0.000365011059950978,0.000153614112185298,6.76246960358023e-06,0,0,0,0,0,0,0,0,0,0,0,0,0,0,0,0,0,0,0,0,0,0,0,0,0,0,0,0,0,0,0,0,0,0,0,0,0,0,0,0,0,0,0,0,0,0,0,0,0,0,0,0,0,0,0,0,0,0,0,0,0,0,0
0,0,0,0.000177318951383192,0.00267156914898504,0.00202662662413505,0.00276764208860661,0.00173172381774227,0.00108926514289355,0.00101003696842979,0.00144444438840485,0.000116173024772709,0.000132481680271229,0.000448359870126359,0.000474712374517655,0.00080669673410766,0.000406831531857017,6.55616976537697e-05,0.000186050600577576,0.000423973070690441,5.47241372460622e-05,4.78163394306073e-06,1.12944123819875e-05,1.30699446584421e-05,0.000478095283421195,0.000481057347526837,9.96662074300575e-05,0.000393079970907112,0.000666795801822292,0.000549549367444493,0.000234974092252637,0.000366058136418834,0.000422014321197788,0.000411978780113836,0.000365142668200658,0.000649223781421098,0.000162431489402453,0,0,0,0,0,0,0,0,0,0,0,0,0,0,0,0,0,0,0,0,0,0,0,0,0,0,0,0,0,0,0,0,0,0,0,0,0,0,0,0,0,0,0,0,0,0,0,0,0,0,0,0,0,0,0,0,0,0,0,0,0,0,0
0,0,0,5.0327679161509e-05,0.00155408779497519,0.00149084520787177,0.00348699834208208,0.00180129322571513,0.00167304298847751,0.0012976984908477,0.00185958531267116,0.00124474293072847,0.00051400166139734,0.000442049889471645,0.000161198215149893,0.000529873435482922,0.00085619789983373,0.000192833112612756,0.000798103500177015,0.000104945729299783,0.000288472370678914,0.000355605507923682,0.00138518166950001,0.000630759744277158,0.00133605299748875,0.0005782679254106,0.000573787010543316,0.000853292655483376,0.000930320035570927,0.000198965469223947,0.000310140157189672,0.00127090471957237,0.000712786914081944,0.000986990357296877,0.00077605455735663,0.000542811804031151,0.00057937670274323,6.79128450646574e-05,4.99510879922507e-05,0,0,0,0,0,0,0,0,0,0,0,0,0,0,0,0,0,0,0,0,0,0,0,0,0,0,0,0,0,0,0,0,0,0,0,0,0,0,0,0,0,0,0,0,0,0,0,0,0,0,0,0,0,0,0,0,0,0,0,0,0
0,0,0.000189598344566773,0.000393493157727292,0.000992882885772682,0.00271767168964661,0.00346675795195551,0.00281719339093095,0.00157249022073136,0.00151047324085848,0.00119102198255179,0.000856694851028025,0.000947880379739547,0.000721209392453013,0.000478583134551648,0.000987887592122916,0.00150851393044533,0.000246665886915178,0.00118278255292428,0.000783406203654466,0.000555943621625859,0.000272718701635663,0.000523067259318889,0.000366349398421592,0.000530190450210153,0.000585779165644251,0.000411889029829382,0.000108749534784296,0.000589801594424238,7.02077125343741e-05,0.000590342312217872,0.00179464885488485,0.000474380578484993,0.000645272758168984,0.000527360441546729,0.00052799884158731,0.00095390339772413,0.000387444051388882,0.000165362184070571,0,0,0,0,0,0,0,0,0,0,0,0,0,0,0,0,0,0,0,0,0,0,0,0,0,0,0,0,0,0,0,0,0,0,0,0,0,0,0,0,0,0,0,0,0,0,0,0,0,0,0,0,0,0,0,0,0,0,0,0,0
0,0,6.41159500019397e-05,0.00045014165724392,0.0013879124583816,0.00332433678222784,0.00228898669404994,0.0023358454079439,0.00325088068133808,0.00255670005670732,0.00192794227059597,0.0020821603063811,0.0012908761939289,0.00134059890397348,0.00139447326710926,0.00165930329115484,0.00217375794071967,0.000394811717168271,0.000305628008124582,0.00031586364014833,0.000355485535950622,0.000503427391127794,0.000113111895452206,0.000934136440397559,0.000278662397189812,0.00042016776229147,0.000323178895747092,8.85218698702812e-05,0.000749202776823186,0.000920339169122362,0.00094022394221427,0.000664203040201205,0.000575229096907374,0.000941036838557953,0.000479140624962072,0.000308786221124825,0.0004946609697569,0.000164557336083272,0.000130460296141704,2.54493794751323e-05,0,0,0,0,0,0,0,0,0,0,0,0,0,0,0,0,0,0,0,0,0,0,0,0,0,0,0,0,0,0,0,0,0,0,0,0,0,0,0,0,0,0,0,0,0,0,0,0,0,0,0,0,0,0,0,0,0,0,0,0
0,0,0,0.00012469984281115,0.0014086075702861,0.00256754560113571,0.00290874797286111,0.00447048200090369,0.00325835383161338,0.00312768121075776,0.00559552361832119,0.00574253273012207,0.00232828310922081,0.00206706596872761,0.00197331638942992,0.00356738008111761,0.00233200679905683,0.00058943769728379,0.000696314623847978,0.000338049310497812,0,0.00073539852375408,0.00038374197120242,0.000315043155915392,0.000908538951033426,0.000533637691148976,0.000895953641109711,0.000234424927766127,0.000191143547785093,0.000582006044836065,0.000986395881971464,0.000670844753532856,0.000141132091184724,0.000482692177752332,0.00075978889858321,0.000318229834340073,0.000433501144101822,0,0.000287923924162632,5.61664002205315e-05,0,0,0,0,0,0,0,0,0,0,0,0,0,0,0,0,0,0,0,0,0,0,0,0,0,0,0,0,0,0,0,0,0,0,0,0,0,0,0,0,0,0,0,0,0,0,0,0,0,0,0,0,0,0,0,0,0,0,0,0
0,0,0,0,0.000409969611729974,0.00300752976579635,0.0024992186114752,0.00466635614347463,0.00674856546544972,0.00394407988302561,0.00436797194077338,0.00374860511818496,0.00405343221368672,0.00409621408921664,0.00354884940823327,0.00239803117511304,0.0021498556572444,0.00144876942041805,0.00153538866748836,0.000792175304547696,0.000598787908799407,0.000290677796657202,0.000572716418092975,8.25812570200517e-05,4.95942197695983e-05,0.0003930999874373,0.000660682438439242,0.000370774070090075,0.000153050796593137,0.000310040538699392,0.000382004596479623,0.00097656430740185,0.000659079766260584,0.000725242291685464,0.000458333952316763,0.000313406884541085,9.78415001739592e-05,0,0,0,0,0,0,0,0,0,0,0,0,0,0,0,0,0,0,0,0,0,0,0,0,0,0,0,0,0,0,0,0,0,0,0,0,0,0,0,0,0,0,0,0,0,0,0,0,0,0,0,0,0,0,0,0,0,0,0,0,0,0,0
0,0,0,0,0.000331451531754923,0.00124389641025583,0.00290204761482329,0.00477829500598258,0.0064645271137799,0.0040801121448202,0.00351587905243552,0.00445103218408355,0.00447077292957957,0.00382908588698512,0.00169150700460611,0.00197907744090438,0.00167300706968108,0.000584923450156756,0.000355730693760717,0.000314818920636286,0.000626610340842369,0.000899978317857187,0.00128831575995549,0.00057920705637554,0.000607229012236627,0.00027425351385563,0.00053558018095518,0.000680132821916964,0.000651186620574841,0.000926951859435676,0.000949873713289,0.000338938491184974,0.000828449401721815,0.000554649321035258,0.000200368896754224,0,0,0,0,0,0,0,0,0,0,0,0,0,0,0,0,0,0,0,0,0,0,0,0,0,0,0,0,0,0,0,0,0,0,0,0,0,0,0,0,0,0,0,0,0,0,0,0,0,0,0,0,0,0,0,0,0,0,0,0,0,0,0,0,0
0,0,0,0,6.72565790295863e-05,0.000681433854829199,0.0015869608109782,0.0024770239812384,0.00414182548971847,0.0041239531315043,0.00416627412791682,0.00361609997274044,0.00352215284485943,0.00271377962841358,0.00425641217354077,0.00413869549455127,0.00432692949595135,0.00121751506191647,0.000159915678070662,0.000511358427996864,0.000972268427357601,0.000309235133220934,0.0012479064453451,0.00160094532738868,0.000845976109782937,0.000711182026880715,0.000868771246318985,0.00105826906904569,0.000887031605005879,0.000277775511826645,0.000254310436780305,0.000645621314667158,0.00165844704098148,0.000430475265189625,0.000194687792939596,0.000298255321779871,0,0,0,0,0,0,0,0,0,0,0,0,0,0,0,0,0,0,0,0,0,0,0,0,0,0,0,0,0,0,0,0,0,0,0,0,0,0,0,0,0,0,0,0,0,0,0,0,0,0,0,0,0,0,0,0,0,0,0,0,0,0,0,0
0,0,0,0,3.24094205045602e-05,0.000947777322028968,0.00119927693571772,0.00253610672439049,0.00466558963682724,0.00286753108792263,0.00319037553126761,0.00385760817762087,0.00529572879089786,0.00371878624892612,0.00309019427168955,0.00400063430889809,0.0036933393835565,0.00131067902443016,0.00173868596394194,0.000681375922949481,0.000799566903281611,0.000962739097385867,0.000864763997606356,0.0009756958559058,0.000300145388047911,0.000294956557235067,0.00100427455171711,0.00111564329782889,0.000836621380507338,0.000425662096515527,0.000237325728056202,0.000988420980873105,0.00139264412294049,0.000432053724082201,0.00058060452998367,0.000355909872689796,0,0,0,0,0,0,0,0,0,0,0,0,0,0,0,0,0,0,0,0,0,0,0,0,0,0,0,0,0,0,0,0,0,0,0,0,0,0,0,0,0,0,0,0,0,0,0,0,0,0,0,0,0,0,0,0,0,0,0,0,0,0,0,0
0,0,0,0,0,0,0.00136230339093281,0.0033346866545317,0.00544370122327201,0.00373326636386834,0.00523688706856698,0.00467953941335781,0.00531599632108013,0.00456870302872805,0.00385348695006918,0.00290372486116306,0.00294682315909538,0.00099300480790587,0.000925411454781639,0.00063669568239698,0.00162068994579905,0.0010795092803599,0.000420394745154675,0.00104960855359471,0.000125787061479913,0.000190868412744297,0.00123010589153025,0.000922142330232091,0.00108419885607221,0.000677908798632829,0.000210424125255797,0.000227173959292374,0.000906195117444128,0.000393182560240392,0.00034760544548723,0.000198275467514357,0,0,0,0,0,0,0,0,0,0,0,0,0,0,0,0,0,0,0,0,0,0,0,0,0,0,0,0,0,0,0,0,0,0,0,0,0,0,0,0,0,0,0,0,0,0,0,0,0,0,0,0,0,0,0,0,0,0,0,0,0,0,0,0
0,0,0,0,0,0,0.000615058823236472,0.00186679621118362,0.00286973197409071,0.00458614953904717,0.00609258866033566,0.00545108307296713,0.00459933648887685,0.004142625744088,0.00421379837279398,0.00302173056464345,0.00304047816607576,0.00176480479404374,0.00206547214785229,0.00214346349654583,0.00165275615554216,0.00141034226640274,0.00166644684487802,0.00208220124027474,0.00187886081081934,0.00143263827205381,0.00200550820910864,0.00176009325376697,0.00181933856942585,0.00122545456416812,0.000469423737709584,0.00116761727340569,0.000590003473071175,0.000138478020663366,0,0,0,0,0,0,0,0,0,0,0,0,0,0,0,0,0,0,0,0,0,0,0,0,0,0,0,0,0,0,0,0,0,0,0,0,0,0,0,0,0,0,0,0,0,0,0,0,0,0,0,0,0,0,0,0,0,0,0,0,0,0,0,0,0,0
0,0,0,0,0,0,1.42278283607175e-06,0.000625403654025506,0.00212786925041248,0.0023983583210455,0.00392279883511575,0.00457831480702026,0.00478668579960963,0.00516262021203875,0.00256288269716468,0.00346544981882899,0.00280843881863992,0.00381605281387066,0.00321071838742495,0.00460534900760837,0.00262167562839458,0.00266700114436666,0.00169196393956242,0.00269969790054613,0.00230019902716768,0.00316784153341497,0.00149738188894445,0.00110538666664333,0.00105862625210859,0.000964717422234026,0.00148301874449308,0.000798084918346442,0.000242071090945164,0.000149459556289825,0,0,0,0,0,0,0,0,0,0,0,0,0,0,0,0,0,0,0,0,0,0,0,0,0,0,0,0,0,0,0,0,0,0,0,0,0,0,0,0,0,0,0,0,0,0,0,0,0,0,0,0,0,0,0,0,0,0,0,0,0,0,0,0,0,0
0,0,0,0,0,0,3.33251803481867e-05,0.000713493605328554,0.000809501378610125,0.00166684783431901,0.00385178538298837,0.00467665156602641,0.00595060324271364,0.00479173369125714,0.00340064047403167,0.00393736561846931,0.00376431709034805,0.00449526287466066,0.00365299399364173,0.00279414790957332,0.0025381422049517,0.00217028180755182,0.00346620483201387,0.00238281968154717,0.00334985664989892,0.00272600332995395,0.00183677824298997,0.000523781754467467,0.000499829600728642,0.000858695292061426,0.000865770625687725,0.000259174750213754,0.000182667192831747,0.000419044427579959,0,0,0,0,0,0,0,0,0,0,0,0,0,0,0,0,0,0,0,0,0,0,0,0,0,0,0,0,0,0,0,0,0,0,0,0,0,0,0,0,0,0,0,0,0,0,0,0,0,0,0,0,0,0,0,0,0,0,0,0,0,0,0,0,0,0
0,0,0,0,0,0,0,7.89600579338614e-05,0.000280170096747744,0.000484204383712842,0.00185481907158847,0.00284798275501191,0.00296141285239622,0.00338258860286267,0.00275073265017192,0.00345639665466161,0.00389286017664796,0.00335658997690855,0.00215430099186134,0.00228844641473672,0.00248704906228914,0.00253202450870915,0.00216424445510656,0.00218419813128595,0.00270480004254779,0.00137315069440367,0.00174511755381797,0.000172529307619161,0.000795417561429131,0.000676662832754368,0,0,2.41394742219027e-06,7.97548331680619e-06,0,0,0,0,0,0,0,0,0,0,0,0,0,0,0,0,0,0,0,0,0,0,0,0,0,0,0,0,0,0,0,0,0,0,0,0,0,0,0,0,0,0,0,0,0,0,0,0,0,0,0,0,0,0,0,0,0,0,0,0,0,0,0,0,0,0
0,0,0,0,0,0,0,0,0,6.78091014595371e-05,0.000367986578218349,0.00109356952786573,0.00219896876405502,0.00159313903493943,0.00168207090201275,0.00192150454657344,0.00150749973890109,0.00173276825423804,0.00244419019870034,0.00305955843519603,0.0029665973419739,0.00185520040132814,0.00150693467457614,0.00151399158954285,0.00044125855119802,0.00019677412311321,0.000226366712729225,0,0.000158965389750625,0.000456939699554221,0,0,0,0,0,0,0,0,0,0,0,0,0,0,0,0,0,0,0,0,0,0,0,0,0,0,0,0,0,0,0,0,0,0,0,0,0,0,0,0,0,0,0,0,0,0,0,0,0,0,0,0,0,0,0,0,0,0,0,0,0,0,0,0,0,0,0,0,0,0
0,0,0,0,0,0,0,0,6.45978070596009e-05,0.000424579703116249,0,0.000256330486362557,0.000623231525454466,0.000778227517933093,0.00116250609659505,0.00137594981560252,0.000684351046304008,0.000901220657738044,0.000911735760197496,0.0011025631918313,0.00140481858188086,0.000677993821344636,0.000320156889628741,5.99602337279168e-05,0.000254371026280526,0.000133261074236193,0.000130962906076221,0,4.60109273434717e-05,6.65546399953833e-05,0,0,0,0,0,0,0,0,0,0,0,0,0,0,0,0,0,0,0,0,0,0,0,0,0,0,0,0,0,0,0,0,0,0,0,0,0,0,0,0,0,0,0,0,0,0,0,0,0,0,0,0,0,0,0,0,0,0,0,0,0,0,0,0,0,0,0,0,0,0
0,0,0,0,0,0,0,0,1.42915218917901e-06,9.39333763497123e-06,0,0.000104903537299674,0.000332461155908293,0.000319713249757992,0.000552357845987499,0.000385222841381121,0.000306449106782708,8.54535335919495e-05,0.000272669824357003,0.000329668730975352,2.65414383585187e-05,0.000274946088018367,0.000135895372340346,0,0.000511085259609856,0.000153571973723509,0,0,0,0,0,0,0,0,0,0,0,0,0,0,0,0,0,0,0,0,0,0,0,0,0,0,0,0,0,0,0,0,0,0,0,0,0,0,0,0,0,0,0,0,0,0,0,0,0,0,0,0,0,0,0,0,0,0,0,0,0,0,0,0,0,0,0,0,0,0,0,0,0,0
0,0,0,0,0,0,0,0,0,0,0,0,2.68170620662144e-05,1.53168750754278e-05,4.57364211926774e-06,2.07239457136494e-06,0,0,1.18929972413814e-05,0.000369468452136162,6.99593149563382e-05,0.000390697095707627,0,0,0,0,0,0,0,0,0,0,0,0,0,0,0,0,0,0,0,0,0,0,0,0,0,0,0,0,0,0,0,0,0,0,0,0,0,0,0,0,0,0,0,0,0,0,0,0,0,0,0,0,0,0,0,0,0,0,0,0,0,0,0,0,0,0,0,0,0,0,0,0,0,0,0,0,0,0
0,0,0,0,0,0,0,0,0,0,0,0,0,0,0,0,0,0,0,0,5.9750618772574e-06,3.33685274587774e-05,0,0,0,0,0,0,0,0,0,0,0,0,0,0,0,0,0,0,0,0,0,0,0,0,0,0,0,0,0,0,0,0,0,0,0,0,0,0,0,0,0,0,0,0,0,0,0,0,0,0,0,0,0,0,0,0,0,0,0,0,0,0,0,0,0,0,0,0,0,0,0,0,0,0,0,0,0,0
0,0,0,0,0,0,0,0,0,0,0,0,0,0,0,0,0,0,0,0,0,0,0,0,0,0,0,0,0,0,0,0,0,0,0,0,0,0,0,0,0,0,0,0,0,0,0,0,0,0,0,0,0,0,0,0,0,0,0,0,0,0,0,0,0,0,0,0,0,0,0,0,0,0,0,0,0,0,0,0,0,0,0,0,0,0,0,0,0,0,0,0,0,0,0,0,0,0,0,0
0,0,0,0,0,0,0,0,0,0,0,0,0,0,0,0,0,0,0,0,0,0,0,0,0,0,0,0,0,0,0,0,0,0,0,0,0,0,0,0,0,0,0,0,0,0,0,0,0,0,0,0,0,0,0,0,0,0,0,0,0,0,0,0,0,0,0,0,0,0,0,0,0,0,0,0,0,0,0,0,0,0,0,0,0,0,0,0,0,0,0,0,0,0,0,0,0,0,0,0
0,0,0,0,0,0,0,0,0,0,0,0,0,0,0,0,0,0,0,0,0,0,0,0,0,0,0,0,0,0,0,0,0,0,0,0,0,0,0,0,0,0,0,0,0,0,0,0,0,0,0,0,0,0,0,0,0,0,0,0,0,0,0,0,0,0,0,0,0,0,0,0,0,0,0,0,0,0,0,0,0,0,0,0,0,0,0,0,0,0,0,0,0,0,0,0,0,0,0,0
0,0,0,0,0,0,0,0,0,0,0,0,0,0,0,0,0,0,0,0,0,0,0,0,0,0,0,0,0,0,0,0,0,0,0,0,0,0,0,0,0,0,0,0,0,0,0,0,0,0,0,0,0,0,0,0,0,0,0,0,0,0,0,0,0,0,0,0,0,0,0,0,0,0,0,0,0,0,0,0,0,0,0,0,0,0,0,0,0,0,0,0,0,0,0,0,0,0,0,0
0,0,0,0,0,0,0,0,0,0,0,0,0,0,0,0,0,0,0,0,0,0,0,0,0,0,0,0,0,0,0,0,0,0,0,0,0,0,0,0,0,0,0,0,0,0,0,0,0,0,0,0,0,0,0,0,0,0,0,0,0,0,0,0,0,0,0,0,0,0,0,0,0,0,0,0,0,0,0,0,0,0,0,0,0,0,0,0,0,0,0,0,0,0,0,0,0,0,0,0
0,0,0,0,0,0,0,0,0,0,0,0,0,0,0,0,0,0,0,0,0,0,0,0,0,0,0,0,0,0,0,0,0,0,0,0,0,0,0,0,0,0,0,0,0,0,0,0,0,0,0,0,0,0,0,0,0,0,0,0,0,0,0,0,0,0,0,0,0,0,0,0,0,0,0,0,0,0,0,0,0,0,0,0,0,0,0,0,0,0,0,0,0,0,0,0,0,0,0,0
0,0,0,0,0,0,0,0,0,0,0,0,0,0,0,0,0,0,0,0,0,0,0,0,0,0,0,0,0,0,0,0,0,0,0,0,0,0,0,0,0,0,0,0,0,0,0,0,0,0,0,0,0,0,0,0,0,0,0,0,0,0,0,0,0,0,0,0,0,0,0,0,0,0,0,0,0,0,0,0,0,0,0,0,0,0,0,0,0,0,0,0,0,0,0,0,0,0,0,0
0,0,0,0,0,0,0,0,0,0,0,0,0,0,0,0,0,0,0,0,0,0,0,0,0,0,0,0,0,0,0,0,0,0,0,0,0,0,0,0,0,0,0,0,0,0,0,0,0,0,0,0,0,0,0,0,0,0,0,0,0,0,0,0,0,0,0,0,0,0,0,0,0,0,0,0,0,0,0,0,0,0,0,0,0,0,0,0,0,0,0,0,0,0,0,0,0,0,0,0
0,0,0,0,0,0,0,0,0,0,0,0,0,0,0,0,0,0,0,0,0,0,0,0,0,0,0,0,0,0,0,0,0,0,0,0,0,0,0,0,0,0,0,0,0,0,0,0,0,0,0,0,0,0,0,0,0,0,0,0,0,0,0,0,0,0,0,0,0,0,0,0,0,0,0,0,0,0,0,0,0,0,0,0,0,0,0,0,0,0,0,0,0,0,0,0,0,0,0,0
0,0,0,0,0,0,0,0,0,0,0,0,0,0,0,0,0,0,0,0,0,0,0,0,0,0,0,0,0,0,0,0,0,0,0,0,0,0,0,0,0,0,0,0,0,0,0,0,0,0,0,0,0,0,0,0,0,0,0,0,0,0,0,0,0,0,0,0,0,0,0,0,0,0,0,0,0,0,0,0,0,0,0,0,0,0,0,0,0,0,0,0,0,0,0,0,0,0,0,0
0,0,0,0,0,0,0,0,0,0,0,0,0,0,0,0,0,0,0,0,0,0,0,0,0,0,0,0,0,0,0,0,0,0,0,0,0,0,0,0,0,0,0,0,0,0,0,0,0,0,0,0,0,0,0,0,0,0,0,0,0,0,0,0,0,0,0,0,0,0,0,0,0,0,0,0,0,0,0,0,0,0,0,0,0,0,0,0,0,0,0,0,0,0,0,0,0,0,0,0
0,0,0,0,0,0,0,0,0,0,0,0,0,0,0,0,0,0,0,0,0,0,0,0,0,0,0,0,0,0,0,0,0,0,0,0,0,0,0,0,0,0,0,0,0,0,0,0,0,0,0,0,0,0,0,0,0,0,0,0,0,0,0,0,0,0,0,0,0,0,0,0,0,0,0,0,0,0,0,0,0,0,0,0,0,0,0,0,0,0,0,0,0,0,0,0,0,0,0,0
0,0,0,0,0,0,0,0,0,0,0,0,0,0,0,0,0,0,0,0,0,0,0,0,0,0,0,0,0,0,0,0,0,0,0,0,0,0,0,0,0,0,0,0,0,0,0,0,0,0,0,0,0,0,0,0,0,0,0,0,0,0,0,0,0,0,0,0,0,0,0,0,0,0,0,0,0,0,0,0,0,0,0,0,0,0,0,0,0,0,0,0,0,0,0,0,0,0,0,0
0,0,0,0,0,0,0,0,0,0,0,0,0,0,0,0,0,0,0,0,0,0,0,0,0,0,0,0,0,0,0,0,0,0,0,0,0,0,0,0,0,0,0,0,0,0,0,0,0,0,0,0,0,0,0,0,0,0,0,0,0,0,0,0,0,0,0,0,0,0,0,0,0,0,0,0,0,0,0,0,0,0,0,0,0,0,0,0,0,0,0,0,0,0,0,0,0,0,0,0
0,0,0,0,0,0,0,0,0,0,0,0,0,0,0,0,0,0,0,0,0,0,0,0,0,0,0,0,0,0,0,0,0,0,0,0,0,0,0,0,0,0,0,0,0,0,0,0,0,0,0,0,0,0,0,0,0,0,0,0,0,0,0,0,0,0,0,0,0,0,0,0,0,0,0,0,0,0,0,0,0,0,0,0,0,0,0,0,0,0,0,0,0,0,0,0,0,0,0,0
0,0,0,0,0,0,0,0,0,0,0,0,0,0,0,0,0,0,0,0,0,0,0,0,0,0,0,0,0,0,0,0,0,0,0,0,0,0,0,0,0,0,0,0,0,0,0,0,0,0,0,0,0,0,0,0,0,0,0,0,0,0,0,0,0,0,0,0,0,0,0,0,0,0,0,0,0,0,0,0,0,0,0,0,0,0,0,0,0,0,0,0,0,0,0,0,0,0,0,0
0,0,0,0,0,0,0,0,0,0,0,0,0,0,0,0,0,0,0,0,0,0,0,0,0,0,0,0,0,0,0,0,0,0,0,0,0,0,0,0,0,0,0,0,0,0,0,0,0,0,0,0,0,0,0,0,0,0,0,0,0,0,0,0,0,0,0,0,0,0,0,0,0,0,0,0,0,0,0,0,0,0,0,0,0,0,0,0,0,0,0,0,0,0,0,0,0,0,0,0
0,0,0,0,0,0,0,0,0,0,0,0,0,0,0,0,0,0,0,0,0,0,0,0,0,0,0,0,0,0,0,0,0,0,0,0,0,0,0,0,0,0,0,0,0,0,0,0,0,0,0,0,0,0,0,0,0,0,0,0,0,0,0,0,0,0,0,0,0,0,0,0,0,0,0,0,0,0,0,0,0,0,0,0,0,0,0,0,0,0,0,0,0,0,0,0,0,0,0,0
0,0,0,0,0,0,0,0,0,0,0,0,0,0,0,0,0,0,0,0,0,0,0,0,0,0,0,0,0,0,0,0,0,0,0,0,0,0,0,0,0,0,0,0,0,0,0,0,0,0,0,0,0,0,0,0,0,0,0,0,0,0,0,0,0,0,0,0,0,0,0,0,0,0,0,0,0,0,0,0,0,0,0,0,0,0,0,0,0,0,0,0,0,0,0,0,0,0,0,0
0,0,0,0,0,0,0,0,0,0,0,0,0,0,0,0,0,0,0,0,0,0,0,0,0,0,0,0,0,0,0,0,0,0,0,0,0,0,0,0,0,0,0,0,0,0,0,0,0,0,0,0,0,0,0,0,0,0,0,0,0,0,0,0,0,0,0,0,0,0,0,0,0,0,0,0,0,0,0,0,0,0,0,0,0,0,0,0,0,0,0,0,0,0,0,0,0,0,0,0
0,0,0,0,0,0,0,0,0,0,0,0,0,0,0,0,0,0,0,0,0,0,0,0,0,0,0,0,0,0,0,0,0,0,0,0,0,0,0,0,0,0,0,0,0,0,0,0,0,0,0,0,0,0,0,0,0,0,0,0,0,0,0,0,0,0,0,0,0,0,0,0,0,0,0,0,0,0,0,0,0,0,0,0,0,0,0,0,0,0,0,0,0,0,0,0,0,0,0,0
0,0,0,0,0,0,0,0,0,0,0,0,0,0,0,0,0,0,0,0,0,0,0,0,0,0,0,0,0,0,0,0,0,0,0,0,0,0,0,0,0,0,0,0,0,0,0,0,0,0,0,0,0,0,0,0,0,0,0,0,0,0,0,0,0,0,0,0,0,0,0,0,0,0,0,0,0,0,0,0,0,0,0,0,0,0,0,0,0,0,0,0,0,0,0,0,0,0,0,0
0,0,0,0,0,0,0,0,0,0,0,0,0,0,0,0,0,0,0,0,0,0,0,0,0,0,0,0,0,0,0,0,0,0,0,0,0,0,0,0,0,0,0,0,0,0,0,0,0,0,0,0,0,0,0,0,0,0,0,0,0,0,0,0,0,0,0,0,0,0,0,0,0,0,0,0,0,0,0,0,0,0,0,0,0,0,0,0,0,0,0,0,0,0,0,0,0,0,0,0
0,0,0,0,0,0,0,0,0,0,0,0,0,0,0,0,0,0,0,0,0,0,0,0,0,0,0,0,0,0,0,0,0,0,0,0,0,0,0,0,0,0,0,0,0,0,0,0,0,0,0,0,0,0,0,0,0,0,0,0,0,0,0,0,0,0,0,0,0,0,0,0,0,0,0,0,0,0,0,0,0,0,0,0,0,0,0,0,0,0,0,0,0,0,0,0,0,0,0,0
0,0,0,0,0,0,0,0,0,0,0,0,0,0,0,0,0,0,0,0,0,0,0,0,0,0,0,0,0,0,0,0,0,0,0,0,0,0,0,0,0,0,0,0,0,0,0,0,0,0,0,0,0,0,0,0,0,0,0,0,0,0,0,0,0,0,0,0,0,0,0,0,0,0,0,0,0,0,0,0,0,0,0,0,0,0,0,0,0,0,0,0,0,0,0,0,0,0,0,0
0,0,0,0,0,0,0,0,0,0,0,0,0,0,0,0,0,0,0,0,0,0,0,0,0,0,0,0,0,0,0,0,0,0,0,0,0,0,0,0,0,0,0,0,0,0,0,0,0,0,0,0,0,0,0,0,0,0,0,0,0,0,0,0,0,0,0,0,0,0,0,0,0,0,0,0,0,0,0,0,0,0,0,0,0,0,0,0,0,0,0,0,0,0,0,0,0,0,0,0
0,0,0,0,0,0,0,0,0,0,0,0,0,0,0,0,0,0,0,0,0,0,0,0,0,0,0,0,0,0,0,0,0,0,0,0,0,0,0,0,0,0,0,0,0,0,0,0,0,0,0,0,0,0,0,0,0,0,0,0,0,0,0,0,0,0,0,0,0,0,0,0,0,0,0,0,0,0,0,0,0,0,0,0,0,0,0,0,0,0,0,0,0,0,0,0,0,0,0,0
0,0,0,0,0,0,0,0,0,0,0,0,0,0,0,0,0,0,0,0,0,0,0,0,0,0,0,0,0,0,0,0,0,0,0,0,0,0,0,0,0,0,0,0,0,0,0,0,0,0,0,0,0,0,0,0,0,0,0,0,0,0,0,0,0,0,0,0,0,0,0,0,0,0,0,0,0,0,0,0,0,0,0,0,0,0,0,0,0,0,0,0,0,0,0,0,0,0,0,0
