0,0,0,0,0,0,0,0,0,0,0,0,0,0,0,0,0,0,0,0,0,0,0,0,0,0,0,0,0,0,0,0,0,0,0,0,0,0,0,0,0,0,0,0,0,0,0,0,0,0,0,0,0,0,0,0,0,0,0,0,0,0,0,0,0,0,0,0,0,0,0,0,0,0,0,0,0,0,0,0,0,0,0,0,0,0,0,0,0,0,0,0,0,0,0,0,0,0,0,0
0,0,0,0,0,0,0,0,0,0,0,0,0,0,0,0,0,0,0,0,0,0,0,0,0,0,0,0,0,0,0,0,0,0,0,0,0,0,0,0,0,0,0,0,0,0,0,0,0,0,0,0,0,0,0,0,0,0,0,0,0,0,0,0,0,0,0,0,0,0,0,0,0,0,0,0,0,0,0,0,0,0,0,0,0,0,0,0,0,0,0,0,0,0,0,0,0,0,0,0
0,0,0,0,0,0,0,0,0,0,0,0,0,0,0,0,0,0,0,0,0,0,0,0,0,0,0,0,0,0,0,0,0,0,0,0,0,0,0,0,0,0,0,0,0,0,0,0,0,0,0,0,0,0,0,0,0,0,0,0,0,0,0,0,0,0,0,0,0,0,0,0,0,0,0,0,0,0,0,0,0,0,0,0,0,0,0,0,0,0,0,0,0,0,0,0,0,0,0,0
0,0,0,0,0,0,0,0,0,0,0,0,0,0,0,0,0,0,0,0,0,0,0,0,0,0,0,0,0,0,0,0,0,0,0,0,0,0,0,0,0,0,0,0,0,0,0,0,0,0,0,0,0,0,0,0,0,0,0,0,0,0,0,0,0,0,0,0,0,0,0,0,0,0,0,0,0,0,0,0,0,0,0,0,0,0,0,0,0,0,0,0,0,0,0,0,0,0,0,0
0,0,0,0,0,0,0,0,0,0,0,0,0,0,0,0,0,0,0,0,0,0,0,0,0,0,0,0,0,0,0,0,0,0,0,0,0,0,0,0,0,0,0,0,0,0,0,0,0,0,0,0,0,0,0,0,0,0,0,0,0,0,0,0,0,0,0,0,0,0,0,0,0,0,0,0,0,0,0,0,0,0,0,0,0,0,0,0,0,0,0,0,0,0,0,0,0,0,0,0
0,0,0,0,0,0,0,0,0,0,0,0,0,0,0,0,0,0,0,0,0,0,0,0,0,0,0,0,0,0,0,0,0,0,0,0,0,0,0,0,0,0,0,0,0,0,0,0,0,0,0,0,0,0,0,0,0,0,0,0,0,0,0,0,0,0,0,0,0,0,0,0,0,0,0,0,0,0,0,0,0,0,0,0,0,0,0,0,0,0,0,0,0,0,0,0,0,0,0,0
0,0,0,0,0,0,0,0,0,0,0,0,0,0,0,0,0,0,0,0,0,0,0,0,0,0,0,0,0,0,0,0,0,0,0,0,0,0,0,0,0,0,0,0,0,0,0,0,0,0,0,0,0,0,0,0,0,0,0,0,0,0,0,0,0,0,0,0,0,0,0,0,0,0,0,0,0,0,0,0,0,0,0,0,0,0,0,0,0,0,0,0,0,0,0,0,0,0,0,0
0,0,0,0,0,0,0,0,0,0,0,0,0,0,0,0,0,0,0,0,0,0,0,0,0,0,0,0,0,0,0,0,0,0,0,0,0,0,0,0,0,0,0,0,0,0,0,0,0,0,0,0,0,0,0,0,0,0,0,0,0,0,0,0,0,0,0,0,0,0,0,0,0,0,0,0,0,0,0,0,0,0,0,0,0,0,0,0,0,0,0,0,0,0,0,0,0,0,0,0
0,0,0,0,0,0,0,0,0,0,0,0,0,0,0,0,0,0,0,0,0,0,0,0,0,0,0,0,0,0,0,0,0,0,0,0,0,0,0,0,0,0,0,0,0,0,0,0,0,0,0,0,0,0,0,0,0,0,0,0,0,0,0,0,0,0,0,0,0,0,0,0,0,0,0,0,0,0,0,0,0,0,0,0,0,0,0,0,0,0,0,0,0,0,0,0,0,0,0,0
0,0,0,0,0,0,0,0,0,0,0,0,0,0,0,0,0,0,0,0,0,0,0,0,0,0,0,0,0,0,0,0,0,0,0,0,0,0,0,0,0,0,0,0,0,0,0,0,0,0,0,0,0,0,0,0,0,0,0,0,0,0,0,0,0,0,0,0,0,0,0,0,0,0,0,0,0,0,0,0,0,0,0,0,0,0,0,0,0,0,0,0,0,0,0,0,0,0,0,0
0,0,0,0,0,0,0,0,0,0,0,0,0,0,0,0,0,0,0,0,0,0,0,0,0,0,0,0,0,0,0,0,0,0,0,0,0,0,0,0,0,0,0,0,0,0,0,0,0,0,0,0,0,0,0,0,0,0,0,0,0,0,0,0,0,0,0,0,0,0,0,0,0,0,0,0,0,0,0,0,0,0,0,0,0,0,0,0,0,0,0,0,0,0,0,0,0,0,0,0
0,0,0,0,0,0,0,0,0,0,0,0,0,0,0,0,0,0,0,0,0,0,0,0,0,0,0,0,0,0,0,0,0,0,0,0,0,0,0,0,0,0,0,0,0,0,0,0,0,0,0,0,0,0,0,0,0,0,0,0,0,0,0,0,0,0,0,0,0,0,0,0,0,0,0,0,0,0,0,0,0,0,0,0,0,0,0,0,0,0,0,0,0,0,0,0,0,0,0,0
0,0,0,0,0,0,0,0,0,0,0,0,0,0,0,0,0,0,0,0,0,0,0,0,0,9.83821653268421e-05,8.25176448247909e-05,0,6.45067558873827e-05,0.000205802873608825,0,0,0,0,5.22758489788594e-07,2.43080226827337e-06,0,0,0,0,0,0,0,0,0,0,0,0,0,0,0,0,0,0,0,0,0,0,0,0,0,0,0,0,0,0,0,0,0,0,0,0,0,0,0,0,0,0,0,0,0,0,0,0,0,0,0,0,0,0,0,0,0,0,0,0,0,0,0,0
0,0,0,0,0,0,0,0,0,0,0,0,0,0,0,0,0,0,0,0,0,0,0,0,0,0.000173542291764563,0.000145557898083804,0,5.48133660180187e-05,0.000174877004485774,0,0,0,0,8.79735570780705e-05,0.000409072882163868,0,0,0,0,0,0,0,0,0,0,0,0,0,0,0,0,0,0,0,0,0,0,0,0,0,0,0,0,0,0,0,0,0,0,0,0,0,0,0,0,0,0,0,0,0,0,0,0,0,0,0,0,0,0,0,0,0,0,0,0,0,0,0,0
0,0,0,0,0,0,0,0,0,0,0,0,0,0,0,0,0,0,0,0,0,0,0,4.15917270603815e-05,0.000113002766838977,8.01486831517113e-06,0.000333529610481292,0.000472338983661341,0,1.08455262736821e-05,0.000147372362938085,6.21038944847902e-05,0.000394352188439655,0.000143555012738615,3.37075589212277e-05,0,1.01417213067176e-05,0.000232639231301311,3.83025167667826e-05,0,0,0,0,0,0,0,0,0,0,0,0,0,0,0,0,0,0,0,0,0,0,0,0,0,0,0,0,0,0,0,0,0,0,0,0,0,0,0,0,0,0,0,0,0,0,0,0,0,0,0,0,0,0,0,0,0,0,0,0,0
0,0,0,0,0,0,0,0,0,0,0,0,0,0,0,0,0,0,0,0,0,0,0,0.000204977704024424,0.000667840612774476,0.00044579641959849,0.00115635929161726,0.000236830140828606,0.000383338193234452,0.000371968935746381,0.00107453787635265,0.000454038835825113,0.0012183250063896,0.00193403241282144,0.000587443401976462,0.000545657499225094,0.000134828324452338,0.00086248713477632,0.000363673816388095,0.000122454407514681,0,0,0,0,0,0,0,0,0,0,0,0,0,0,0,0,0,0,0,0,0,0,0,0,0,0,0,0,0,0,0,0,0,0,0,0,0,0,0,0,0,0,0,0,0,0,0,0,0,0,0,0,0,0,0,0,0,0,0,0
0,0,0,0,0,0,0,0,0,0,0,0,0,0,0,0,0,0,0,0,0,0,0.000262436237713511,0.000914296711204707,0.00168189584952861,0.00131259992654163,0.00160014546022838,0.00182799419892925,0.00176130939966948,0.00128315757949474,0.00112667851297923,0.00179598255263513,0.00267295960028832,0.00239602031867689,0.00125180565654903,0.00256877233969389,0.000975260232491532,0.00123724516701203,0.000798073314028198,0.000583512498483906,0.000304959711384336,0,0,0,0,0,0,0,0,0,0,0,0,0,0,0,0,0,0,0,0,0,0,0,0,0,0,0,0,0,0,0,0,0,0,0,0,0,0,0,0,0,0,0,0,0,0,0,0,0,0,0,0,0,0,0,0,0,0,0
0,0,0,0,0,0,0,0,0,0,0,0,0,0,0,0,0,0,0,7.35291348728538e-05,0.000154732942916483,0.000467698130540899,0.000829005608709739,0.00110248408403326,0.00185961859152569,0.00270399716988598,0.00222671256583092,0.00307289920837612,0.00365184687227413,0.0042169173138809,0.00253266163314154,0.00316609145107689,0.0042493089535599,0.00310156639207854,0.00167603115215239,0.00295338981895491,0.00195252040330096,0.0026743176688188,0.000683496775899311,0.00108575320694488,0.00125659149590566,0.000186223861122335,0.000256220501251524,0.000211786739668441,0,0,0,0,0,0,0,0,0,0,0,0,0,0,0,0,0,0,0,0,0,0,0,0,0,0,0,0,0,0,0,0,0,0,0,0,0,0,0,0,0,0,0,0,0,0,0,0,0,0,0,0,0,0,0,0
0,0,0,0,0,0,0,0,0,0,0,0,0,0,0,0,0,0,0,8.75338318384059e-05,0.000473419781126047,0.000552293793457079,0.00249295540238743,0.00280138743865947,0.00263083232471906,0.00329577900243667,0.0040044189675635,0.00282406675569981,0.00333939283591856,0.00404730775979441,0.00489116051379737,0.00370087463108977,0.0036889354410953,0.00315546929997843,0.00179857808105711,0.00274851417214447,0.00341186191995062,0.00268631923506176,0.00145187523695189,0.00205763146793502,0.00170364636898854,0.000723167040305429,0.000289343394952751,0.000934223093765915,0.000205421312910237,0,0,0,0,0,0,0,0,0,0,0,0,0,0,0,0,0,0,0,0,0,0,0,0,0,0,0,0,0,0,0,0,0,0,0,0,0,0,0,0,0,0,0,0,0,0,0,0,0,0,0,0,0,0,0
0,0,0,0,0,0,0,0,0,0,0,0,0,0,0,0,0,0,0,0.000457042877546816,0.000311633010147796,0.000964206526380066,0.00344933138759775,0.00525209725863825,0.00276845731888076,0.00500800259560898,0.00429836427346028,0.00369518488787068,0.00357755092357517,0.00326060423274937,0.00395313493022027,0.00329797825217282,0.00228915110130212,0.0034442299517649,0.00209177453687489,0.00199065184977316,0.00116695889821018,0.00112976239550649,0.00213734167051409,0.00191701968636781,0.000504223400218947,0.00126668567458513,0.00024655939258431,0.000629852322095717,0.000234763551922032,0.000154949666697153,0,0,0,0,0,0,0,0,0,0,0,0,0,0,0,0,0,0,0,0,0,0,0,0,0,0,0,0,0,0,0,0,0,0,0,0,0,0,0,0,0,0,0,0,0,0,0,0,0,0,0,0,0,0
0,0,0,0,0,0,0,0,0,0,0,0,0,0,0,0,0,0,0.000179048150579307,0.000931670429551656,0.00140991936655915,0.00340314886734569,0.00418082360499591,0.00489679492564154,0.00395881561615719,0.00466011526259612,0.00543777478176554,0.00439907721583329,0.00355965813493416,0.00333651844430576,0.00286508000294642,0.00177507076459698,0.00104465067216562,0.0017801473695079,0.0013323773140301,0.00126198191207369,0.00150629557062734,0.00105919843548494,0.00155890887538017,0.0010868077785465,0.00103823259488337,0.00188004929927602,0.0012461065724017,0.000382063860392635,0.000306837046941562,0.000695997437449407,0,0,0,0,0,0,0,0,0,0,0,0,0,0,0,0,0,0,0,0,0,0,0,0,0,0,0,0,0,0,0,0,0,0,0,0,0,0,0,0,0,0,0,0,0,0,0,0,0,0,0,0,0,0
0,0,0,0,0,0,0,0,0,0,0,0,0,0,0,0,0,0,0.000432176179455601,0.00120444855645271,0.00219988696688792,0.00594906892968327,0.00515113173394952,0.00539153611937111,0.00429091372126684,0.00597671732287563,0.00334049401400067,0.00385695041872128,0.00300535699249,0.00277971070025201,0.00105829565553989,0.00166265474202025,0.000699203137974453,0.000695675280194913,0.00207270491414395,0.00193760791201177,0.00259305930390216,0.000785328764808607,0.00125492416918953,0.00194279613762357,0.00141770090430295,0.00097875325299031,0.00156556740026569,0.000734366243771387,0.000975041295480742,0.000466896362811558,0.000299424178670461,0,0,0,0,0,0,0,0,0,0,0,0,0,0,0,0,0,0,0,0,0,0,0,0,0,0,0,0,0,0,0,0,0,0,0,0,0,0,0,0,0,0,0,0,0,0,0,0,0,0,0,0,0
0,0,0,0,0,0,0,0,0,0,0,0,0,0,0,0,0,0,0.000563053224978828,0.00142342657619425,0.00352039698565162,0.00499554134615517,0.00391203898473724,0.00427257322220193,0.00310930995349248,0.00678091186587439,0.0047965733607998,0.00462747885173327,0.00202526761450433,0.00126790447084758,0.00213112612117844,0.00156650550956029,0.000829714993961743,0.00160962358945876,0.00194902104369462,0.000608876317124266,0.000882725700978709,0.00105940934574278,0.000883689656382876,0.000939423747761952,0.00115685121904208,0.000732716448015937,0.000737600655953066,0.000892823054634472,0.000599539294159956,0.000864966750439011,0.000173335870483708,0,0,0,0,0,0,0,0,0,0,0,0,0,0,0,0,0,0,0,0,0,0,0,0,0,0,0,0,0,0,0,0,0,0,0,0,0,0,0,0,0,0,0,0,0,0,0,0,0,0,0,0,0
0,0,0,0,0,0,0,0,0,0,0,0,0,0,0,0,0,4.34925498697196e-06,0.00153357845160629,0.00278578044278711,0.00211805491442476,0.00347331249246787,0.00357339922100806,0.00653411725662854,0.00360088213867706,0.00427484264434897,0.00480425257277918,0.00286732125859137,0.00149331905546126,0.0014769698818149,0.00123133152493242,0.000704727246513556,0.00107676195683854,0.0022420609380458,0.0010770529603511,0.000354541639190555,0.000382573866555492,0.000694854822508988,0.000695583730430871,0.000474435604516547,0.000565051313576042,0.000786447237224071,0.000376024842064945,0.00134222251015447,0.000902284024661231,0.000887440810690202,7.22781293913662e-05,0,0,0,0,0,0,0,0,0,0,0,0,0,0,0,0,0,0,0,0,0,0,0,0,0,0,0,0,0,0,0,0,0,0,0,0,0,0,0,0,0,0,0,0,0,0,0,0,0,0,0,0,0
0,0,0,0,0,0,0,0,0,0,0,0,0,0,0,0,0,0.000342984492646707,0.000633202101815695,0.00267953910216429,0.00364660058784116,0.00459706699068822,0.00473403425187899,0.00694994413272517,0.00649218096602727,0.00325072468453047,0.00359282180565603,0.00221409105691208,0.00239432868406051,0.0014017112678651,0.000664748405831507,0.000310806142683965,0.000669948360289422,0.000640112693636497,0.00115592291761949,0.000667778934678335,0.00087479530981022,6.23439089504997e-05,0.000193575802626043,8.89591465539087e-05,0.000433791363868391,0.00106730438668184,0.000953589148038597,0.000326947762844971,0.000680018201986291,0.000900851511738728,0.000375188203388975,0.000253800048822868,0.000160427080061678,0,0,0,0,0,0,0,0,0,0,0,0,0,0,0,0,0,0,0,0,0,0,0,0,0,0,0,0,0,0,0,0,0,0,0,0,0,0,0,0,0,0,0,0,0,0,0,0,0,0,0
0,0,0,0,0,0,0,0,0,0,0,0,0,0,0,0,0,0.000251538339481305,0.00042382029275233,0.00186031894809252,0.00432857398923241,0.00462015623474994,0.0049679212461868,0.00472266523627108,0.00398601938567505,0.00219256456578135,0.00147925071709404,0.000953400294855809,0.00154873706594912,0.0014501189031473,0.000372628130141362,0.000525092858734926,0.00021290689451518,3.14137346825198e-05,0.000581853917013481,0.00131510677091948,0.00127445408098079,0.000374721218570593,7.50274822625769e-05,0.00106651750427437,0.000445088981034622,0.000633151695545126,0.000852923959450995,0.000592634411729556,0.000829132000381697,0.00142323022313056,0.00126315982037365,0.000436762381019062,0.00023279912238759,0,0,0,0,0,0,0,0,0,0,0,0,0,0,0,0,0,0,0,0,0,0,0,0,0,0,0,0,0,0,0,0,0,0,0,0,0,0,0,0,0,0,0,0,0,0,0,0,0,0,0
0,0,0,0,0,0,0,0,0,0,0,0,0,0,0,0,0,0,0.000753052697163182,0.00226717334048712,0.00259093279201254,0.00421935769775266,0.00615699306168645,0.00239214790678269,0.00295916748131473,0.002991353561027,0.00187967436128508,0.000904009289511812,0.00159743322698292,0.00186321231123192,0.000499379059267592,0.000394170814485854,0.00115685750928343,0.000652916338595313,0.000227636918049721,0.00110136914535438,0.000757086405729613,0.00113244615684054,0.000524142046146797,0.000627690240911776,0.000353726696121234,0.000139866971999078,0.00041886924929905,0.000782204433715598,0.00117676440583127,0.000711434818793183,0.000858726364225883,0.000693920116625132,0.000314099502039368,0.000214834443985509,9.43698501132966e-05,0,0,0,0,0,0,0,0,0,0,0,0,0,0,0,0,0,0,0,0,0,0,0,0,0,0,0,0,0,0,0,0,0,0,0,0,0,0,0,0,0,0,0,0,0,0,0,0,0
0,0,0,0,0,0,0,0,0,0,0,0,0,0,0,0,0.000338594637375553,4.53504026287711e-05,0.000730345263844954,0.00199463005835965,0.00298884737103572,0.0030884696620124,0.00348387355529491,0.00336929299717664,0.0018556710217733,0.00185178765032282,0.000552352292711256,0.000971949409088747,0.000787145165133034,0.000812386680316415,0.000277683059188756,7.71353998306121e-05,0.00122980389441675,0.00149010898719264,0.00061598623094355,0.00101671104396647,0.000286765337059487,0.000628653216640012,0.000452637324267818,0.000463819450922726,0.0002655964863691,0.00032014534734681,0.000871363836477952,0.000984382616877514,0.000265548120630585,0.000465613118328183,0.000627472726667672,0.00067065924227693,0.000528929949043811,0.000133599332637916,6.03491200121391e-05,0,0,0,0,0,0,0,0,0,0,0,0,0,0,0,0,0,0,0,0,0,0,0,0,0,0,0,0,0,0,0,0,0,0,0,0,0,0,0,0,0,0,0,0,0,0,0,0,0
0,0,0,0,0,0,0,0,0,0,0,0,0,0,0,0,0.000102346906460695,5.77825297371834e-05,0.000294397060960997,0.00169901423326493,0.00230841740548938,0.0032574406707336,0.00324989138143178,0.00320636930216456,0.00191088722151348,0.00189050401229752,0.00157854990719555,0.000977702289212855,0.000439037094095021,0.000678915122797005,0.000184539565255773,5.83742929546611e-05,0.000692536765340783,0.00111111126877721,0.000362345287252762,0.00135899916480585,0.000367508346968113,0.000382545620626423,0.000393724666306019,0.00115896427572136,0.000546094308864594,0.000476010433248239,0.000767873342577287,0.00111576968825852,0.000701058455768941,0.000840516834856292,0.000529043740709421,0.000582451445326981,0.000155302966885613,0.00016309306102548,0.000411216940376316,1.8517948356561e-05,0,0,0,0,0,0,0,0,0,0,0,0,0,0,0,0,0,0,0,0,0,0,0,0,0,0,0,0,0,0,0,0,0,0,0,0,0,0,0,0,0,0,0,0,0,0,0,0
0,0,0,0,0,0,0,0,0,0,0,0,0,0,0,0,0.000211686417352538,0.000392285364287022,0.000527291240083544,0.00218528506615009,0.00334345355754295,0.00387334109731452,0.00412564427536496,0.0021946435747509,0.00137861384335464,0.00136274996574574,0.00224273553916709,0.00123013214470443,0.000610538308272151,0.000683524299573129,0.000950584924706515,6.58465895392413e-06,0.000124289489888136,0.000269116720160034,0.000169365316555806,0.00115169182994382,0.000541660874395954,0.000325480893309342,0.000384864196554215,0.000794793325618807,0.000806854626473912,0.000639273867857964,0.0004365730598961,0.00134888777228658,0.000898443908489087,0.000418762039243738,0.00098611736249605,0.00148612446557476,0.000394672870495268,0.000131826485302188,0.000326070206753622,7.79490967391605e-05,0,0,0,0,0,0,0,0,0,0,0,0,0,0,0,0,0,0,0,0,0,0,0,0,0,0,0,0,0,0,0,0,0,0,0,0,0,0,0,0,0,0,0,0,0,0,0,0
0,0,0,0,0,0,0,0,0,0,0,0,0,0,0,0,0.000471408248709954,0.000361246839186489,0.000731318943729405,0.00238246949505309,0.00209643900314747,0.00216608196563226,0.00218525522977636,0.00151608487900055,0.000919855754919441,0.000970385955515705,0.000715024181681835,0.0010412810189269,0.000822611923824626,0.000159348315954397,0.000567441482474326,7.93565911512626e-06,0.000217384510669787,0.000408530156293871,0.000456433799878557,0.000607946270116721,0.000403089640844555,0.000611577467397889,0.00119266686607716,2.05035049146346e-05,0.000683495077207156,0.00061963520254454,0.000930000028889686,0.000670517356481632,0.000514615216260561,0.000258318859676222,0.000350461423097963,0.000446635034143788,0.000875167279450557,0.000431451908637565,0,0,0,0,0,0,0,0,0,0,0,0,0,0,0,0,0,0,0,0,0,0,0,0,0,0,0,0,0,0,0,0,0,0,0,0,0,0,0,0,0,0,0,0,0,0,0,0,0,0
0,0,0,0,0,0,0,0,0,0,0,0,0,0,0,0,0.000126583348331187,7.15890297770937e-05,0.0008864166457694,0.00155337649025678,0.00126899458069729,0.00187579557588704,0.00181439363960406,0.00147104083827737,0.000694555561564478,0.00132103932161643,0.0010716553547552,0.000829426558031842,0.000834669890560929,0.000511445826550699,0.000979202028312387,0.0001165994384385,0.000440028490482422,0.000661483202041132,0.000354325261270001,0.000584483710142186,0.000377388266229933,0.000878445345417815,0.000570090890620257,0.000227206348462335,0.000534636363224867,0.000143797969511727,0.000747771802506823,0.000401604432924465,0.000717316534536263,0.000189462285508798,0.000206789753386203,0.000756116822916182,0.000129844172413084,0.000117023073647477,0.000274130407438812,0,0,0,0,0,0,0,0,0,0,0,0,0,0,0,0,0,0,0,0,0,0,0,0,0,0,0,0,0,0,0,0,0,0,0,0,0,0,0,0,0,0,0,0,0,0,0,0,0
0,0,0,0,0,0,0,0,0,0,0,0,0,0,0,0,0,7.71337453516968e-06,0.000818179283534865,0.00118410250817743,0.00149994464855094,0.0022292949016908,0.00205960161362515,0.0023399031051637,0.00165752098839977,0.000936217779570936,0.000640659991463918,0.000375466164699321,0.000465127292780498,0.00061963433058806,0.00134671771139835,0.000695563955073605,0.00107041929814989,0.00136380592964729,0.000813476798395209,0.000629849243988695,0.000770318094372195,0.000214738068980814,0.000928325159290247,0.000601996969398702,0.000593399779816254,0.000135862332446261,0.00035606135687878,0.000495044174156417,0.000232613374020799,0.000137564148946226,0.00036639731083109,0.000325554807244169,0.000528117302370698,0.000123508907802239,0.000113079899882007,0,0,0,0,0,0,0,0,0,0,0,0,0,0,0,0,0,0,0,0,0,0,0,0,0,0,0,0,0,0,0,0,0,0,0,0,0,0,0,0,0,0,0,0,0,0,0,0,0
0,0,0,0,0,0,0,0,0,0,0,0,0,0,0,0,0,0.00019524860320276,0.000268808478559736,0.000548550462043384,0.00144490304983578,0.00163534341339812,0.00299761478618942,0.00167169428409445,0.00109547354161392,0.000452930932977287,0.000688996440193466,0.000291086172914172,0.000643568031162068,0.00025186573288457,0.000312388891610576,0.000443055366599476,0.00101129068712557,0.000526804263592989,0.00128603566793528,0.000856065768242174,0.000485055089317617,9.90416104736152e-05,0.000451457311673898,0.000198792106384099,0.000261874727372705,0.000639481834334233,0.001217022883002,0.000683924914383713,0.00020455697942898,0.000391891407584834,0.000353949365800687,0.000369277068790265,0.00015279232742091,0.000752621859176078,0.000139987879058508,0,0,0,0,0,0,0,0,0,0,0,0,0,0,0,0,0,0,0,0,0,0,0,0,0,0,0,0,0,0,0,0,0,0,0,0,0,0,0,0,0,0,0,0,0,0,0,0,0
0,0,0,0,0,0,0,0,0,0,0,0,0,0,0,0,0,0.000125423823353628,0.000743589871091458,0.000608751177275236,0.00181466408450102,0.00151627500447325,0.00145920229677001,0.00153747003908838,0.00149412129662315,0.000413430267808445,0.00020869244537845,9.13429008511792e-06,0.0004659495431781,0.000171967218362029,0.00014182920802017,0.000211746151875688,4.41021476919148e-05,0.000137458426660141,0.000685487638758148,3.87172462675078e-05,0.000302690941871323,0.000554784786447704,9.81833377236704e-05,0.000287736065036258,0.00032097680630599,0.000785228282846659,0.000288090721017754,0.000399203444086589,0.000206671815859944,5.54804250066649e-05,0.000309284288654336,7.30329191975784e-05,3.23990187775337e-05,0.000131650305865716,0.000367625707588174,0,0,0,0,0,0,0,0,0,0,0,0,0,0,0,0,0,0,0,0,0,0,0,0,0,0,0,0,0,0,0,0,0,0,0,0,0,0,0,0,0,0,0,0,0,0,0,0,0
0,0,0,0,0,0,0,0,0,0,0,0,0,0,0,0,0,0.000229926098073123,0.000750610565093167,0.000840998397855514,0.00063895817371493,0.00121751728623256,0.00179823283979209,0.0012367379229632,0.00209782438970968,0.000873315763765498,0.0003424929530267,6.43219309192464e-05,0.000205319078770941,0.000119030672051459,0.000333608223536417,0.000598813355198077,0.000523807462978606,0.000794026791986072,0.000593525656459497,6.3122211634597e-05,0.000346149796778844,0.000571455502538682,0.000728203848004196,0.000511280871436847,0.000742735673752579,0.000840408346095121,0.000581506165744616,0.000434113605060382,0.00089229918449983,0.000877621312979817,3.46277840077237e-05,0,0.000230920116950796,0.000317221643648246,0.000153337276856719,0,0,0,0,0,0,0,0,0,0,0,0,0,0,0,0,0,0,0,0,0,0,0,0,0,0,0,0,0,0,0,0,0,0,0,0,0,0,0,0,0,0,0,0,0,0,0,0,0
0,0,0,0,0,0,0,0,0,0,0,0,0,0,0,0,0,0,0,9.62845916806126e-05,0.00103937830730395,0.00163395610198564,0.00305854308507968,0.00205590696686993,0.0019471403506945,0.000998874634271878,0.000663507912034833,0.00045129766224292,0.000699395059806477,0.00058666322750506,2.65085978594581e-05,0.000322481770292418,0.000719363248114491,0.000596442404427785,0.000758188600255796,7.53970205827373e-05,0.000567197292166266,0.000846493868948389,0.000256082033843945,0.000119979080313031,0.000546818573651265,0.000544910590741216,0.000224640954481083,0.000288487639645418,0.000761284108156624,0.000787397638518511,2.79101615522043e-05,0,0.000582136736028087,0.00042916311302962,0.000304075419357192,1.53876957883562e-05,0,0,0,0,0,0,0,0,0,0,0,0,0,0,0,0,0,0,0,0,0,0,0,0,0,0,0,0,0,0,0,0,0,0,0,0,0,0,0,0,0,0,0,0,0,0,0,0
0,0,0,0,0,0,0,0,0,0,0,0,0,0,0,0,0,0,0,0.000600606079665205,0.00077092831061351,0.000876976409279359,0.00263428554506893,0.00193362633527323,0.00346655923469794,0.00185885119754032,0.00170966724635062,0.000738335827383679,0.000521648519860926,0.000211377162612854,0.000426505328198344,0.000806759876938118,0.000495134197749803,0.000145946195020616,0.000797195898706148,0.00116930284921212,0.00115920918223883,0.00107887512974423,0.000572990739563363,0.000411470025142412,0.000290346897521962,0.000613090675353068,0.000690855708635615,0.000318016396779043,0.000316619651361337,2.58377808485544e-06,0.000183451742147598,0.000579128339442855,0.000113888097482297,0.000486075360607806,0.000963315067831845,0.000102648002541308,0,0,0,0,0,0,0,0,0,0,0,0,0,0,0,0,0,0,0,0,0,0,0,0,0,0,0,0,0,0,0,0,0,0,0,0,0,0,0,0,0,0,0,0,0,0,0,0
0,0,0,0,0,0,0,0,0,0,0,0,0,0,0,0,0,0,0.000242897173049668,0.000711291144170473,0.000327352292407337,0.000840337391580449,0.000802604321280952,0.00126282169415248,0.00156930842525449,0.00191008228347963,0.00131802849668686,0.000574430248835265,0.00058439165367699,8.6832947180331e-05,2.49425948228046e-05,0.0008388940943739,0.00154503094837733,0.000584768575639272,0.000568844397394661,0.00155283188758471,0.000683230215976188,0.00031597500740419,0.000460369075843275,0.000746052729906684,0.000359449638256765,0.000364625512156145,0.000591810944515712,5.03138629497357e-05,0.000878171307951246,0.000441491604056114,0.000451439754305197,0.000230027964386627,0.000507228979151921,0.000604840401884084,0.000460608182854849,2.92698540038113e-06,0,0,0,0,0,0,0,0,0,0,0,0,0,0,0,0,0,0,0,0,0,0,0,0,0,0,0,0,0,0,0,0,0,0,0,0,0,0,0,0,0,0,0,0,0,0,0,0
0,0,0,0,0,0,0,0,0,0,0,0,0,0,0,0,0,0,0.000281954533870184,0.000415972023702746,0.000465549980522975,0.00058893953589664,0.000292186461875896,0.000604286844054891,0.000956245580028815,0.0015627062499617,0.000681379128977459,0.000877798207887092,0.000324984367777972,0.000497922671726557,4.36547655328635e-05,0.00058254039145752,0.000498925762397661,0.000207591424151043,0.000132458149205137,0.000719925790982164,0.000393971302820627,0.000251703170872548,0.000287655127337006,0.000431735462678048,0.00020452129242067,0.000140959706046846,0.000889084817401131,0.000132204451000187,0.000415988206843904,5.54074604527126e-05,0.000351931831646926,0.000140993237251276,6.08541549983968e-05,0.000258118972942576,4.23474037837675e-05,0,0,0,0,0,0,0,0,0,0,0,0,0,0,0,0,0,0,0,0,0,0,0,0,0,0,0,0,0,0,0,0,0,0,0,0,0,0,0,0,0,0,0,0,0,0,0,0,0
0,0,0,0,0,0,0,0,0,0,0,0,0,0,0,0,0,0,5.8737736260939e-05,5.22402229618263e-05,0,0,0.00133279715066613,0.00127638220464604,0.000943122109019745,0.00121340074023473,0.00123921489745724,0.00145949863324662,0.000315541431987177,0.000575914729693716,0.00056387416704031,0.000503298043526694,0.000681447016877888,0.00123968435513019,0.000541985492591182,0.000915542375902036,0.000335969917028703,0,1.83691711212446e-05,0.000264133136064427,0.000578061845152294,0.000223813603885188,1.76896002124555e-05,0.000731012503394884,0.000464556818022214,0.000282697799063822,5.36671357375235e-05,0.000453487746966022,4.34541457162382e-06,0.000250433116795857,0.000115002098773673,0,0,0,0,0,0,0,0,0,0,0,0,0,0,0,0,0,0,0,0,0,0,0,0,0,0,0,0,0,0,0,0,0,0,0,0,0,0,0,0,0,0,0,0,0,0,0,0,0
0,0,0,0,0,0,0,0,0,0,0,0,0,0,0,0,0,0,0,0,0,0.000271182499761779,0.000555553082979702,0.000348099967750152,0.000302275744659229,0.000145535617422107,0.00129118394304805,0.000715765657140751,0.000313684614614135,0.000731658897550639,0.000799670259306562,0.000367647605522788,0.00057326443079495,0.000534566489306623,0.000583270364157124,0.0001412265195974,0.00012929918528779,0.000225075109453678,6.79101403945774e-05,0.000168492537759477,0.000412585189485177,0.000525435621183213,0.000574734785523738,0.000183551643233619,0.000111198967279139,0.000208690765903775,0.000299073710704279,4.66180117454354e-05,0,0,0,0,0,0,0,0,0,0,0,0,0,0,0,0,0,0,0,0,0,0,0,0,0,0,0,0,0,0,0,0,0,0,0,0,0,0,0,0,0,0,0,0,0,0,0,0,0,0,0,0
0,0,0,0,0,0,0,0,0,0,0,0,0,0,0,0,0,0,0,0,0,0.000299070046412708,0.000444643215074055,0.000625264055349871,0,0.000285834820111987,0.000646110071161024,0.000408280166071819,0.000287040814873727,0.000486115369290601,0.00074537546124956,0.000508447141601812,0.000441010717704626,0.000317980713885391,0.0006841777467942,0.000342944298632225,0.000294428809682771,0.000196533294232839,0.000100734849216937,0.000395219869874486,0.000596915576307558,0.000264748987940007,0.000240235624213884,0,0,0,0.00013643541418003,2.15301055215082e-05,0,0,0,0,0,0,0,0,0,0,0,0,0,0,0,0,0,0,0,0,0,0,0,0,0,0,0,0,0,0,0,0,0,0,0,0,0,0,0,0,0,0,0,0,0,0,0,0,0,0,0,0
0,0,0,0,0,0,0,0,0,0,0,0,0,0,0,0,0,0,0,0,0,0,0,0,0.000259787085736418,0.00052690006098887,0.000775372317315546,0.000677596393736536,0.000589028695700792,0.00139263879010394,0.00126188392419596,0.000921874962224835,0.000553799814502405,0.000618700798812273,0.000417440468961754,0.000198288727598162,0.000370781211324037,0.000442437541203578,0.000107605944185441,0.000547858341228982,0.000298305251118075,0.000382531922637676,0.000506899861397182,0,0,0,0,0,0,0,0,0,0,0,0,0,0,0,0,0,0,0,0,0,0,0,0,0,0,0,0,0,0,0,0,0,0,0,0,0,0,0,0,0,0,0,0,0,0,0,0,0,0,0,0,0,0,0,0,0
0,0,0,0,0,0,0,0,0,0,0,0,0,0,0,0,0,0,0,0,0,0,0,0,0.000315122795124147,0.000299380211482872,2.51541058174476e-05,0.000450273674560657,0.000970203373300629,0.000986773769805434,0.00158436943531101,0.000739412628530051,0.000357040743534335,0.000219701466218475,0.00102243340228179,0.000722892092841046,7.7948493747788e-05,0.000416440825715074,0.00101670440767335,0.0002127600941285,0.00046332254603409,0.000762890858797202,0.000168074479993233,9.12759850473993e-05,5.41684457651396e-05,0,0,0,0,0,0,0,0,0,0,0,0,0,0,0,0,0,0,0,0,0,0,0,0,0,0,0,0,0,0,0,0,0,0,0,0,0,0,0,0,0,0,0,0,0,0,0,0,0,0,0,0,0,0,0
0,0,0,0,0,0,0,0,0,0,0,0,0,0,0,0,0,0,0,0,0,0,0,0,0,0.000305774903691368,0.000507128775276716,0.000404286749627088,0.000624245073063517,0.000513630201650023,0.000752668109967637,0.000527530976099355,0,0.000312660184083663,0.000239503037230122,9.76029154736837e-06,0.000227284050709513,0.000967653220920095,0.000950496285386214,0.000447296985200387,0.000552171870999406,0.00047467874793115,0,0.000334570176372175,0.000336202813726149,0,0,0,0,0,0,0,0,0,0,0,0,0,0,0,0,0,0,0,0,0,0,0,0,0,0,0,0,0,0,0,0,0,0,0,0,0,0,0,0,0,0,0,0,0,0,0,0,0,0,0,0,0,0,0
0,0,0,0,0,0,0,0,0,0,0,0,0,0,0,0,0,0,0,0,0,0,0,0,0,2.78306310771421e-05,0.00043887790972682,0.000313534403427181,0.000246976874325609,0,0.000206191590645747,0.000201755765609595,0.0002748713035035,0.000935957720706794,0.000486990782970083,0.000457766783621813,3.40707745105137e-05,0.000620404519655089,0.000560898643523971,0.000405813610891575,0.000681260329484203,4.65523973630373e-05,0,6.51300404896099e-05,0.000118652538599527,0,0,0,0,0,0,0,0,0,0,0,0,0,0,0,0,0,0,0,0,0,0,0,0,0,0,0,0,0,0,0,0,0,0,0,0,0,0,0,0,0,0,0,0,0,0,0,0,0,0,0,0,0,0,0
0,0,0,0,0,0,0,0,0,0,0,0,0,0,0,0,0,0,0,0,0,0,0,0,0,0,0,0,5.85663871672709e-06,0.000102357197677146,0.000345001992180041,0.000587854514612447,0.000389089276883553,0.000317650044393789,0.000128132520527784,0.000183181031649332,0.000100149208731216,4.8258133900712e-06,0.000223483542947939,0.000513308716291706,0.000463571864303925,0.000303160337515518,7.45963569992241e-05,0.000134966016804874,0.000209498973438091,0,0,0,0,0,0,0,0,0,0,0,0,0,0,0,0,0,0,0,0,0,0,0,0,0,0,0,0,0,0,0,0,0,0,0,0,0,0,0,0,0,0,0,0,0,0,0,0,0,0,0,0,0,0,0
0,0,0,0,0,0,0,0,0,0,0,0,0,0,0,0,0,0,0,0,0,0,0,0,0,0,0,0,4.31427468636514e-05,0.000585053038165343,0.000215039268381924,0.000124617870942572,0.000167947906369984,0.000252288410977175,5.26679102042374e-05,0.000138498093639727,0.000187296430505532,0,1.41062356345728e-06,3.52428839383344e-05,2.66015663244918e-06,9.87763943328104e-05,2.43784570135567e-05,6.09407090276656e-05,9.45943007293691e-05,0,0,0,0,0,0,0,0,0,0,0,0,0,0,0,0,0,0,0,0,0,0,0,0,0,0,0,0,0,0,0,0,0,0,0,0,0,0,0,0,0,0,0,0,0,0,0,0,0,0,0,0,0,0,0
0,0,0,0,0,0,0,0,0,0,0,0,0,0,0,0,0,0,0,0,0,0,0,0,0,0,0,0,0,0,0,0,6.39598483919121e-05,0.000554982563438103,0.000237798170778868,0.000126376545166969,0.000160655374540131,0,0,0.000429716472327454,3.41536705666765e-05,0,0,0,0,0,0,0,0,0,0,0,0,0,0,0,0,0,0,0,0,0,0,0,0,0,0,0,0,0,0,0,0,0,0,0,0,0,0,0,0,0,0,0,0,0,0,0,0,0,0,0,0,0,0,0,0,0,0,0
0,0,0,0,0,0,0,0,0,0,0,0,0,0,0,0,0,0,0,0,0,0,0,0,0,0,0,0,0,0,0,0,3.95155290559013e-06,0.00022914272600443,0,9.37671679363141e-05,0.000119200912356585,0,0,0,0,0,0,0,0,0,0,0,0,0,0,0,0,0,0,0,0,0,0,0,0,0,0,0,0,0,0,0,0,0,0,0,0,0,0,0,0,0,0,0,0,0,0,0,0,0,0,0,0,0,0,0,0,0,0,0,0,0,0,0
0,0,0,0,0,0,0,0,0,0,0,0,0,0,0,0,0,0,0,0,0,0,0,0,0,0,0,0,0,0,0,0,0,0,0,0,0,0,0,0,0,0,0,0,0,0,0,0,0,0,0,0,0,0,0,0,0,0,0,0,0,0,0,0,0,0,0,0,0,0,0,0,0,0,0,0,0,0,0,0,0,0,0,0,0,0,0,0,0,0,0,0,0,0,0,0,0,0,0,0
0,0,0,0,0,0,0,0,0,0,0,0,0,0,0,0,0,0,0,0,0,0,0,0,0,0,0,0,0,0,0,0,0,0,0,0,0,0,0,0,0,0,0,0,0,0,0,0,0,0,0,0,0,0,0,0,0,0,0,0,0,0,0,0,0,0,0,0,0,0,0,0,0,0,0,0,0,0,0,0,0,0,0,0,0,0,0,0,0,0,0,0,0,0,0,0,0,0,0,0
0,0,0,0,0,0,0,0,0,0,0,0,0,0,0,0,0,0,0,0,0,0,0,0,0,0,0,0,0,0,0,0,0,0,0,0,0,0,0,0,0,0,0,0,0,0,0,0,0,0,0,0,0,0,0,0,0,0,0,0,0,0,0,0,0,0,0,0,0,0,0,0,0,0,0,0,0,0,0,0,0,0,0,0,0,0,0,0,0,0,0,0,0,0,0,0,0,0,0,0
0,0,0,0,0,0,0,0,0,0,0,0,0,0,0,0,0,0,0,0,0,0,0,0,0,0,0,0,0,0,0,0,0,0,0,0,0,0,0,0,0,0,0,0,0,0,0,0,0,0,0,0,0,0,0,0,0,0,0,0,0,0,0,0,0,0,0,0,0,0,0,0,0,0,0,0,0,0,0,0,0,0,0,0,0,0,0,0,0,0,0,0,0,0,0,0,0,0,0,0
0,0,0,0,0,0,0,0,0,0,0,0,0,0,0,0,0,0,0,0,0,0,0,0,0,0,0,0,0,0,0,0,0,0,0,0,0,0,0,0,0,0,0,0,0,0,0,0,0,0,0,0,0,0,0,0,0,0,0,0,0,0,0,0,0,0,0,0,0,0,0,0,0,0,0,0,0,0,0,0,0,0,0,0,0,0,0,0,0,0,0,0,0,0,0,0,0,0,0,0
0,0,0,0,0,0,0,0,0,0,0,0,0,0,0,0,0,0,0,0,0,0,0,0,0,0,0,0,0,0,0,0,0,0,0,0,0,0,0,0,0,0,0,0,0,0,0,0,0,0,0,0,0,0,0,0,0,0,0,0,0,0,0,0,0,0,0,0,0,0,0,0,0,0,0,0,0,0,0,0,0,0,0,0,0,0,0,0,0,0,0,0,0,0,0,0,0,0,0,0
0,0,0,0,0,0,0,0,0,0,0,0,0,0,0,0,0,0,0,0,0,0,0,0,0,0,0,0,0,0,0,0,0,0,0,0,0,0,0,0,0,0,0,0,0,0,0,0,0,0,0,0,0,0,0,0,0,0,0,0,0,0,0,0,0,0,0,0,0,0,0,0,0,0,0,0,0,0,0,0,0,0,0,0,0,0,0,0,0,0,0,0,0,0,0,0,0,0,0,0
0,0,0,0,0,0,0,0,0,0,0,0,0,0,0,0,0,0,0,0,0,0,0,0,0,0,0,0,0,0,0,0,0,0,0,0,0,0,0,0,0,0,0,0,0,0,0,0,0,0,0,0,0,0,0,0,0,0,0,0,0,0,0,0,0,0,0,0,0,0,0,0,0,0,0,0,0,0,0,0,0,0,0,0,0,0,0,0,0,0,0,0,0,0,0,0,0,0,0,0
0,0,0,0,0,0,0,0,0,0,0,0,0,0,0,0,0,0,0,0,0,0,0,0,0,0,0,0,0,0,0,0,0,0,0,0,0,0,0,0,0,0,0,0,0,0,0,0,0,0,0,0,0,0,0,0,0,0,0,0,0,0,0,0,0,0,0,0,0,0,0,0,0,0,0,0,0,0,0,0,0,0,0,0,0,0,0,0,0,0,0,0,0,0,0,0,0,0,0,0
0,0,0,0,0,0,0,0,0,0,0,0,0,0,0,0,0,0,0,0,0,0,0,0,0,0,0,0,0,0,0,0,0,0,0,0,0,0,0,0,0,0,0,0,0,0,0,0,0,0,0,0,0,0,0,0,0,0,0,0,0,0,0,0,0,0,0,0,0,0,0,0,0,0,0,0,0,0,0,0,0,0,0,0,0,0,0,0,0,0,0,0,0,0,0,0,0,0,0,0
0,0,0,0,0,0,0,0,0,0,0,0,0,0,0,0,0,0,0,0,0,0,0,0,0,0,0,0,0,0,0,0,0,0,0,0,0,0,0,0,0,0,0,0,0,0,0,0,0,0,0,0,0,0,0,0,0,0,0,0,0,0,0,0,0,0,0,0,0,0,0,0,0,0,0,0,0,0,0,0,0,0,0,0,0,0,0,0,0,0,0,0,0,0,0,0,0,0,0,0
0,0,0,0,0,0,0,0,0,0,0,0,0,0,0,0,0,0,0,0,0,0,0,0,0,0,0,0,0,0,0,0,0,0,0,0,0,0,0,0,0,0,0,0,0,0,0,0,0,0,0,0,0,0,0,0,0,0,0,0,0,0,0,0,0,0,0,0,0,0,0,0,0,0,0,0,0,0,0,0,0,0,0,0,0,0,0,0,0,0,0,0,0,0,0,0,0,0,0,0
0,0,0,0,0,0,0,0,0,0,0,0,0,0,0,0,0,0,0,0,0,0,0,0,0,0,0,0,0,0,0,0,0,0,0,0,0,0,0,0,0,0,0,0,0,0,0,0,0,0,0,0,0,0,0,0,0,0,0,0,0,0,0,0,0,0,0,0,0,0,0,0,0,0,0,0,0,0,0,0,0,0,0,0,0,0,0,0,0,0,0,0,0,0,0,0,0,0,0,0
0,0,0,0,0,0,0,0,0,0,0,0,0,0,0,0,0,0,0,0,0,0,0,0,0,0,0,0,0,0,0,0,0,0,0,0,0,0,0,0,0,0,0,0,0,0,0,0,0,0,0,0,0,0,0,0,0,0,0,0,0,0,0,0,0,0,0,0,0,0,0,0,0,0,0,0,0,0,0,0,0,0,0,0,0,0,0,0,0,0,0,0,0,0,0,0,0,0,0,0
0,0,0,0,0,0,0,0,0,0,0,0,0,0,0,0,0,0,0,0,0,0,0,0,0,0,0,0,0,0,0,0,0,0,0,0,0,0,0,0,0,0,0,0,0,0,0,0,0,0,0,0,0,0,0,0,0,0,0,0,0,0,0,0,0,0,0,0,0,0,0,0,0,0,0,0,0,0,0,0,0,0,0,0,0,0,0,0,0,0,0,0,0,0,0,0,0,0,0,0
0,0,0,0,0,0,0,0,0,0,0,0,0,0,0,0,0,0,0,0,0,0,0,0,0,0,0,0,0,0,0,0,0,0,0,0,0,0,0,0,0,0,0,0,0,0,0,0,0,0,0,0,0,0,0,0,0,0,0,0,0,0,0,0,0,0,0,0,0,0,0,0,0,0,0,0,0,0,0,0,0,0,0,0,0,0,0,0,0,0,0,0,0,0,0,0,0,0,0,0
0,0,0,0,0,0,0,0,0,0,0,0,0,0,0,0,0,0,0,0,0,0,0,0,0,0,0,0,0,0,0,0,0,0,0,0,0,0,0,0,0,0,0,0,0,0,0,0,0,0,0,0,0,0,0,0,0,0,0,0,0,0,0,0,0,0,0,0,0,0,0,0,0,0,0,0,0,0,0,0,0,0,0,0,0,0,0,0,0,0,0,0,0,0,0,0,0,0,0,0
0,0,0,0,0,0,0,0,0,0,0,0,0,0,0,0,0,0,0,0,0,0,0,0,0,0,0,0,0,0,0,0,0,0,0,0,0,0,0,0,0,0,0,0,0,0,0,0,0,0,0,0,0,0,0,0,0,0,0,0,0,0,0,0,0,0,0,0,0,0,0,0,0,0,0,0,0,0,0,0,0,0,0,0,0,0,0,0,0,0,0,0,0,0,0,0,0,0,0,0
0,0,0,0,0,0,0,0,0,0,0,0,0,0,0,0,0,0,0,0,0,0,0,0,0,0,0,0,0,0,0,0,0,0,0,0,0,0,0,0,0,0,0,0,0,0,0,0,0,0,0,0,0,0,0,0,0,0,0,0,0,0,0,0,0,0,0,0,0,0,0,0,0,0,0,0,0,0,0,0,0,0,0,0,0,0,0,0,0,0,0,0,0,0,0,0,0,0,0,0
0,0,0,0,0,0,0,0,0,0,0,0,0,0,0,0,0,0,0,0,0,0,0,0,0,0,0,0,0,0,0,0,0,0,0,0,0,0,0,0,0,0,0,0,0,0,0,0,0,0,0,0,0,0,0,0,0,0,0,0,0,0,0,0,0,0,0,0,0,0,0,0,0,0,0,0,0,0,0,0,0,0,0,0,0,0,0,0,0,0,0,0,0,0,0,0,0,0,0,0
0,0,0,0,0,0,0,0,0,0,0,0,0,0,0,0,0,0,0,0,0,0,0,0,0,0,0,0,0,0,0,0,0,0,0,0,0,0,0,0,0,0,0,0,0,0,0,0,0,0,0,0,0,0,0,0,0,0,0,0,0,0,0,0,0,0,0,0,0,0,0,0,0,0,0,0,0,0,0,0,0,0,0,0,0,0,0,0,0,0,0,0,0,0,0,0,0,0,0,0
0,0,0,0,0,0,0,0,0,0,0,0,0,0,0,0,0,0,0,0,0,0,0,0,0,0,0,0,0,0,0,0,0,0,0,0,0,0,0,0,0,0,0,0,0,0,0,0,0,0,0,0,0,0,0,0,0,0,0,0,0,0,0,0,0,0,0,0,0,0,0,0,0,0,0,0,0,0,0,0,0,0,0,0,0,0,0,0,0,0,0,0,0,0,0,0,0,0,0,0
0,0,0,0,0,0,0,0,0,0,0,0,0,0,0,0,0,0,0,0,0,0,0,0,0,0,0,0,0,0,0,0,0,0,0,0,0,0,0,0,0,0,0,0,0,0,0,0,0,0,0,0,0,0,0,0,0,0,0,0,0,0,0,0,0,0,0,0,0,0,0,0,0,0,0,0,0,0,0,0,0,0,0,0,0,0,0,0,0,0,0,0,0,0,0,0,0,0,0,0
0,0,0,0,0,0,0,0,0,0,0,0,0,0,0,0,0,0,0,0,0,0,0,0,0,0,0,0,0,0,0,0,0,0,0,0,0,0,0,0,0,0,0,0,0,0,0,0,0,0,0,0,0,0,0,0,0,0,0,0,0,0,0,0,0,0,0,0,0,0,0,0,0,0,0,0,0,0,0,0,0,0,0,0,0,0,0,0,0,0,0,0,0,0,0,0,0,0,0,0
0,0,0,0,0,0,0,0,0,0,0,0,0,0,0,0,0,0,0,0,0,0,0,0,0,0,0,0,0,0,0,0,0,0,0,0,0,0,0,0,0,0,0,0,0,0,0,0,0,0,0,0,0,0,0,0,0,0,0,0,0,0,0,0,0,0,0,0,0,0,0,0,0,0,0,0,0,0,0,0,0,0,0,0,0,0,0,0,0,0,0,0,0,0,0,0,0,0,0,0
0,0,0,0,0,0,0,0,0,0,0,0,0,0,0,0,0,0,0,0,0,0,0,0,0,0,0,0,0,0,0,0,0,0,0,0,0,0,0,0,0,0,0,0,0,0,0,0,0,0,0,0,0,0,0,0,0,0,0,0,0,0,0,0,0,0,0,0,0,0,0,0,0,0,0,0,0,0,0,0,0,0,0,0,0,0,0,0,0,0,0,0,0,0,0,0,0,0,0,0
0,0,0,0,0,0,0,0,0,0,0,0,0,0,0,0,0,0,0,0,0,0,0,0,0,0,0,0,0,0,0,0,0,0,0,0,0,0,0,0,0,0,0,0,0,0,0,0,0,0,0,0,0,0,0,0,0,0,0,0,0,0,0,0,0,0,0,0,0,0,0,0,0,0,0,0,0,0,0,0,0,0,0,0,0,0,0,0,0,0,0,0,0,0,0,0,0,0,0,0
0,0,0,0,0,0,0,0,0,0,0,0,0,0,0,0,0,0,0,0,0,0,0,0,0,0,0,0,0,0,0,0,0,0,0,0,0,0,0,0,0,0,0,0,0,0,0,0,0,0,0,0,0,0,0,0,0,0,0,0,0,0,0,0,0,0,0,0,0,0,0,0,0,0,0,0,0,0,0,0,0,0,0,0,0,0,0,0,0,0,0,0,0,0,0,0,0,0,0,0
0,0,0,0,0,0,0,0,0,0,0,0,0,0,0,0,0,0,0,0,0,0,0,0,0,0,0,0,0,0,0,0,0,0,0,0,0,0,0,0,0,0,0,0,0,0,0,0,0,0,0,0,0,0,0,0,0,0,0,0,0,0,0,0,0,0,0,0,0,0,0,0,0,0,0,0,0,0,0,0,0,0,0,0,0,0,0,0,0,0,0,0,0,0,0,0,0,0,0,0
0,0,0,0,0,0,0,0,0,0,0,0,0,0,0,0,0,0,0,0,0,0,0,0,0,0,0,0,0,0,0,0,0,0,0,0,0,0,0,0,0,0,0,0,0,0,0,0,0,0,0,0,0,0,0,0,0,0,0,0,0,0,0,0,0,0,0,0,0,0,0,0,0,0,0,0,0,0,0,0,0,0,0,0,0,0,0,0,0,0,0,0,0,0,0,0,0,0,0,0
0,0,0,0,0,0,0,0,0,0,0,0,0,0,0,0,0,0,0,0,0,0,0,0,0,0,0,0,0,0,0,0,0,0,0,0,0,0,0,0,0,0,0,0,0,0,0,0,0,0,0,0,0,0,0,0,0,0,0,0,0,0,0,0,0,0,0,0,0,0,0,0,0,0,0,0,0,0,0,0,0,0,0,0,0,0,0,0,0,0,0,0,0,0,0,0,0,0,0,0
0,0,0,0,0,0,0,0,0,0,0,0,0,0,0,0,0,0,0,0,0,0,0,0,0,0,0,0,0,0,0,0,0,0,0,0,0,0,0,0,0,0,0,0,0,0,0,0,0,0,0,0,0,0,0,0,0,0,0,0,0,0,0,0,0,0,0,0,0,0,0,0,0,0,0,0,0,0,0,0,0,0,0,0,0,0,0,0,0,0,0,0,0,0,0,0,0,0,0,0
0,0,0,0,0,0,0,0,0,0,0,0,0,0,0,0,0,0,0,0,0,0,0,0,0,0,0,0,0,0,0,0,0,0,0,0,0,0,0,0,0,0,0,0,0,0,0,0,0,0,0,0,0,0,0,0,0,0,0,0,0,0,0,0,0,0,0,0,0,0,0,0,0,0,0,0,0,0,0,0,0,0,0,0,0,0,0,0,0,0,0,0,0,0,0,0,0,0,0,0
0,0,0,0,0,0,0,0,0,0,0,0,0,0,0,0,0,0,0,0,0,0,0,0,0,0,0,0,0,0,0,0,0,0,0,0,0,0,0,0,0,0,0,0,0,0,0,0,0,0,0,0,0,0,0,0,0,0,0,0,0,0,0,0,0,0,0,0,0,0,0,0,0,0,0,0,0,0,0,0,0,0,0,0,0,0,0,0,0,0,0,0,0,0,0,0,0,0,0,0
0,0,0,0,0,0,0,0,0,0,0,0,0,0,0,0,0,0,0,0,0,0,0,0,0,0,0,0,0,0,0,0,0,0,0,0,0,0,0,0,0,0,0,0,0,0,0,0,0,0,0,0,0,0,0,0,0,0,0,0,0,0,0,0,0,0,0,0,0,0,0,0,0,0,0,0,0,0,0,0,0,0,0,0,0,0,0,0,0,0,0,0,0,0,0,0,0,0,0,0
0,0,0,0,0,0,0,0,0,0,0,0,0,0,0,0,0,0,0,0,0,0,0,0,0,0,0,0,0,0,0,0,0,0,0,0,0,0,0,0,0,0,0,0,0,0,0,0,0,0,0,0,0,0,0,0,0,0,0,0,0,0,0,0,0,0,0,0,0,0,0,0,0,0,0,0,0,0,0,0,0,0,0,0,0,0,0,0,0,0,0,0,0,0,0,0,0,0,0,0
0,0,0,0,0,0,0,0,0,0,0,0,0,0,0,0,0,0,0,0,0,0,0,0,0,0,0,0,0,0,0,0,0,0,0,0,0,0,0,0,0,0,0,0,0,0,0,0,0,0,0,0,0,0,0,0,0,0,0,0,0,0,0,0,0,0,0,0,0,0,0,0,0,0,0,0,0,0,0,0,0,0,0,0,0,0,0,0,0,0,0,0,0,0,0,0,0,0,0,0
0,0,0,0,0,0,0,0,0,0,0,0,0,0,0,0,0,0,0,0,0,0,0,0,0,0,0,0,0,0,0,0,0,0,0,0,0,0,0,0,0,0,0,0,0,0,0,0,0,0,0,0,0,0,0,0,0,0,0,0,0,0,0,0,0,0,0,0,0,0,0,0,0,0,0,0,0,0,0,0,0,0,0,0,0,0,0,0,0,0,0,0,0,0,0,0,0,0,0,0
0,0,0,0,0,0,0,0,0,0,0,0,0,0,0,0,0,0,0,0,0,0,0,0,0,0,0,0,0,0,0,0,0,0,0,0,0,0,0,0,0,0,0,0,0,0,0,0,0,0,0,0,0,0,0,0,0,0,0,0,0,0,0,0,0,0,0,0,0,0,0,0,0,0,0,0,0,0,0,0,0,0,0,0,0,0,0,0,0,0,0,0,0,0,0,0,0,0,0,0
0,0,0,0,0,0,0,0,0,0,0,0,0,0,0,0,0,0,0,0,0,0,0,0,0,0,0,0,0,0,0,0,0,0,0,0,0,0,0,0,0,0,0,0,0,0,0,0,0,0,0,0,0,0,0,0,0,0,0,0,0,0,0,0,0,0,0,0,0,0,0,0,0,0,0,0,0,0,0,0,0,0,0,0,0,0,0,0,0,0,0,0,0,0,0,0,0,0,0,0
0,0,0,0,0,0,0,0,0,0,0,0,0,0,0,0,0,0,0,0,0,0,0,0,0,0,0,0,0,0,0,0,0,0,0,0,0,0,0,0,0,0,0,0,0,0,0,0,0,0,0,0,0,0,0,0,0,0,0,0,0,0,0,0,0,0,0,0,0,0,0,0,0,0,0,0,0,0,0,0,0,0,0,0,0,0,0,0,0,0,0,0,0,0,0,0,0,0,0,0
0,0,0,0,0,0,0,0,0,0,0,0,0,0,0,0,0,0,0,0,0,0,0,0,0,0,0,0,0,0,0,0,0,0,0,0,0,0,0,0,0,0,0,0,0,0,0,0,0,0,0,0,0,0,0,0,0,0,0,0,0,0,0,0,0,0,0,0,0,0,0,0,0,0,0,0,0,0,0,0,0,0,0,0,0,0,0,0,0,0,0,0,0,0,0,0,0,0,0,0
0,0,0,0,0,0,0,0,0,0,0,0,0,0,0,0,0,0,0,0,0,0,0,0,0,0,0,0,0,0,0,0,0,0,0,0,0,0,0,0,0,0,0,0,0,0,0,0,0,0,0,0,0,0,0,0,0,0,0,0,0,0,0,0,0,0,0,0,0,0,0,0,0,0,0,0,0,0,0,0,0,0,0,0,0,0,0,0,0,0,0,0,0,0,0,0,0,0,0,0
0,0,0,0,0,0,0,0,0,0,0,0,0,0,0,0,0,0,0,0,0,0,0,0,0,0,0,0,0,0,0,0,0,0,0,0,0,0,0,0,0,0,0,0,0,0,0,0,0,0,0,0,0,0,0,0,0,0,0,0,0,0,0,0,0,0,0,0,0,0,0,0,0,0,0,0,0,0,0,0,0,0,0,0,0,0,0,0,0,0,0,0,0,0,0,0,0,0,0,0
0,0,0,0,0,0,0,0,0,0,0,0,0,0,0,0,0,0,0,0,0,0,0,0,0,0,0,0,0,0,0,0,0,0,0,0,0,0,0,0,0,0,0,0,0,0,0,0,0,0,0,0,0,0,0,0,0,0,0,0,0,0,0,0,0,0,0,0,0,0,0,0,0,0,0,0,0,0,0,0,0,0,0,0,0,0,0,0,0,0,0,0,0,0,0,0,0,0,0,0
0,0,0,0,0,0,0,0,0,0,0,0,0,0,0,0,0,0,0,0,0,0,0,0,0,0,0,0,0,0,0,0,0,0,0,0,0,0,0,0,0,0,0,0,0,0,0,0,0,0,0,0,0,0,0,0,0,0,0,0,0,0,0,0,0,0,0,0,0,0,0,0,0,0,0,0,0,0,0,0,0,0,0,0,0,0,0,0,0,0,0,0,0,0,0,0,0,0,0,0
0,0,0,0,0,0,0,0,0,0,0,0,0,0,0,0,0,0,0,0,0,0,0,0,0,0,0,0,0,0,0,0,0,0,0,0,0,0,0,0,0,0,0,0,0,0,0,0,0,0,0,0,0,0,0,0,0,0,0,0,0,0,0,0,0,0,0,0,0,0,0,0,0,0,0,0,0,0,0,0,0,0,0,0,0,0,0,0,0,0,0,0,0,0,0,0,0,0,0,0
0,0,0,0,0,0,0,0,0,0,0,0,0,0,0,0,0,0,0,0,0,0,0,0,0,0,0,0,0,0,0,0,0,0,0,0,0,0,0,0,0,0,0,0,0,0,0,0,0,0,0,0,0,0,0,0,0,0,0,0,0,0,0,0,0,0,0,0,0,0,0,0,0,0,0,0,0,0,0,0,0,0,0,0,0,0,0,0,0,0,0,0,0,0,0,0,0,0,0,0
0,0,0,0,0,0,0,0,0,0,0,0,0,0,0,0,0,0,0,0,0,0,0,0,0,0,0,0,0,0,0,0,0,0,0,0,0,0,0,0,0,0,0,0,0,0,0,0,0,0,0,0,0,0,0,0,0,0,0,0,0,0,0,0,0,0,0,0,0,0,0,0,0,0,0,0,0,0,0,0,0,0,0,0,0,0,0,0,0,0,0,0,0,0,0,0,0,0,0,0
