0,0,0,0,0,0,0,0,0,0,0,0,0,0,0,0,0,0,0,0,0,0,0,0,0,0,0,0,0,0,0,0,0,0,0,0,0,0,0,0,0,0,0,0,0,0,0,0,0,0,0,0,0,0,0,0,0,0,0,0,0,0,0,0,0,0,0,0,0,0,0,0,0,0,0,0,0,0,0,0,0,0,0,0,0,0,0,0,0,0,0,0,0,0,0,0,0,0,0,0
0,0,0,0,0,0,0,0,0,0,0,0,0,0,0,0,0,0,0,0,0,0,0,0,0,0,0,0,0,0,0,0,0,0,0,0,0,0,0,0,0,0,0,0,0,0,0,0,0,0,0,0,0,0,0,0,0,0,0,0,0,0,0,0,0,0,0,0,0,0,0,0,0,0,0,0,0,0,0,0,0,0,0,0,0,0,0,0,0,0,0,0,0,0,0,0,0,0,0,0
0,0,0,0,0,0,0,0,0,0,0,0,0,0,0,0,0,0,0,0,0,0,0,0,0,0,0,0,0,0,0,0,0,0,0,0,0,0,0,0,0,0,0,0,0,0,0,0,0,0,0,0,0,0,0,0,0,0,0,0,0,0,0,0,0,0,0,0,0,0,0,0,0,0,0,0,0,0,0,0,0,0,0,0,0,0,0,0,0,0,0,0,0,0,0,0,0,0,0,0
0,0,0,0,0,0,0,0,0,0,0,0,0,0,0,0,0,0,0,0,0,0,0,0,0,0,0,0,0,0,0,0,0,0,0,0,0,0,0,0,0,0,0,0,0,0,0,0,0,0,0,0,0,0,0,0,0,0,0,0,0,0,0,0,0,0,0,0,0,0,0,0,0,0,0,0,0,0,0,0,0,0,0,0,0,0,0,0,0,0,0,0,0,0,0,0,0,0,0,0
0,0,0,0,0,0,0,0,0,0,0,0,0,0,0,0,0,0,0,0,0,0,0,0,0,0,0,0,0,0,0,0,0,0,0,0,0,0,0,0,0,0,0,0,0,0,0,0,0,0,0,0,0,0,0,0,0,0,0,0,0,0,0,0,0,0,0,0,0,0,0,0,0,0,0,0,0,0,0,0,0,0,0,0,0,0,0,0,0,0,0,0,0,0,0,0,0,0,0,0
0,0,0,0,0,0,0,0,0,0,0,0,0,0,0,0,0,0,0,0,0,0,0,0,0,0,0,0,0,0,0,0,0,0,0,0,0,0,0,0,0,0,0,0,0,0,0,0,0,0,0,0,0,0,0,0,0,0,0,0,0,0,0,0,0,0,0,0,0,0,0,0,0,0,0,0,0,0,0,0,0,0,0,0,0,0,0,0,0,0,0,0,0,0,0,0,0,0,0,0
0,0,0,0,0,0,0,0,0,0,0,0,0,0,0,0,0,0,0,0,0,0,0,0,0,0,0,0,0,0,0,0,0,0,0,0,0,0,0,0,0,0,0,0,0,0,0,0,0,0,0,0,0,0,0,0,0,0,0,0,0,0,0,0,0,0,0,0,0,0,0,0,0,0,0,0,0,0,0,0,0,0,0,0,0,0,0,0,0,0,0,0,0,0,0,0,0,0,0,0
0,0,0,0,0,0,0,0,0,0,0,0,0,0,0,0,0,0,0,0,0,0,0,0,0,0,0,0,0,0,0,0,0,0,0,0,0,0,0,0,0,0,0,0,0,0,0,0,0,0,0,0,0,0,0,0,0,0,0,0,0,0,0,0,0,0,0,0,0,0,0,0,0,0,0,0,0,0,0,0,0,0,0,0,0,0,0,0,0,0,0,0,0,0,0,0,0,0,0,0
0,0,0,0,0,0,0,0,0,0,0,0,0,0,0,0,0,0,0,0,0,0,0,0,0,0,0,0,0,0,0,0,0,0,0,0,0,0,0,0,0,0,0,0,0,0,0,0,0,0,0,0,0,0,0,0,0,0,0,0,0,0,0,0,0,0,0,0,0,0,0,0,0,0,0,0,0,0,0,0,0,0,0,0,0,0,0,0,0,0,0,0,0,0,0,0,0,0,0,0
0,0,0,0,0,0,0,0,0,0,0,0,0,0,0,0,0,0,0,0,0,0,0,0,0,0,0,0,0,0,0,0,0,0,0,0,0,0,0,0,0,0,0,0,0,0,0,0,0,0,0,0,0,0,0,0,0,0,0,0,0,0,0,0,0,0,0,0,0,0,0,0,0,0,0,0,0,0,0,0,0,0,0,0,0,0,0,0,0,0,0,0,0,0,0,0,0,0,0,0
0,0,0,0,0,0,0,0,0,0,0,0,0,0,0,0,0,0,0,0,0,0,0,0,0,0,0,0,0,0,0,0,0,0,0,0,0,0,0,0,0,0,0,0,0,0,0,0,0,0,0,0,0,0,0,0,0,0,0,0,0,0,0,0,0,0,0,0,0,0,0,0,0,0,0,0,0,0,0,0,0,0,0,0,0,0,0,0,0,0,0,0,0,0,0,0,0,0,0,0
0,0,0,0,0,0,0,0,0,0,0,0,0,0,0,0,0,0,0,0,0,0,0,0,0,0,0,0,0,0,0,0,0,0,0,0,0,0,0,0,0,0,0,0,0,0,0,0,0,0,0,0,0,0,0,0,0,0,0,0,0,0,0,0,0,0,0,0,0,0,0,0,0,0,0,0,0,0,0,0,0,0,0,0,0,0,0,0,0,0,0,0,0,0,0,0,0,0,0,0
0,0,0,0,0,0,0,0,0,0,0,0,0,0,0,0,0,0,0,0,0,0,0,0,0,0,0,0,0,0,0,0,0,0,0,0,0,0,0,0,0,0,0,0,0,0,0,0,0,0,0,0,0,0,0,0,0,0,0,0,0,0,0,0,0,0,0,0,0,0,0,0,0,0,0,0,0,0,0,0,0,0,0,0,0,0,0,0,0,0,0,0,0,0,0,0,0,0,0,0
0,0,0,0,0,0,0,0,0,0,0,0,0,0,0,0,0,0,0,0,0,0,0,0,0,0,0,0,0,0,0,0,0,0,0,0,0,0,0,0,0,0,0,0,0,0,0,0,0,0,0,0,0,0,0,0,0,0,0,0,0,0,0,0,0,0,0,0,0,0,0,0,0,0,0,0,0,0,0,0,0,0,0,0,0,0,0,0,0,0,0,0,0,0,0,0,0,0,0,0
0,0,0,0,0,0,0,0,0,0,0,0,0,0,0,0,0,0,0,0,0,0,0,0,0,0,0,0,0,0,0,0,0,0,0,0,0,0,0,0,0,0,0,0,0,0,0,0,0,0,0,0,0,0,0,0,0,0,0,0,0,0,0,0,0,0,0,0,0,0,0,0,0,0,0,0,0,0,0,0,0,0,0,0,0,0,0,0,0,0,0,0,0,0,0,0,0,0,0,0
0,0,0,0,0,0,0,0,0,0,0,0,0,0,0,0,0,0,0,0,0,0,0,0,0,0,0,0,0,0,0,0,0,0,0,0,0,0,0,0,0,0,0,0,0,0,0,0,0,0,0,0,0,0,0,0,0,0,0,0,0,0,0,0,0,0,0,0,0,0,0,0,0,0,0,0,0,0,0,0,0,0,0,0,0,0,0,0,0,0,0,0,0,0,0,0,0,0,0,0
0,0,0,0,0,0,0,0,0,0,0,0,0,0,0,0,0,0,0,0,0,0,0,0,0,0,0,0,0,0,0,0,0,0,0,0,0,0,0,0,0,0,0,0,0,0,0,0,0,0,0,0,0,0,0,0,0,0,0,0,0,0,0,0,0,0,0,0,0,0,0,0,0,0,0,0,0,0,0,0,0,0,0,0,0,0,0,0,0,0,0,0,0,0,0,0,0,0,0,0
0,0,0,0,0,0,0,0,0,0,0,0,0,0,0,0,0,0,0,0,0,0,0,0,0,0,0,0,0,0,0,0,0,0,0,0,0,0,0,0,0,0,0,0,0,0,0,0,0,0,0,0,0,0,0,0,0,0,0,0,0,0,0,0,0,0,0,0,0,0,0,0,0,0,0,0,0,0,0,0,0,0,0,0,0,0,0,0,0,0,0,0,0,0,0,0,0,0,0,0
0,0,0,0,0,0,0,0,0,0,0,0,0,0,0,0,0,0,0,0,0,0,0,0,0,0,0,0,0,0,0,0,0,0,0,0,0,0,0,0,0,0,0,0,0,0,0,0,0,0,0,0,0,0,0,0,0,0,0,0,0,0,0,0,0,0,0,0,0,0,0,0,0,0,0,0,0,0,0,0,0,0,0,0,0,0,0,0,0,0,0,0,0,0,0,0,0,0,0,0
0,0,0,0,0,0,0,0,0,0,0,0,0,0,0,0,0,0,0,0,0,0,0,0,0,0,0,0,0,0,0,0,0,0,0,0,0,0,0,0,0,0,0,0,0,0,0,0,0,0,0,0,0,0,0,0,0,0,0,0,0,0,0,0,0,0,0,0,0,0,0,0,0,0,0,0,0,0,0,0,0,0,0,0,0,0,0,0,0,0,0,0,0,0,0,0,0,0,0,0
0,0,0,0,0,0,0,0,0,0,0,0,0,0,0,0,0,0,0,0,0,0,0,0,0,0,0,0,0,0,0,0,0,0,0,0,0,0,0,0,0,0,0,0,0,0,0,0,0,0,0,0,0,0,0,0,0,0,0,0,0,0,0,0,0,0,0,0,0,0,0,0,0,0,0,0,0,0,0,0,0,0,0,0,0,0,0,0,0,0,0,0,0,0,0,0,0,0,0,0
0,0,0,0,0,0,0,0,0,0,0,0,0,0,0,0,0,0,0,0,0,0,0,0,0,0,0,0,0,0,0,0,0,0,0,0,0,0,0,0,0,0,0,0,0,0,0,0,0,0,0,0,0,0,0,0,0,0,0,0,0,0,0,0,0,0,0,0,0,0,0,0,0,0,0,0,0,0,0,0,0,0,0,0,0,0,0,0,0,0,0,0,0,0,0,0,0,0,0,0
0,0,0,0,0,0,0,0,0,0,0,0,0,0,0,0,0,0,0,0,0,0,0,0,0,0,0,0,0,0,0,0,0,0,0,0,0,0,0,0,0,0,0,0,0,0,0,0,0,0,0,0,0,0,0,0,0,0,0,0,0,0,0,0,0,0,0,0,0,0,0,0,0,0,0,0,0,0,0,0,0,0,0,0,0,0,0,0,0,0,0,0,0,0,0,0,0,0,0,0
0,0,0,0,0,0,0,0,0,0,0,0,0,0,0,0,0,0,0,0,0,0,0,0,0,0,0,0,0,0,0,0,0,0,0,0,0,0,0,0,0,0,0,0,0,0,0,0,0,0,0,0,0,0,0,0,0,0,0,0,0,0,0,0,0,0,0,0,0,0,0,0,0,0,0,0,0,0,0,0,0,0,0,0,0,0,0,0,0,0,0,0,0,0,0,0,0,0,0,0
0,0,0,0,0,0,0,0,0,0,0,0,0,0,0,0,0,0,0,0,0,0,0,0,0,0,0,0,0,0,0,0,0,0,0,0,0,0,0,0,0,0,0,0,0,0,0,0,0,0,0,0,0,0,0,0,0,0,0,0,0,0,0,0,0,0,0,0,0,0,0,0,0,0,0,0,0,0,0,0,0,0,0,0,0,0,0,0,0,0,0,0,0,0,0,0,0,0,0,0
0,0,0,0,0,0,0,0,0,0,0,0,0,0,0,0,0,0,0,0,0,0,0,0,0,0,0,0,0,0,0,0,0,0,0,0,0,0,0,0,0,0,0,0,0,0,0,0,0,0,0,0,0,0,0,0,0,0,0,0,0,0,0,0,0,0,0,0,0,0,0,0,0,0,0,0,0,0,0,0,0,0,0,0,0,0,0,0,0,0,0,0,0,0,0,0,0,0,0,0
0,0,0,0,0,0,0,0,0,0,0,0,0,0,0,0,0,0,0,0,0,0,0,0,0,0,0,0,0,0,0,0,0,0,0,0,0,0,0,0,0,0,0,0,0,0,0,0,0,0,0,0,0,0,0,0,0,0,0,0,0,0,0,0,0,0,0,0,0,0,0,0,0,0,0,0,0,0,0,0,0,0,0,0,0,0,0,0,0,0,0,0,0,0,0,0,0,0,0,0
0,0,0,0,0,0,0,0,0,0,0,0,0,0,0,0,0,0,0,0,0,0,0,0,0,0,0,0,0,0,0,0,0,0,0,0,0,0,0,0,0,0,0,0,0,0,0,0,0,0,0,0,0,0,0,0,0,0,0,0,0,0,0,0,0,0,0,0,0,0,0,0,0,0,0,0,0,0,0,0,0,0,0,0,0,0,0,0,0,0,0,0,0,0,0,0,0,0,0,0
0,0,0,0,0,0,0,0,0,0,0,0,0,0,0,0,0,0,0,0,0,0,0,0,0,0,0,0,0,0,0,0,0,0,0,0,0,0,0,0,0,0,0,0,0,0,0,0,0,0,0,0,0,0,0,0,0,0,0,0,0,0,0,0,0,0,0,0,0,0,0,0,0,0,0,0,0,0,0,0,0,0,0,0,0,0,0,0,0,0,0,0,0,0,0,0,0,0,0,0
0,0,0,0,0,0,0,0,0,0,0,0,0,0,0,0,0,0,0,0,0,0,0,0,0,0,0,0,0,0,0,0,0,0,0,0,0,0,0,0,0,0,0,0,0,0,0,0,0,0,0,0,0,0,0,0,0,0,0,0,0,0,0,0,0,0,0,0,0,0,0,0,0,0,0,0,0,0,0,0,0,0,0,0,0,0,0,0,0,0,0,0,0,0,0,0,0,0,0,0
0,0,0,0,0,0,0,0,0,0,0,0,0,0,0,0,0,0,0,0,0,0,0,0,0,0,0,0,0,0,0,0,0,0,0,0,0,0,0,0,0,0,0,0,0,0,0,0,0,0,0,0,0,0,0,0,0,0,0,0,0,0,0,0,0,0,0,0,0,0,0,0,0,0,0,0,0,0,0,0,0,0,0,0,0,0,0,0,0,0,0,0,0,0,0,0,0,0,0,0
0,0,0,0,0,0,0,0,0,0,0,0,0,0,0,0,0,0,0,0,0,0,0,0,0,0,0,0,0,0,0,0,0,0,0,0,0,0,0,0,0,0,0,0,0,0,0,0,0,0,0,0,0,0,0,0,0,0,0,0,0,0,0,0,0,0,0,0,0,0,0,0,0,0,0,0,0,0,0,0,0,0,0,0,0,0,0,0,0,0,0,0,0,0,0,0,0,0,0,0
0,0,0,0,0,0,0,0,0,0,0,0,0,0,0,0,0,0,0,0,0,0,0,0,0,0,0,0,0,0,0,0,0,0,0,0,0,0,0,0,0,0,0,0,0,0,0,0,0,0,0,0,0,0,0,0,0,0,0,0,0,0,0,0,0,0,0,0,0,0,0,0,0,0,0,0,0,0,0,0,0,0,0,0,0,0,0,0,0,0,0,0,0,0,0,0,0,0,0,0
0,0,0,0,0,0,0,0,0,0,0,0,0,0,0,0,0,0,0,0,0,0,0,0,0,0,0,0,0,0,0,0,0,0,0,0,0,0,0,0,0,0,0,0,0,0,0,0,0,0,0,0,0,0,0,0,0,0,0,0,0,0,0,0,0,1.27257929102507e-05,0.000467447395429344,0,0,0,0,0,0,0,0,0,0,0,0,0,0,0,0,0,0,0,0,0,0,0,0,0,0,0,0,0,0,0,0,0
0,0,0,0,0,0,0,0,0,0,0,0,0,0,0,0,0,0,0,0,0,0,0,0,0,0,0,0,0,0,0,0,0,0,0,0,0,0,0,0,0,0,0,0,0,0,0,0,0,0,0,0,0,0,6.48073237655587e-05,0.000187298913859565,0.000220538999107772,8.84848844453876e-05,4.40404852261615e-06,0.000291893862790683,2.87960828885434e-05,0.000144562835659915,0.000328265127527487,0,4.58794552547268e-08,7.93941037636014e-07,1.93013514610685e-05,0,0,0,0,0,0,0,0,0,0,0,0,0,0,0,0,0,0,0,0,0,0,0,0,0,0,0,0,0,0,0,0,0
0,0,0,0,0,0,0,0,0,0,0,0,0,0,0,0,0,0,0,0,0,0,0,0,0,0,0,0,0,0,0,0,0,0,0,0,0,0,0,0,0,0,0,0,0,0,0,0,0,0,0,0.000368353311655062,8.78628798846548e-05,8.1671447138312e-05,0.000281016083390557,0.000726533219000086,0.0004298254951997,0.000490225322279475,0.000374519658442543,0.000584818107245487,0.00100597207971482,0.000180151278949768,2.31507929944817e-05,0,0.000292888720421491,0.000543809564669818,0,0,0,0,0,0,0,0,0,0,0,0,0,0,0,0,0,0,0,0,0,0,0,0,0,0,0,0,0,0,0,0,0,0
0,0,0,0,0,0,0,0,0,0,0,0,0,0,0,0,0,0,0,0,0,0,0,0,0,0,0,0,0,0,0,0,0,0,0,0,0,0,0,0,0,0,0,0,0,0,0,0,0,0,0,9.09802474949982e-05,0.000365514344119975,0.000279931399917581,0.000384299605868028,0.000293388597522753,0.000348703002717923,0.00111955452299432,0.00057892527922392,0.00133138563661946,0.00120043133248792,0.000209382313278918,0.000325159791252642,1.8210822369279e-05,0.00016336864928569,5.66085453955809e-05,0.000472957382356679,9.71806407177256e-06,0,0,0,0,0,0,0,0,0,0,0,0,0,0,0,0,0,0,0,0,0,0,0,0,0,0,0,0,0,0,0,0
0,0,0,0,0,0,0,0,0,0,0,0,0,0,0,0,0,0,0,0,0,0,0,0,0,0,0,0,0,0,0,0,0,0,0,0,0,0,0,0,0,0,0,0,0,0,0,0,0,0,0.000560963305340354,0.000345241626764389,0.000391096164801642,0.00151608522506822,0.00212233626382225,0.000458221493120217,0.00121050598619549,0.000703247930590566,0.000844365468927816,0.000313774429847078,0.000514252627427324,0.000518700119446304,0.000808508254429027,0.000405957025929269,0.00113697043278077,9.41140055081145e-05,0.00072294672334627,2.07386118161992e-05,0,6.21944918524628e-05,0.000506772084375381,0,0,0,0,0,0,0,0,0,0,0,0,0,0,0,0,0,0,0,0,0,0,0,0,0,0,0,0,0
0,0,0,0,0,0,0,0,0,0,0,0,0,0,0,0,0,0,0,0,0,0,0,0,0,0,0,0,0,0,0,0,0,0,0,0,0,0,0,0,0,0,0,0,0,0,0,0,0.000240956350142972,0.000340501540521381,0.00062866383794823,0.0018130308166725,0.00108294212565495,0.00215690040478318,0.00148004714278622,0.00156174499334343,0.00148965139182964,0.000640812626764223,0.000716012399942884,0.00130788802983158,0.000550412996092257,0.000427772124101139,0.000703387485064213,0.000417250520078278,0.00131631981620178,0.000299602818014783,0.000563979706106477,0.000468250349711408,0,4.12200878060849e-05,0.000389813335966071,0,0,0,0,0,0,0,0,0,0,0,0,0,0,0,0,0,0,0,0,0,0,0,0,0,0,0,0,0
0,0,0,0,0,0,0,0,0,0,0,0,0,0,0,0,0,0,0,0,0,0,0,0,0,0,0,0,0,0,0,0,0,0,0,0,0,0,0,0,0,0,0,0,0,0,0.000176074817745161,0.000642960115928097,0.00110872527984564,0.00109618861105547,0.0022840113346179,0.00149694591840271,0.0019989676298114,0.00257855386558941,0.00210205713635531,0.00140899829924496,0.0016229799003631,0.000720666110275889,0.00133013563898922,0.00257268547203704,0.00177052254158227,0.000713423469946463,0.00111776928495691,0.000548433673838553,0.000817182173487138,0.000319650580509275,0.000137769997780152,0.000228373232063056,0.000612935461719491,0.000173972999855727,3.89395298325729e-05,0.000149515834592983,0.000174942122610076,0,0,0,0,0,0,0,0,0,0,0,0,0,0,0,0,0,0,0,0,0,0,0,0,0,0,0
0,0,0,0,0,0,0,0,0,0,0,0,0,0,0,0,0,0,0,0,0,0,0,0,0,0,0,0,0,0,0,0,0,0,0,0,0,0,0,0,0,0,0,0,0,0.000387339306146241,0.00121590532868614,0.00207933787026657,0.0019961109676192,0.00219792407981637,0.00148201154722735,0.00182880357335946,0.00231178205594793,0.00245075915753385,0.00193955938081539,0.00144928801004895,0.00116333140793635,0.00105443311423249,0.00130244063576874,0.00104014785836747,0.000553981513943205,0.000954770525629905,0.00119271106926584,0.000709684606955088,0.000411853205259602,0.000801892262305943,0.000191477396350629,0.000478651056304108,0.000135827193519825,0.000258406440070318,0.000303835405054309,0.000354148081287104,0.000354472414229342,0,0,0,0,0,0,0,0,0,0,0,0,0,0,0,0,0,0,0,0,0,0,0,0,0,0,0
0,0,0,0,0,0,0,0,0,0,0,0,0,0,0,0,0,0,0,0,0,0,0,0,0,0,0,0,0,0,0,0,0,0,0,0,0,0,0,0,0,0,0,0,0,0.00015172051788517,0.000660690700791401,0.00307306332820235,0.0028693154784646,0.00293791327446578,0.00200669196344576,0.00255543092785775,0.00258241277343901,0.00230169427194952,0.00207346124782952,0.00138330280833211,0.00132476872711116,0.00102876263656819,0.00176788018540906,0.000662403751763134,0.000221765713048568,0.000314357344860044,0.000408271623407395,0.00100191781789833,0.000788952167444452,0.00120958323335409,0.000703897612089565,0.000376612746698977,0.000146049276692333,0,0.000368445977865447,0.000523347486970146,0.000407054343705753,0,0,0,0,0,0,0,0,0,0,0,0,0,0,0,0,0,0,0,0,0,0,0,0,0,0,0
0,0,0,0,0,0,0,0,0,0,0,0,0,0,0,0,0,0,0,0,0,0,0,0,0,0,0,0,0,0,0,0,0,0,0,0,0,0,0,0,0,0,0,9.53568412085319e-05,0.000547189991384032,0.000439627879425365,0.00165331735681098,0.00396838064426377,0.00312579110342733,0.00378299493998917,0.00433911954731871,0.00336278389540957,0.00254686432737965,0.00184659279390482,0.000280483152925644,0.000306874442505628,0.000454954837792756,0.000132567558749729,0.000211361856206024,0.000899191664644503,0.0013474036284834,0.000789429442934077,0.000530447267997598,0.00106236382682784,0.000780969078112939,0.000873459917516282,0.00109400852966809,0.000668044790043652,0.000101806619798538,0.00043392580009228,0.000331819505074244,0.00111416112271049,0.000128635136379905,0,0,0,0,0,0,0,0,0,0,0,0,0,0,0,0,0,0,0,0,0,0,0,0,0,0,0
0,0,0,0,0,0,0,0,0,0,0,0,0,0,0,0,0,0,0,0,0,0,0,0,0,0,0,0,0,0,0,0,0,0,0,0,0,0,0,0,0,0,0,7.52257233042028e-05,0.0013034727744423,0.00178770784366482,0.00263430536313759,0.00367682684161302,0.00284184482586997,0.00299263679001991,0.00364747251080749,0.00267791323562276,0.00104924453621364,0.000887700707826167,0.000341449484294373,0.000171780144542423,0.00119759197909516,0.000605584807388838,0.000448765205341469,0.000827562216460525,0.000676284899419679,0.000498009853385039,0.000726007959747539,0.00124653767288232,0.000904340090594933,0.00117927380481349,0.000670058154451576,0.000671336556985753,0.000420477394311598,0.000581176327456286,5.52447917179474e-05,5.36562130281388e-05,0.00035495112970759,0.000120279328292447,0,0,0,0,0,0,0,0,0,0,0,0,0,0,0,0,0,0,0,0,0,0,0,0,0,0
0,0,0,0,0,0,0,0,0,0,0,0,0,0,0,0,0,0,0,0,0,0,0,0,0,0,0,0,0,0,0,0,0,0,0,0,0,0,0,0,0,0,0.000265099876745858,0.00110881524454415,0.00266809157978852,0.0028211258953349,0.00433276957091691,0.00201944985342965,0.00245069218326942,0.00216201807893348,0.0022223266442997,0.00105389899267737,0.00108000387936609,0.000194423777088914,0.0004247583679248,0.000514550968237283,0.00242966983696191,0.000930543410225484,0.000412370022290565,0.000272574497166747,0.000380348906816083,0.000501508878353849,0.000894219507625855,0.000818223652510074,2.93169571037334e-05,0.000206726691583321,0.000706646186323758,0.000351992343541944,0.000265312916710227,0.000271616651216988,0.000759552449960442,0.000223047661699471,0.00075068842947509,0.000271318884393928,0.000128221204159125,0,0,0,0,0,0,0,0,0,0,0,0,0,0,0,0,0,0,0,0,0,0,0,0,0
0,0,0,0,0,0,0,0,0,0,0,0,0,0,0,0,0,0,0,0,0,0,0,0,0,0,0,0,0,0,0,0,0,0,0,0,0,0,0,0,0,6.44454063767573e-05,0.000585604273622237,0.00149722398418376,0.00168175685399067,0.00256696987733521,0.00359977310708108,0.00358055737977251,0.00458687063405593,0.00269137402772935,0.00154919666225452,0.000645097996723157,0.00149195939400606,0.000376709956947979,0.000746663204485174,0.000619218095837928,0.000642077452681863,0.000500052760044379,0.000629041360879385,0.000472260159058687,0.000632113637017817,0.00128011415436123,0.000619118292424591,0.000341663121440554,2.96129653051125e-05,0.000255036262951275,0.00150389040077678,0.000513449432106393,0.000495350937293093,0.00024976785996264,0.000991041074156161,0.00101585671492941,0.000563848715989864,0.000254314957029878,0.000455229611200518,0,0,0,0,0,0,0,0,0,0,0,0,0,0,0,0,0,0,0,0,0,0,0,0,0
0,0,0,0,0,0,0,0,0,0,0,0,0,0,0,0,0,0,0,0,0,0,0,0,0,0,0,0,0,0,0,0,0,0,0,0,0,0,0,0,0,7.58948084438089e-05,0.00181365704036689,0.00224153940627066,0.00278182356199873,0.00258682242423518,0.00295453543075872,0.00499728819452845,0.00445446791738463,0.00323556567345938,0.00171528325607257,0.00139440995506334,0.000791118605754355,0.000576817100442341,0.00130832234977431,0.00071179158142442,0.000279019574554784,0.00029736313372077,0.000219688260233419,0.00112930648112641,0.00085816488282306,0.000926064000035703,0.000409466743485018,0.000614035123862837,0.00043613208536038,0.000688736148781824,0.00107959227902377,0.00152057035684083,0.00109292773550133,0.00100102067612306,0.000931185275170669,0.000886273666451499,0.000185242646898921,0.000402198711932839,0.000339809334036116,0,0,0,0,0,0,0,0,0,0,0,0,0,0,0,0,0,0,0,0,0,0,0,0,0
0,0,0,0,0,0,0,0,0,0,0,0,0,0,0,0,0,0,0,0,0,0,0,0,0,0,0,0,0,0,0,0,0,0,0,0,0,0,0,0,0,0.000586496160122799,0.00169882589155888,0.00241456293488886,0.00455352686361776,0.00528718069401691,0.00465890396791918,0.00531327570781299,0.00483974459106389,0.0024792255197529,0.00210648781433169,0.00128910130739735,0.000760060798073002,0.000743416779146129,0.00133246947618459,0.000810990190286998,0.00100666587302529,0.00127316454842663,0.000177032597421834,0.000767114579049615,0.000492016657184976,0.000330576324596254,0.000361942151899969,0.000574818389629758,0.000677792874635399,0.000622927892547234,0.000522165393669357,0.000823635857714142,0.000968857332469099,0.000172841152604811,0.000802685513011277,0.00134877747179794,0.000811828729686108,0.000758346331576134,2.39118262029982e-05,0,0,0,0,0,0,0,0,0,0,0,0,0,0,0,0,0,0,0,0,0,0,0,0,0
0,0,0,0,0,0,0,0,0,0,0,0,0,0,0,0,0,0,0,0,0,0,0,0,0,0,0,0,0,0,0,0,0,0,0,0,0,0,0,0,0.00021883405736139,0.00107265066435519,0.00201510473347331,0.00452078557213824,0.00435385367109259,0.00568916691628343,0.00692161676260681,0.00515262606446837,0.00573796286675596,0.00393458409066223,0.00174589295513489,0.000745723189211699,0.00154553045539812,0.000728284756045307,0.000873751659442114,0.000502329340577549,0.000938205412427234,0.000830192498178611,0.00028527347318444,0.000863066321371968,0.000576384815434865,0.000441387520832772,0.000598265358592338,0.000482851309896569,0.00051102038601677,0.00103542045199234,0.00105719720350951,0.000978250435688135,0.000831864329633872,0.000698538145879365,0.000616743742509928,0.000618291305845401,0.000235640076580568,0.000101820478884926,0,4.05490282237022e-05,0.000126264382446211,0,0,0,0,0,0,0,0,0,0,0,0,0,0,0,0,0,0,0,0,0,0,0
0,0,0,0,0,0,0,0,0,0,0,0,0,0,0,0,0,0,0,0,0,0,0,0,0,0,0,0,0,0,0,0,0,0,0,0,0,0,0,0,0.000416823612586354,0.00119624485114327,0.00187635170684054,0.00366684816483268,0.00481378031895661,0.00541161127431537,0.00650376275126625,0.00713060696296737,0.004481240483125,0.00286028460684416,0.00169906421686618,0.00142313449861455,0.0014633596728774,0.000982703328010887,0.00112342071275337,0.000283233757364912,0.000437948218266781,0.00119338647231369,0.000707465630696023,0.000155709874734192,0.000600038328152445,0.000377876659516266,0.00050607695817317,0.0005351194417094,0.000581563982322489,0.00115517499501692,0.000687131358855141,0.00016339428084164,0.00028052974188947,0.000445972379309887,0.000800401852331647,0.000730387296209975,0.000467333900215871,0.000657141696481337,0.000315790223696966,0.000153757290437888,0.000252195544543892,0,0,0,0,0,0,0,0,0,0,0,0,0,0,0,0,0,0,0,0,0,0,0
0,0,0,0,0,0,0,0,0,0,0,0,0,0,0,0,0,0,0,0,0,0,0,0,0,0,0,0,0,0,0,0,0,0,0,0,0,0,0,9.25359732330739e-05,0.000402965619044894,0.00151041722689613,0.00157484947670606,0.00327246958068916,0.00537689591156823,0.00571560912405782,0.00442817010935637,0.0053853342708237,0.00470113731928519,0.0030282092820461,0.00254289675109494,0.00172909077457862,0.00112705005005802,0.00108005326705066,0.00109749548243574,0.00084491736627151,0.000614525290036634,0.00198145006406721,0.000553346539676673,0.000383526879465604,0.00044612534314785,0.000551159849491822,0.00109296983911885,0.000562977265343083,0.000441951569742227,0.000238983989210089,0.000494365717799664,0.000507738118888356,0.000198874628744182,0.000837789883971935,0.000578592745935111,0.00033013743441227,8.57317882206108e-05,0.000528304304790332,0.000265416201046887,0.000235168318984412,0,0,0,0,0,0,0,0,0,0,0,0,0,0,0,0,0,0,0,0,0,0,0,0
0,0,0,0,0,0,0,0,0,0,0,0,0,0,0,0,0,0,0,0,0,0,0,0,0,0,0,0,0,0,0,0,0,0,0,0,0,0,9.83573846803838e-05,0.000569529767285806,0.00044967654959492,0.00133026899921953,0.00100154781876267,0.00289494556883164,0.00600912673814663,0.0062604655594637,0.00513923018181964,0.00544184875671113,0.00391780897348111,0.00199646505235596,0.00181731218811412,0.0014369108557472,0.00101707582299676,0.00100873661041389,0.00090853630876424,0.000557315877850836,0.000372726733688524,0.000291702568342467,0.000843077263737216,0.00102327753087734,0.000450913972430858,0.000965211371361231,0.000714731120698257,0,0.000832624240390961,0.00188237809115931,0.000582243356369058,0.000382576432740438,0.000435545972884488,0.000422230945543148,0.000239640868535303,0.000420038471940607,0.000391842828750576,0.000561365059722382,3.46447241300123e-05,0,0,0,0,0,0,0,0,0,0,0,0,0,0,0,0,0,0,0,0,0,0,0,0,0
0,0,0,0,0,0,0,0,0,0,0,0,0,0,0,0,0,0,0,0,0,0,0,0,0,0,0,0,0,0,0,0,0,0,0,0,0,0,9.31132971298891e-05,0.00016968966929506,0.000166898831915252,0.000475710642424296,0.000852166180370561,0.00183531897745179,0.00520507222404912,0.00434594439603498,0.00542348527208714,0.00593673434842884,0.00250918007503558,0.00155755734649042,0.00207166111874141,0.000983997684915846,0.000291150439951385,0.00097006530584386,0.000663824399407466,0.000223276198137836,0.000271182875089138,0.000639830306643076,0.000509717624884087,0.000462062988789733,0.000170693439143575,0.000616493221987641,0.000470493392544401,0.00046601568668189,0.00048266687642868,0.000277580986542532,0.000502056180510669,0.00108065707125176,0.000525617623969173,0.000361298970533937,0.000345453650378895,0.000438978793898252,0.000364268432737803,8.54971964173191e-05,2.13310670951194e-05,8.81007130487826e-06,0,0,0,0,0,0,0,0,0,0,0,0,0,0,0,0,0,0,0,0,0,0,0,0
0,0,0,0,0,0,0,0,0,0,0,0,0,0,0,0,0,0,0,0,0,0,0,0,0,0,0,0,0,0,0,0,0,0,0,0,0,0,0,0,6.28820971879615e-05,0.00083197475160596,0.000682439352942026,0.00156304867025309,0.00348832661052042,0.00370433178891745,0.00549302915348,0.00483673027160046,0.00439980087218063,0.00251534421908757,0.000814897577608445,0.00114723349998597,4.29011569571735e-05,4.47207613609475e-05,0.000792647994196853,0.000309650646041775,0.000672554152912119,0.000771236096619495,0.000472358553901419,0.00119212209774249,0.0004605279006135,0.000472763247572555,0.000561009430562284,0.000207132413402345,1.73090032422277e-05,0.000877044878522911,0.00159506651928068,0.00025756676852028,0.000296730724253771,6.26266182326642e-05,0.00145733718228202,0.000343844882524847,0.000456581774418623,0.000618313583829111,0.000719559371120433,0.000168778004005599,0,0,0,0,0,0,0,0,0,0,0,0,0,0,0,0,0,0,0,0,0,0,0,0
0,0,0,0,0,0,0,0,0,0,0,0,0,0,0,0,0,0,0,0,0,0,0,0,0,0,0,0,0,0,0,0,0,0,0,0,0,0,0,0,0,6.99562802388607e-05,0.000902868856167046,0.00170863504935232,0.00325184780810699,0.00386995284289238,0.00501201718980641,0.00372569518276003,0.00334902985592384,0.00152311254068602,0.00176262186245101,0.00187471122520762,0.000455805108783717,0.000230804453317917,0.000662468161636196,0.0010232064414468,0.000479995154005316,0.00116957478179217,0.000829958769414144,0.00100714327046537,0.00130122212187543,0.000494418144613344,0.000580921703106107,0.000568437350893951,0.000171603906183789,0.000636462605539446,0.00145369161637335,2.78898188664805e-05,0.000231895877640658,0.000214974761540161,0.000574394929229843,0.00054959978188927,0.000602948722744283,0.000202477704888536,0.000227491738013137,6.1248705307238e-06,0,0,0,0,0,0,0,0,0,0,0,0,0,0,0,0,0,0,0,0,0,0,0,0
0,0,0,0,0,0,0,0,0,0,0,0,0,0,0,0,0,0,0,0,0,0,0,0,0,0,0,0,0,0,0,0,0,0,0,0,0,0,0,0,0,9.5637544980989e-06,0.000432108508543846,0.00179884295586431,0.00344337631728186,0.00423675150829566,0.00380660651381914,0.00478598245584851,0.00278449462299614,0.0024291067103423,0.0025071644503888,0.000907536623570641,0.000457207264428587,0.000136751205745265,0.00148825557495567,0.00114251070180747,0.000505916320148115,0.000208343532995829,0.000510294396133309,0.000702736644563971,0.00129191496084542,0.000573407508657107,0.000833952546298215,0.000741854275194943,0.000703197521937824,0.00056912656399162,0.0013750856122746,0.000841811054502121,0.000732963057580904,0.000307003140893208,0.000658008476251864,0.00132091700000182,0.000591706899451473,9.35586040312968e-05,0.000235291864534275,0.00024263444764084,0.000241484878985752,0,0,0,0,0,0,0,0,0,0,0,0,0,0,0,0,0,0,0,0,0,0,0
0,0,0,0,0,0,0,0,0,0,0,0,0,0,0,0,0,0,0,0,0,0,0,0,0,0,0,0,0,0,0,0,0,0,0,0,0,0,0,0,0,0,4.55249224886349e-06,0.000142415681102298,0.000549081476515136,0.00307100575764796,0.0032631452514585,0.00460898264084182,0.00383930869148974,0.00529688684782907,0.00306117474571226,0.00100633248093569,0.000905950682396805,0.000301464644997866,0.00152583659661879,0.00125168902740338,0.00100892559388911,0.000969263078873279,0.00119974730100127,0.000952183802933997,0.00100362619505669,0.00134936698369261,0.00163422759425953,0.00112144293041968,0.000886569159324835,0.00113213977111136,0.00148278237002178,0.000711781424668163,0.000754818695792252,0.00103092757304371,0.000513794102302959,0.000622380072828157,9.74989009870204e-05,0,0.000196848307794245,0.00021861564235866,7.02214752209681e-05,0,0,0,0,0,0,0,0,0,0,0,0,0,0,0,0,0,0,0,0,0,0,0
0,0,0,0,0,0,0,0,0,0,0,0,0,0,0,0,0,0,0,0,0,0,0,0,0,0,0,0,0,0,0,0,0,0,0,0,0,0,0,0,0,0,0,0,0.00139519726710855,0.00245451886386296,0.00187640329674564,0.00256861172759301,0.00300073549918606,0.00326166069479436,0.00410209272843819,0.00183393801203806,0.00122559068200338,0.000653387123297254,0.00139876105848187,0.000552473169797326,0.000452607883187134,0.000848493275734021,0.00265760379595326,0.00153412404543064,0.00151910368799305,0.00145498669165258,0.00138576663175042,0.00115518411577013,0.000553451708765959,0.00123405475394924,0.00123672071038934,0.000854936578152469,0.000294510040451508,0.000870627593745544,0.000285087556924796,0.000282421395343812,0.000104085622433734,0,0.000134388491636608,0.000243606292642513,0,0,0,0,0,0,0,0,0,0,0,0,0,0,0,0,0,0,0,0,0,0,0,0
0,0,0,0,0,0,0,0,0,0,0,0,0,0,0,0,0,0,0,0,0,0,0,0,0,0,0,0,0,0,0,0,0,0,0,0,0,0,0,0,0,0,0,1.45594287465909e-05,0.000381491893687146,7.62887563462221e-05,0.000872501262643099,0.00343043816622433,0.00231016832326052,0.00285139529483324,0.00355167527979082,0.00353958429624714,0.00170975083416427,0.00168979069082655,0.00262439177661412,0.00118176048418844,0.000217012082201282,0.000859763058245087,0.000844546117773585,0.000542283871953172,0.000784575678928345,0.00135125839349475,0.000723742543423945,0.000193502394649108,0.000402988806768732,0.00133997930275188,0.000527091625707077,0.000856663604523753,0.000475703364125858,0.000640834708299003,0.000430404739435193,0.000395353680981137,0,0,0,0,0,0,0,0,0,0,0,0,0,0,0,0,0,0,0,0,0,0,0,0,0,0,0,0
0,0,0,0,0,0,0,0,0,0,0,0,0,0,0,0,0,0,0,0,0,0,0,0,0,0,0,0,0,0,0,0,0,0,0,0,0,0,0,0,0,0,0,4.57127570183099e-06,0.000114903564185941,0,0.000312534169168841,0.00115439291452502,0.00184807691552703,0.00184225168158724,0.00181587647867809,0.00212613600221918,0.00316233396829607,0.00168047745718798,0.00200252597153066,0.00234925171077405,0.00131386473794914,0.00133177951246304,0.000451748810732465,0.00102219111716604,0.000963718165122793,0.00157198313712758,0.00055912028441172,0.000752732033809075,0.000267408510468345,0.000708188394952188,0.000863496907418188,0.00087696191988361,0.000704455625289699,0.000545319982796827,0.000144647331545935,5.39498211960008e-05,0,0,0,0,0,0,0,0,0,0,0,0,0,0,0,0,0,0,0,0,0,0,0,0,0,0,0,0
0,0,0,0,0,0,0,0,0,0,0,0,0,0,0,0,0,0,0,0,0,0,0,0,0,0,0,0,0,0,0,0,0,0,0,0,0,0,0,0,0,0,0,0,0,0,5.72803165221903e-05,0.000194886272207852,0.000834634429136017,0.000484877487544995,0.000870750329021539,0.000719583995943216,0.00234422835291297,0.00157640182549584,0.00288161430724885,0.00161952970333095,0.00104537690797908,0.00158517526401217,0.00118142554021388,0.00197427524859658,0.000957068850589794,0.000643186983433979,0.000957220894387648,0.00108506901870984,0.00108605358350831,0.00113390153866697,0.000586634961248875,0.000364861776274449,8.20418965113587e-05,0.000125146800777345,0,0,0,0,0,0,0,0,0,0,0,0,0,0,0,0,0,0,0,0,0,0,0,0,0,0,0,0,0,0
0,0,0,0,0,0,0,0,0,0,0,0,0,0,0,0,0,0,0,0,0,0,0,0,0,0,0,0,0,0,0,0,0,0,0,0,0,0,0,0,0,0,0,0,0,0,0,0,0.000139824615583288,0.00101219889384369,1.0513000774716e-05,0.000326985150868099,0.00161159289494163,0.00232289058496298,0.00216966345813181,0.00141529310473145,0.000447098477531895,0.00165725953253453,0.00163057689219673,0.00115708166508032,0.000249967132006176,0.000983040499830476,0.000572790754862751,0.000371815014195852,0.000812697726035179,0.000443372247199567,0.000103661782435641,0.000144302650582511,0.000182184586409207,1.94573788191195e-06,0,0,0,0,0,0,0,0,0,0,0,0,0,0,0,0,0,0,0,0,0,0,0,0,0,0,0,0,0,0
0,0,0,0,0,0,0,0,0,0,0,0,0,0,0,0,0,0,0,0,0,0,0,0,0,0,0,0,0,0,0,0,0,0,0,0,0,0,0,0,0,0,0,0,0,0,0,0,1.72935719905785e-05,0.00016479845565328,2.92218122565194e-06,0.000351892273248466,0.000710834468504029,0.00059355101584494,0.00033012004545009,0.0018200581395731,0.000904829151955079,0.00092925374090599,0.000423260444128556,0.000617978253261545,0.00037102291407143,0.0011257574879098,0.00117267637721722,0.000157005400230536,0.000152526094228539,0.000129443225505413,0.000428334854968613,0.000487569270097745,0.000792116719771866,0.000165139906702025,0,0,0,0,0,0,0,0,0,0,0,0,0,0,0,0,0,0,0,0,0,0,0,0,0,0,0,0,0,0
0,0,0,0,0,0,0,0,0,0,0,0,0,0,0,0,0,0,0,0,0,0,0,0,0,0,0,0,0,0,0,0,0,0,0,0,0,0,0,0,0,0,0,0,0,0,0,0,0,0,6.44787989959269e-06,0.000879565628388671,0.00049122727142184,0.000504560458831142,0.000892476081624664,0.00148465722148316,0.000773906109603028,0.0010394393564331,0.000513409967590125,0.000615811755089219,0.000291872453635039,0.000150209471829944,0.000689795197434413,0.000242751650672594,0.000340089534148309,0.000298430342214043,0,0,0.000332643256490992,1.55032215394802e-05,0,0,0,0,0,0,0,0,0,0,0,0,0,0,0,0,0,0,0,0,0,0,0,0,0,0,0,0,0,0
0,0,0,0,0,0,0,0,0,0,0,0,0,0,0,0,0,0,0,0,0,0,0,0,0,0,0,0,0,0,0,0,0,0,0,0,0,0,0,0,0,0,0,0,0,0,0,0,0,0,4.99188317277813e-06,0.000213189347557186,4.53897298178547e-05,0.000167529246020946,0.000486462515979462,0.000546373358684688,0.000394345192870141,0.000517009647400424,0.000472040331096666,0.000156582525140806,0,0,0,8.03519994790881e-05,6.96530943934654e-05,1.11567835584241e-05,0,0,0,0,0,0,0,0,0,0,0,0,0,0,0,0,0,0,0,0,0,0,0,0,0,0,0,0,0,0,0,0,0,0
0,0,0,0,0,0,0,0,0,0,0,0,0,0,0,0,0,0,0,0,0,0,0,0,0,0,0,0,0,0,0,0,0,0,0,0,0,0,0,0,0,0,0,0,0,0,0,0,0,0,0,0,0,0,0,1.40556350376667e-06,0.00024941059822961,0.000542330203579588,0.000836035360814285,0.000291568278493091,0.000102499604993387,0,0,0,0,0,0,0,0,0,0,0,0,0,0,0,0,0,0,0,0,0,0,0,0,0,0,0,0,0,0,0,0,0,0,0,0,0,0,0
0,0,0,0,0,0,0,0,0,0,0,0,0,0,0,0,0,0,0,0,0,0,0,0,0,0,0,0,0,0,0,0,0,0,0,0,0,0,0,0,0,0,0,0,0,0,0,0,0,0,0,0,0,0,0,0.00025669614500493,0.000169670277707419,0,0.000141387647078009,0.000161044403029099,5.59938916086646e-05,0,0,0,0,0,0,0,0,0,0,0,0,0,0,0,0,0,0,0,0,0,0,0,0,0,0,0,0,0,0,0,0,0,0,0,0,0,0,0
0,0,0,0,0,0,0,0,0,0,0,0,0,0,0,0,0,0,0,0,0,0,0,0,0,0,0,0,0,0,0,0,0,0,0,0,0,0,0,0,0,0,0,0,0,0,0,0,0,0,0,0,0,0,0,4.43314820909683e-05,2.93020951966832e-05,0,0,0,0,0,0,0,0,0,0,0,0,0,0,0,0,0,0,0,0,0,0,0,0,0,0,0,0,0,0,0,0,0,0,0,0,0,0,0,0,0,0,0
0,0,0,0,0,0,0,0,0,0,0,0,0,0,0,0,0,0,0,0,0,0,0,0,0,0,0,0,0,0,0,0,0,0,0,0,0,0,0,0,0,0,0,0,0,0,0,0,0,0,0,0,0,0,0,0,0,0,0,0,0,0,0,0,0,0,0,0,0,0,0,0,0,0,0,0,0,0,0,0,0,0,0,0,0,0,0,0,0,0,0,0,0,0,0,0,0,0,0,0
0,0,0,0,0,0,0,0,0,0,0,0,0,0,0,0,0,0,0,0,0,0,0,0,0,0,0,0,0,0,0,0,0,0,0,0,0,0,0,0,0,0,0,0,0,0,0,0,0,0,0,0,0,0,0,0,0,0,0,0,0,0,0,0,0,0,0,0,0,0,0,0,0,0,0,0,0,0,0,0,0,0,0,0,0,0,0,0,0,0,0,0,0,0,0,0,0,0,0,0
0,0,0,0,0,0,0,0,0,0,0,0,0,0,0,0,0,0,0,0,0,0,0,0,0,0,0,0,0,0,0,0,0,0,0,0,0,0,0,0,0,0,0,0,0,0,0,0,0,0,0,0,0,0,0,0,0,0,0,0,0,0,0,0,0,0,0,0,0,0,0,0,0,0,0,0,0,0,0,0,0,0,0,0,0,0,0,0,0,0,0,0,0,0,0,0,0,0,0,0
0,0,0,0,0,0,0,0,0,0,0,0,0,0,0,0,0,0,0,0,0,0,0,0,0,0,0,0,0,0,0,0,0,0,0,0,0,0,0,0,0,0,0,0,0,0,0,0,0,0,0,0,0,0,0,0,0,0,0,0,0,0,0,0,0,0,0,0,0,0,0,0,0,0,0,0,0,0,0,0,0,0,0,0,0,0,0,0,0,0,0,0,0,0,0,0,0,0,0,0
0,0,0,0,0,0,0,0,0,0,0,0,0,0,0,0,0,0,0,0,0,0,0,0,0,0,0,0,0,0,0,0,0,0,0,0,0,0,0,0,0,0,0,0,0,0,0,0,0,0,0,0,0,0,0,0,0,0,0,0,0,0,0,0,0,0,0,0,0,0,0,0,0,0,0,0,0,0,0,0,0,0,0,0,0,0,0,0,0,0,0,0,0,0,0,0,0,0,0,0
0,0,0,0,0,0,0,0,0,0,0,0,0,0,0,0,0,0,0,0,0,0,0,0,0,0,0,0,0,0,0,0,0,0,0,0,0,0,0,0,0,0,0,0,0,0,0,0,0,0,0,0,0,0,0,0,0,0,0,0,0,0,0,0,0,0,0,0,0,0,0,0,0,0,0,0,0,0,0,0,0,0,0,0,0,0,0,0,0,0,0,0,0,0,0,0,0,0,0,0
0,0,0,0,0,0,0,0,0,0,0,0,0,0,0,0,0,0,0,0,0,0,0,0,0,0,0,0,0,0,0,0,0,0,0,0,0,0,0,0,0,0,0,0,0,0,0,0,0,0,0,0,0,0,0,0,0,0,0,0,0,0,0,0,0,0,0,0,0,0,0,0,0,0,0,0,0,0,0,0,0,0,0,0,0,0,0,0,0,0,0,0,0,0,0,0,0,0,0,0
0,0,0,0,0,0,0,0,0,0,0,0,0,0,0,0,0,0,0,0,0,0,0,0,0,0,0,0,0,0,0,0,0,0,0,0,0,0,0,0,0,0,0,0,0,0,0,0,0,0,0,0,0,0,0,0,0,0,0,0,0,0,0,0,0,0,0,0,0,0,0,0,0,0,0,0,0,0,0,0,0,0,0,0,0,0,0,0,0,0,0,0,0,0,0,0,0,0,0,0
0,0,0,0,0,0,0,0,0,0,0,0,0,0,0,0,0,0,0,0,0,0,0,0,0,0,0,0,0,0,0,0,0,0,0,0,0,0,0,0,0,0,0,0,0,0,0,0,0,0,0,0,0,0,0,0,0,0,0,0,0,0,0,0,0,0,0,0,0,0,0,0,0,0,0,0,0,0,0,0,0,0,0,0,0,0,0,0,0,0,0,0,0,0,0,0,0,0,0,0
0,0,0,0,0,0,0,0,0,0,0,0,0,0,0,0,0,0,0,0,0,0,0,0,0,0,0,0,0,0,0,0,0,0,0,0,0,0,0,0,0,0,0,0,0,0,0,0,0,0,0,0,0,0,0,0,0,0,0,0,0,0,0,0,0,0,0,0,0,0,0,0,0,0,0,0,0,0,0,0,0,0,0,0,0,0,0,0,0,0,0,0,0,0,0,0,0,0,0,0
0,0,0,0,0,0,0,0,0,0,0,0,0,0,0,0,0,0,0,0,0,0,0,0,0,0,0,0,0,0,0,0,0,0,0,0,0,0,0,0,0,0,0,0,0,0,0,0,0,0,0,0,0,0,0,0,0,0,0,0,0,0,0,0,0,0,0,0,0,0,0,0,0,0,0,0,0,0,0,0,0,0,0,0,0,0,0,0,0,0,0,0,0,0,0,0,0,0,0,0
0,0,0,0,0,0,0,0,0,0,0,0,0,0,0,0,0,0,0,0,0,0,0,0,0,0,0,0,0,0,0,0,0,0,0,0,0,0,0,0,0,0,0,0,0,0,0,0,0,0,0,0,0,0,0,0,0,0,0,0,0,0,0,0,0,0,0,0,0,0,0,0,0,0,0,0,0,0,0,0,0,0,0,0,0,0,0,0,0,0,0,0,0,0,0,0,0,0,0,0
0,0,0,0,0,0,0,0,0,0,0,0,0,0,0,0,0,0,0,0,0,0,0,0,0,0,0,0,0,0,0,0,0,0,0,0,0,0,0,0,0,0,0,0,0,0,0,0,0,0,0,0,0,0,0,0,0,0,0,0,0,0,0,0,0,0,0,0,0,0,0,0,0,0,0,0,0,0,0,0,0,0,0,0,0,0,0,0,0,0,0,0,0,0,0,0,0,0,0,0
0,0,0,0,0,0,0,0,0,0,0,0,0,0,0,0,0,0,0,0,0,0,0,0,0,0,0,0,0,0,0,0,0,0,0,0,0,0,0,0,0,0,0,0,0,0,0,0,0,0,0,0,0,0,0,0,0,0,0,0,0,0,0,0,0,0,0,0,0,0,0,0,0,0,0,0,0,0,0,0,0,0,0,0,0,0,0,0,0,0,0,0,0,0,0,0,0,0,0,0
0,0,0,0,0,0,0,0,0,0,0,0,0,0,0,0,0,0,0,0,0,0,0,0,0,0,0,0,0,0,0,0,0,0,0,0,0,0,0,0,0,0,0,0,0,0,0,0,0,0,0,0,0,0,0,0,0,0,0,0,0,0,0,0,0,0,0,0,0,0,0,0,0,0,0,0,0,0,0,0,0,0,0,0,0,0,0,0,0,0,0,0,0,0,0,0,0,0,0,0
0,0,0,0,0,0,0,0,0,0,0,0,0,0,0,0,0,0,0,0,0,0,0,0,0,0,0,0,0,0,0,0,0,0,0,0,0,0,0,0,0,0,0,0,0,0,0,0,0,0,0,0,0,0,0,0,0,0,0,0,0,0,0,0,0,0,0,0,0,0,0,0,0,0,0,0,0,0,0,0,0,0,0,0,0,0,0,0,0,0,0,0,0,0,0,0,0,0,0,0
0,0,0,0,0,0,0,0,0,0,0,0,0,0,0,0,0,0,0,0,0,0,0,0,0,0,0,0,0,0,0,0,0,0,0,0,0,0,0,0,0,0,0,0,0,0,0,0,0,0,0,0,0,0,0,0,0,0,0,0,0,0,0,0,0,0,0,0,0,0,0,0,0,0,0,0,0,0,0,0,0,0,0,0,0,0,0,0,0,0,0,0,0,0,0,0,0,0,0,0
0,0,0,0,0,0,0,0,0,0,0,0,0,0,0,0,0,0,0,0,0,0,0,0,0,0,0,0,0,0,0,0,0,0,0,0,0,0,0,0,0,0,0,0,0,0,0,0,0,0,0,0,0,0,0,0,0,0,0,0,0,0,0,0,0,0,0,0,0,0,0,0,0,0,0,0,0,0,0,0,0,0,0,0,0,0,0,0,0,0,0,0,0,0,0,0,0,0,0,0
0,0,0,0,0,0,0,0,0,0,0,0,0,0,0,0,0,0,0,0,0,0,0,0,0,0,0,0,0,0,0,0,0,0,0,0,0,0,0,0,0,0,0,0,0,0,0,0,0,0,0,0,0,0,0,0,0,0,0,0,0,0,0,0,0,0,0,0,0,0,0,0,0,0,0,0,0,0,0,0,0,0,0,0,0,0,0,0,0,0,0,0,0,0,0,0,0,0,0,0
0,0,0,0,0,0,0,0,0,0,0,0,0,0,0,0,0,0,0,0,0,0,0,0,0,0,0,0,0,0,0,0,0,0,0,0,0,0,0,0,0,0,0,0,0,0,0,0,0,0,0,0,0,0,0,0,0,0,0,0,0,0,0,0,0,0,0,0,0,0,0,0,0,0,0,0,0,0,0,0,0,0,0,0,0,0,0,0,0,0,0,0,0,0,0,0,0,0,0,0
0,0,0,0,0,0,0,0,0,0,0,0,0,0,0,0,0,0,0,0,0,0,0,0,0,0,0,0,0,0,0,0,0,0,0,0,0,0,0,0,0,0,0,0,0,0,0,0,0,0,0,0,0,0,0,0,0,0,0,0,0,0,0,0,0,0,0,0,0,0,0,0,0,0,0,0,0,0,0,0,0,0,0,0,0,0,0,0,0,0,0,0,0,0,0,0,0,0,0,0
0,0,0,0,0,0,0,0,0,0,0,0,0,0,0,0,0,0,0,0,0,0,0,0,0,0,0,0,0,0,0,0,0,0,0,0,0,0,0,0,0,0,0,0,0,0,0,0,0,0,0,0,0,0,0,0,0,0,0,0,0,0,0,0,0,0,0,0,0,0,0,0,0,0,0,0,0,0,0,0,0,0,0,0,0,0,0,0,0,0,0,0,0,0,0,0,0,0,0,0
0,0,0,0,0,0,0,0,0,0,0,0,0,0,0,0,0,0,0,0,0,0,0,0,0,0,0,0,0,0,0,0,0,0,0,0,0,0,0,0,0,0,0,0,0,0,0,0,0,0,0,0,0,0,0,0,0,0,0,0,0,0,0,0,0,0,0,0,0,0,0,0,0,0,0,0,0,0,0,0,0,0,0,0,0,0,0,0,0,0,0,0,0,0,0,0,0,0,0,0
0,0,0,0,0,0,0,0,0,0,0,0,0,0,0,0,0,0,0,0,0,0,0,0,0,0,0,0,0,0,0,0,0,0,0,0,0,0,0,0,0,0,0,0,0,0,0,0,0,0,0,0,0,0,0,0,0,0,0,0,0,0,0,0,0,0,0,0,0,0,0,0,0,0,0,0,0,0,0,0,0,0,0,0,0,0,0,0,0,0,0,0,0,0,0,0,0,0,0,0
0,0,0,0,0,0,0,0,0,0,0,0,0,0,0,0,0,0,0,0,0,0,0,0,0,0,0,0,0,0,0,0,0,0,0,0,0,0,0,0,0,0,0,0,0,0,0,0,0,0,0,0,0,0,0,0,0,0,0,0,0,0,0,0,0,0,0,0,0,0,0,0,0,0,0,0,0,0,0,0,0,0,0,0,0,0,0,0,0,0,0,0,0,0,0,0,0,0,0,0
0,0,0,0,0,0,0,0,0,0,0,0,0,0,0,0,0,0,0,0,0,0,0,0,0,0,0,0,0,0,0,0,0,0,0,0,0,0,0,0,0,0,0,0,0,0,0,0,0,0,0,0,0,0,0,0,0,0,0,0,0,0,0,0,0,0,0,0,0,0,0,0,0,0,0,0,0,0,0,0,0,0,0,0,0,0,0,0,0,0,0,0,0,0,0,0,0,0,0,0
0,0,0,0,0,0,0,0,0,0,0,0,0,0,0,0,0,0,0,0,0,0,0,0,0,0,0,0,0,0,0,0,0,0,0,0,0,0,0,0,0,0,0,0,0,0,0,0,0,0,0,0,0,0,0,0,0,0,0,0,0,0,0,0,0,0,0,0,0,0,0,0,0,0,0,0,0,0,0,0,0,0,0,0,0,0,0,0,0,0,0,0,0,0,0,0,0,0,0,0
0,0,0,0,0,0,0,0,0,0,0,0,0,0,0,0,0,0,0,0,0,0,0,0,0,0,0,0,0,0,0,0,0,0,0,0,0,0,0,0,0,0,0,0,0,0,0,0,0,0,0,0,0,0,0,0,0,0,0,0,0,0,0,0,0,0,0,0,0,0,0,0,0,0,0,0,0,0,0,0,0,0,0,0,0,0,0,0,0,0,0,0,0,0,0,0,0,0,0,0
0,0,0,0,0,0,0,0,0,0,0,0,0,0,0,0,0,0,0,0,0,0,0,0,0,0,0,0,0,0,0,0,0,0,0,0,0,0,0,0,0,0,0,0,0,0,0,0,0,0,0,0,0,0,0,0,0,0,0,0,0,0,0,0,0,0,0,0,0,0,0,0,0,0,0,0,0,0,0,0,0,0,0,0,0,0,0,0,0,0,0,0,0,0,0,0,0,0,0,0
0,0,0,0,0,0,0,0,0,0,0,0,0,0,0,0,0,0,0,0,0,0,0,0,0,0,0,0,0,0,0,0,0,0,0,0,0,0,0,0,0,0,0,0,0,0,0,0,0,0,0,0,0,0,0,0,0,0,0,0,0,0,0,0,0,0,0,0,0,0,0,0,0,0,0,0,0,0,0,0,0,0,0,0,0,0,0,0,0,0,0,0,0,0,0,0,0,0,0,0
0,0,0,0,0,0,0,0,0,0,0,0,0,0,0,0,0,0,0,0,0,0,0,0,0,0,0,0,0,0,0,0,0,0,0,0,0,0,0,0,0,0,0,0,0,0,0,0,0,0,0,0,0,0,0,0,0,0,0,0,0,0,0,0,0,0,0,0,0,0,0,0,0,0,0,0,0,0,0,0,0,0,0,0,0,0,0,0,0,0,0,0,0,0,0,0,0,0,0,0
0,0,0,0,0,0,0,0,0,0,0,0,0,0,0,0,0,0,0,0,0,0,0,0,0,0,0,0,0,0,0,0,0,0,0,0,0,0,0,0,0,0,0,0,0,0,0,0,0,0,0,0,0,0,0,0,0,0,0,0,0,0,0,0,0,0,0,0,0,0,0,0,0,0,0,0,0,0,0,0,0,0,0,0,0,0,0,0,0,0,0,0,0,0,0,0,0,0,0,0
