0,0,0,0,0,0,0,0,0,0,0,0,0,0,0,0,0,0,0,0,0,0,0,0,0,0,0,0,0,0,0,0,0,0,0,0,0,0,0,0,0,0,0,0,0,0,0,0,0,0,0,0,0,0,0,0,0,0,0,0,0,0,0,0,0,0,0,0,0,0,0,0,0,0,0,0,0,0,0,0,0,0,0,0,0,0,0,0,0,0,0,0,0,0,0,0,0,0,0,0
0,0,0,0,0,0,0,0,0,0,0,0,0,0,0,0,0,0,0,0,0,0,0,0,0,0,0,0,0,0,0,0,0,0,0,0,0,0,0,0,0,0,0,0,0,0,0,0,0,0,0,0,0,0,0,0,0,0,0,0,0,0,0,0,0,0,0,0,0,0,0,0,0,0,0,0,0,0,0,0,0,0,0,0,0,0,0,0,0,0,0,0,0,0,0,0,0,0,0,0
0,0,0,0,0,0,0,0,0,0,0,0,0,0,0,0,0,0,0,0,0,0,0,0,0,0,0,0,0,0,0,0,0,0,0,0,0,0,0,0,0,0,0,0,0,0,0,0,0,0,0,0,0,0,0,0,0,0,0,0,0,0,0,0,0,0,0,0,0,0,0,0,0,0,0,0,0,0,0,0,0,0,0,0,0,0,0,0,0,0,0,0,0,0,0,0,0,0,0,0
0,0,0,0,0,0,0,0,0,0,0,0,0,0,0,0,0,0,0,0,0,0,0,0,0,0,0,0,0,0,0,0,0,0,0,0,0,0,0,0,0,0,0,0,0,0,0,0,0,0,0,0,0,0,0,0,0,0,0,0,0,0,0,0,0,0,0,0,0,0,0,0,0,0,0,0,0,0,0,0,0,0,0,0,0,0,0,0,0,0,0,0,0,0,0,0,0,0,0,0
0,0,0,0,0,0,0,0,0,0,0,0,0,0,0,0,0,0,0,0,0,0,0,0,0,0,0,0,0,0,0,0,0,0,0,0,0,0,0,0,0,0,0,0,0,0,0,0,0,0,0,0,0,0,0,0,0,0,0,0,0,0,0,0,0,0,0,0,0,0,0,0,0,0,0,0,0,0,0,0,0,0,0,0,0,0,0,0,0,0,0,0,0,0,0,0,0,0,0,0
0,0,0,0,0,0,0,0,0,0,0,0,0,0,0,0,0,0,0,0,0,0,0,0,0,0,0,0,0,0,0,0,0,0,0,0,0,0,0,0,0,0,0,0,0,0,0,0,0,0,0,0,0,0,0,0,0,0,0,0,0,0,0,0,0,0,0,0,0,0,0,0,0,0,0,0,0,0,0,0,0,0,0,0,0,0,0,0,0,0,0,0,0,0,0,0,0,0,0,0
0,0,0,0,0,0,0,0,0,0,0,0,0,0,0,0,0,0,0,0,0,0,0,0,0,0,0,0,0,0,0,0,0,0,0,0,0,0,0,0,0,0,0,0,0,0,0,0,0,0,0,0,0,0,0,0,0,0,0,0,0,0,0,0,0,0,0,0,0,0,0,0,0,0,0,0,0,0,0,0,0,0,0,0,0,0,0,0,0,0,0,0,0,0,0,0,0,0,0,0
0,0,0,0,0,0,0,0,0,0,0,0,0,0,0,0,0,0,0,0,0,0,0,0,0,0,0,0,0,0,0,0,0,0,0,0,0,0,0,0,0,0,0,0,0,0,0,0,0,0,0,0,0,0,0,0,0,0,0,0,0,0,0,0,0,0,0,0,0,0,0,0,0,0,0,0,0,0,0,0,0,0,0,0,0,0,0,0,0,0,0,0,0,0,0,0,0,0,0,0
0,0,0,0,0,0,0,0,0,0,0,0,0,0,0,0,0,0,0,0,0,0,0,0,0,0,0,0,0,0,0,0,0,0,0,0,0,0,0,0,0,0,0,0,0,0,0,0,0,0,0,0,0,0,0,0,0,0,0,0,0,0,0,0,0,0,0,0,0,0,0,0,0,0,0,0,0,0,0,0,0,0,0,0,0,0,0,0,0,0,0,0,0,0,0,0,0,0,0,0
0,0,0,0,0,0,0,0,0,0,0,0,0,0,0,0,0,0,0,0,0,0,0,0,0,0,0,0,0,0,0,0,0,0,0,0,0,0,0,0,0,0,0,0,0,0,0,0,0,0,0,0,0,0,0,0,0,0,0,0,0,0,0,0,0,0,0,0,0,0,0,0,0,0,0,0,0,0,0,0,0,0,0,0,0,0,0,0,0,0,0,0,0,0,0,0,0,0,0,0
0,0,0,0,0,0,0,0,0,0,0,0,0,0,0,0,0,0,0,0,0,0,0,0,0,0,0,0,0,0,0,0,0,0,0,0,0,0,0,0,0,0,0,0,0,0,0,0,0,0,0,0,0,0,0,0,0,0,0,0,0,0,0,0,0,0,0,0,0,0,0,0,0,0,0,0,0,0,0,0,0,0,0,0,0,0,0,0,0,0,0,0,0,0,0,0,0,0,0,0
0,0,0,0,0,0,0,0,0,0,0,0,0,0,0,0,0,0,0,0,0,0,0,0,0,0,0,0,0,0,0,0,0,0,0,0,0,0,0,0,0,0,0,0,0,0,0,0,0,0,0,0,0,0,0,0,0,0,0,0,0,0,0,0,0,0,0,0,0,0,0,0,0,0,0,0,0,0,0,0,0,0,0,0,0,0,0,0,0,0,0,0,0,0,0,0,0,0,0,0
0,0,0,0,0,0,0,0,0,0,0,0,0,0,0,0,0,0,0,0,0,0,0,0,0,0,0,0,0,0,0,0,0,0,0,0,0,0,0,0,0,0,0,0,0,0,0,0,0,0,0,0,0,0,0,0,0,0,0,0,0,0,0,0,0,0,0,0,0,0,0,0,0,0,0,0,0,0,0,0,0,0,0,0,0,0,0,0,0,0,0,0,0,0,0,0,0,0,0,0
0,0,0,0,0,0,0,0,0,0,0,0,0,0,0,0,0,0,0,0,0,0,0,0,0,0,0,0,0,0,0,0,0,0,0,0,0,0,0,0,0,0,0,0,0,0,0,0,0,0,0,0,0,0,0,0,0,0,0,0,0,0,0,0,0,0,0,0,0,0,0,0,0,0,0,0,0,0,0,0,0,0,0,0,0,0,0,0,0,0,0,0,0,0,0,0,0,0,0,0
0,0,0,0,0,0,0,0,0,0,0,0,0,0,0,0,0,0,0,0,0,0,0,0,0,0,0,0,0,0,0,0,0,0,0,0,0,0,0,0,0,0,0,0,0,0,0,0,0,0,0,0,0,0,0,0,0,0,0,0,0,0,0,0,0,0,0,0,0,0,0,0,0,0,0,0,0,0,0,0,0,0,0,0,0,0,0,0,0,0,0,0,0,0,0,0,0,0,0,0
0,0,0,0,0,0,0,0,0,0,0,0,0,0,0,0,0,0,0,0,0,0,0,0,0,0,0,0,0,0,0,0,0,0,0,0,0,0,0,0,0,0,0,0,0,0,0,0,0,0,0,0,0,0,0,0,0,0,0,0,0,0,0,0,0,0,0,0,0,0,0,0,0,0,0,0,0,0,0,0,0,0,0,0,0,0,0,0,0,0,0,0,0,0,0,0,0,0,0,0
0,0,0,0,0,0,0,0,0,0,0,0,0,0,0,0,0,0,0,0,0,0,0,0,0,0,0,0,0,0,0,0,0,0,0,0,0,0,0,0,0,0,0,0,0,0,0,0,0,0,0,0,0,0,0,0,0,0,0,0,0,0,0,0,0,0,0,0,0,0,0,0,0,0,0,0,0,0,0,0,0,0,0,0,0,0,0,0,0,0,0,0,0,0,0,0,0,0,0,0
0,0,0,0,0,0,0,0,0,0,0,0,0,0,0,0,0,0,0,0,0,0,0,0,0,0,0,0,0,0,0,0,0,0,0,0,0,0,0,0,0,0,0,0,0,0,0,0,0,0,0,0,0,0,0,0,0,0,0,0,0,0,0,0,0,0,0,0,0,0,0,0,0,0,0,0,0,0,0,0,0,0,0,0,0,0,0,0,0,0,0,0,0,0,0,0,0,0,0,0
0,0,0,0,0,0,0,0,0,0,0,0,0,0,0,0,0,0,0,0,0,0,0,0,0,0,0,0,0,0,0,0,0,0,0,0,0,0,0,0,0,0,0,0,0,0,0,0,0,0,0,0,0,0,0,0,0,0,0,0,0,0,0,0,0,0,0,0,0,0,0,0,0,0,0,0,0,0,0,0,0,0,0,0,0,0,0,0,0,0,0,0,0,0,0,0,0,0,0,0
0,0,0,0,0,0,0,0,0,0,0,0,0,0,0,0,0,0,0,0,0,0,0,0,0,0,0,0,0,0,0,0,0,0,0,0,0,0,0,0,0,0,0,0,0,0,0,0,0,0,0,0,0,0,0,0,0,0,0,0,0,0,0,0,0,0,0,0,0,0,0,0,0,0,0,0,0,0,0,0,0,0,0,0,0,0,0,0,0,0,0,0,0,0,0,0,0,0,0,0
0,0,0,0,0,0,0,0,0,0,0,0,0,0,0,0,0,0,0,0,0,0,0,0,0,0,0,0,0,0,0,0,0,0,0,0,0,0,0,0,0,0,0,0,0,0,0,0,0,0,0,0,0,0,0,0,0,0,0,0,0,0,0,0,0,0,0,0,0,0,0,0,0,0,0,0,0,0,0,0,0,0,0,0,0,0,0,0,0,0,0,0,0,0,0,0,0,0,0,0
0,0,0,0,0,0,0,0,0,0,0,0,0,0,0,0,0,0,0,0,0,0,0,0,0,0,0,0,0,0,0,0,0,0,0,0,0,0,0,0,0,0,0,0,0,0,0,0,0,0,0,0,0,0,0,0,0,0,0,0,0,0,0,0,0,0,0,0,0,0,0,0,0,0,0,0,0,0,0,0,0,0,0,0,0,0,0,0,0,0,0,0,0,0,0,0,0,0,0,0
0,0,0,0,0,0,0,0,0,0,0,0,0,0,0,0,0,0,0,0,0,0,0,0,0,0,0,0,0,0,0,0,0,0,0,0,0,0,0,0,0,0,0,0,0,0,0,0,0,0,0,0,0,0,0,0,0,0,0,0,0,0,0,0,0,0,0,0,0,0,0,0,0,0,0,0,0,0,0,0,0,0,0,0,0,0,0,0,0,0,0,0,0,0,0,0,0,0,0,0
0,0,0,0,0,0,0,0,0,0,0,0,0,0,0,0,0,0,0,0,0,0,0,0,0,0,0,0,0,0,0,0,0,0,0,0,0,0,0,0,0,0,0,0,0,0,0,0,0,0,0,0,0,0,0,0,0,0,0,0,0,0,0,0,0,0,0,0,0,0,0,0,0,0,0,0,0,0,0,0,0,0,0,0,0,0,0,0,0,0,0,0,0,0,0,0,0,0,0,0
0,0,0,0,0,0,0,0,0,0,0,0,0,4.833892370908e-06,1.21301757884899e-05,0,0,0,0,0,0,0,0,0,0,0,0,0,0,0,0,0,0,0,0,0,0,0,0,0,0,0,0,0,0,0,0,0,0,0,0,0,0,0,0,0,0,0,0,0,0,0,0,0,0,0,0,0,0,0,0,0,0,0,0,0,0,0,0,0,0,0,0,0,0,0,0,0,0,0,0,0,0,0,0,0,0,0,0,0
0,0,0,0,0,0,0,0,0,0,0,0,0,0.000137640552010232,0.00034539537983037,0,0,0,0,0,0,0,0,0,0,0,0,0,0,0,0,0,0,0,0,0,0,0,0,0,0,0,0,0,0,0,0,0,0,0,0,0,0,0,0,0,0,0,0,0,0,0,0,0,0,0,0,0,0,0,0,0,0,0,0,0,0,0,0,0,0,0,0,0,0,0,0,0,0,0,0,0,0,0,0,0,0,0,0,0
0,0,0,0,0,0,0,0,0,0,0,0,0,0,4.7755677166465e-05,0.000125556104438174,0.000355006977427231,8.04846462886004e-05,0,0.000173139655321567,0.000257096204062728,1.70305540441904e-05,0,0,0,0,0,0,0,0,0,0,0,0,0,0,0,0,0,0,0,0,0,0,0,0,0,0,0,0,0,0,0,0,0,0,0,0,0,0,0,0,0,0,0,0,0,0,0,0,0,0,0,0,0,0,0,0,0,0,0,0,0,0,0,0,0,0,0,0,0,0,0,0,0,0,0,0,0,0
0,0,0,0,0,0,0,0,0,0,0,4.82491452832032e-05,0.000229547109883163,0,9.15031163421298e-05,0.000237400775959381,5.25863700614468e-05,0.000224825979461436,0.000148504665158046,0.000652039104994486,0.000581372074725258,0.000374785320966592,1.91803391867788e-05,4.71387557908949e-05,0,0,0,0,0,0,0,0,0,0,0,0,0,0,0,0,0,0,0,0,0,0,0,0,0,0,0,0,0,0,0,0,0,0,0,0,0,0,0,0,0,0,0,0,0,0,0,0,0,0,0,0,0,0,0,0,0,0,0,0,0,0,0,0,0,0,0,0,0,0,0,0,0,0,0,0
0,0,0,0,0,0,0,0,4.39218654071044e-06,0.000449984809370657,0.000307398945160398,0.000418679322174311,0.000688039541831272,0,0.00033360548945671,0.000258495462139771,8.31806282271642e-05,0.000459702003836961,0.000473529417154737,0.000308924617644211,0.000158810085739484,0.00011243906278162,0.000125426121390193,0.000308254783632133,0,0,0,0,0,0,0,0,0,0,0,0,0,0,0,0,0,0,0,0,0,0,0,0,0,0,0,0,0,0,0,0,0,0,0,0,0,0,0,0,0,0,0,0,0,0,0,0,0,0,0,0,0,0,0,0,0,0,0,0,0,0,0,0,0,0,0,0,0,0,0,0,0,0,0,0
0,0,0,0,0,0,0,0,7.39379623752318e-06,0.000583747858563478,0.000519819279264568,0.000860140932085413,0.000404510863404087,0.000388331113245366,0.000184758045430198,0.000204227199308017,0.000721792268892513,0.000705486632453441,0.000586927084680232,0.000599091897836206,0.00067762879667078,0.000461202775704345,0.000182341983773546,0.00030105666082138,0,0,0,0,4.38533152658915e-05,3.91684813097944e-05,0,0,0,0,0,0,0,0,0,0,0,0,0,0,0,0,0,0,0,0,0,0,0,0,0,0,0,0,0,0,0,0,0,0,0,0,0,0,0,0,0,0,0,0,0,0,0,0,0,0,0,0,0,0,0,0,0,0,0,0,0,0,0,0,0,0,0,0,0,0
0,0,0,0,0,0,1.55277863763553e-05,9.65154404450958e-05,9.36415731924105e-06,0.000551128118390417,0.000351910377054797,0.000366842487971461,0.000629122239654919,0.000666421410780728,0.000630309265525759,7.11688257277262e-05,0.000576958563437163,0.000743636436219113,0.000254012916828976,0.000495197090073417,0.000341584688551503,0.000170713317936358,0.000478303965632542,3.14236809346815e-05,0.000144236560849957,0.000406687739774322,0.000291594640304508,0,0.000220253925691687,0.000327061824096022,3.73328241516564e-05,0,0,0,0,0,0,0,0,0,0,0,0,0,0,0,0,0,0,0,0,0,0,0,0,0,0,0,0,0,0,0,0,0,0,0,0,0,0,0,0,0,0,0,0,0,0,0,0,0,0,0,0,0,0,0,0,0,0,0,0,0,0,0,0,0,0,0,0,0
0,0,6.42315271699438e-05,0.00035475010238976,0.000218076300767242,0.00019799819477701,0.000123725361121105,0.000831015982291985,0.000453838229304711,0.000262668785413402,0.000308200324260894,7.95159895047454e-05,0.000308549862110871,0.000147436723740203,0.000174397440635344,0.000238589357271743,0.000804392139723169,0.000820001791233559,0.00040061405278703,0.000565393351512039,0.000133502043550717,0.000183620061719467,0.000215809246619261,5.95683580509599e-05,0.000458722919713115,0.000819961611676943,0.000210456164031158,0.000125772663832995,4.55592429454553e-05,0.000522798176187345,7.39952060691191e-05,0,0,0,0,0,0,0,0,0,0,0,0,0,0,0,0,0,0,0,0,0,0,0,0,0,0,0,0,0,0,0,0,0,0,0,0,0,0,0,0,0,0,0,0,0,0,0,0,0,0,0,0,0,0,0,0,0,0,0,0,0,0,0,0,0,0,0,0,0
0,0,0.000124550214677538,0.000313373315141965,0.000523899489084631,0.000449068253470672,7.21676879669803e-05,0.000626344534827132,0.000648304501444336,0.000186701794097064,0.000325999543542677,0.000200441436687053,9.25602746611756e-05,4.4492957368482e-05,0.000481284887014299,0.00102341360066462,0.000467841625393918,0.000315371859425563,0.000152898529556078,0.000753727921151741,0.000427229451315089,8.56164259067331e-06,0.00053045723121556,0.000431754983310869,0.000245089246945451,4.4474194623256e-05,0.000149042451767104,0.000130617569053714,2.79179564475984e-05,0.000162059047835431,0,0,0,0,0,0,0,0,0,0,0,0,0,0,0,0,0,0,0,0,0,0,0,0,0,0,0,0,0,0,0,0,0,0,0,0,0,0,0,0,0,0,0,0,0,0,0,0,0,0,0,0,0,0,0,0,0,0,0,0,0,0,0,0,0,0,0,0,0,0
0,0,0.000128969409435123,0.000564436468424334,0.000282209996631518,0.000203556716012349,0.000636896991707357,0.000585207091664363,1.48823742620598e-05,0.000250576615775279,0.000662475562154346,0.000464563442837562,0.000448384865394467,0.000174256958605539,0.000538412172934242,0.000725620061547188,0.000298798295021843,0,0.000683442249011469,0.000397876694881261,0.000427143796746081,0.000444782625580869,0.000925890623375409,0.000152390608330133,0.000988963902436739,0.000534827485630289,0.000287268147874217,0.000339627849028643,0,0.00065108756433712,0.000161405553966154,7.52868992841856e-05,0,0,0,0,0,0,0,0,0,0,0,0,0,0,0,0,0,0,0,0,0,0,0,0,0,0,0,0,0,0,0,0,0,0,0,0,0,0,0,0,0,0,0,0,0,0,0,0,0,0,0,0,0,0,0,0,0,0,0,0,0,0,0,0,0,0,0,0
0,0.000154898319043859,0.000527233350041715,0.00040679450738015,0.000444236853178928,0.00083058825671469,0.00101756802416744,0.000849772423734298,0.000848343483309269,0.00034342723460986,0.000899335279509298,0.000402895829481314,0.000756679916953856,0.000443743655430832,0.000843578222195495,0.000357691083473524,0.000347981866687687,0.000231901164637878,0.000903623476989184,0.000801772573596952,0.000283716515200924,0.000176227035894948,0.000449937632107385,0.000577224969381201,0.000368699088357373,0.000294530582521399,0.000381915383208592,0.000198495423522512,8.65147927879653e-05,0.000540741558413206,0.00055938207225353,0.000188078173314762,0,0,0,0,0,0,0,0,0,0,0,0,0,0,0,0,0,0,0,0,0,0,0,0,0,0,0,0,0,0,0,0,0,0,0,0,0,0,0,0,0,0,0,0,0,0,0,0,0,0,0,0,0,0,0,0,0,0,0,0,0,0,0,0,0,0,0,0
0.000266016643947484,0.000587490184887186,0.00101973033814263,0.000706562525761524,0.000811636458985666,1.70162802010849e-06,0.000136049003205517,0.000620172879186683,0.00067667269015943,0.000850424276396224,0.000348432625560131,0.000135745180061575,0.000658498832633277,0.000406026177268296,0.000674524654002822,0.000378947606217536,0.000375052835448405,0.000123835314798804,0.000129364546627893,0.000144322658038582,2.38196160940133e-05,0.000110660326760914,0.000630849363681028,0.000483560823894952,0.000188163237202907,0.000313745637963065,0.00076811987058169,0.000710536440423686,4.80367378726241e-05,0.000351524909580971,6.6028673910605e-05,0,0.000219205312026543,0.000628343975422996,2.8238893221613e-06,0,0,0,0,0,0,0,0,0,0,0,0,0,0,0,0,0,0,0,0,0,0,0,0,0,0,0,0,0,0,0,0,0,0,0,0,0,0,0,0,0,0,0,0,0,0,0,0,0,0,0,0,0,0,0,0,0,0,0,0,0,0,0,0,0
0.000290338523019868,0.00100909391413749,0.00191702540520365,0.00113449056296824,0.00104313817303396,0.000208567897909557,0.000557678885273775,0.000799154097127795,0.00088135308760949,0.000553273635947004,0.000546386974499455,0.000712592800580025,0.000488703789931147,0.00070668607625222,5.37718564249358e-05,0.000570932591892088,0.000244364885261438,4.6896012142238e-05,7.76983252949063e-05,0.000299925022638847,0.000336181007648512,0.000728787598133396,0.000720315085481534,0.000732147084385408,0.000717573890724416,0.000514015569505432,0.000663991930515784,0.000479284435596113,0,0.000569933350989377,0.00013600142253403,0.000203650546236524,0.000117624193443641,0.000152269490851443,1.02221738639293e-06,0,0,0,0,0,0,0,0,0,0,0,0,0,0,0,0,0,0,0,0,0,0,0,0,0,0,0,0,0,0,0,0,0,0,0,0,0,0,0,0,0,0,0,0,0,0,0,0,0,0,0,0,0,0,0,0,0,0,0,0,0,0,0,0,0
0.000156480376657818,0.00111368182490214,0.000732674722963922,0.00165354873082168,0.00205581015796689,0.000849581979752528,0.00122925147077242,0.00155458082097242,0.000420060134458582,0.000515272499148874,0.00068855124721573,0.00019497494861924,0.000474484922083766,0.000659483694070044,0.000139650518575682,0.000234037314235822,0.000546450517484268,0.000698348795666173,0.000210651436443754,0.00153089436633289,0.000343934749677741,5.58930244338145e-05,0.000380005836147822,0.00114219386245166,7.82762614640071e-05,0,0.000162998648433118,0.000445842867890056,2.17686297283226e-06,4.86320423183094e-05,1.73462484371613e-05,0.000124793109887806,0.000184190332526883,0.000536545368873296,0.000292770921302984,0,0,0,0,0,0,0,0,0,0,0,0,0,0,0,0,0,0,0,0,0,0,0,0,0,0,0,0,0,0,0,0,0,0,0,0,0,0,0,0,0,0,0,0,0,0,0,0,0,0,0,0,0,0,0,0,0,0,0,0,0,0,0,0,0
0.000655751328924338,0.000976073023263988,0.00129715339372172,0.0013136322944734,0.00176531565383559,0.00139703991486021,0.000102325600606656,0.000651686739196692,0.000133364718774217,0,0.000527948560327056,0.000437815488236703,0.000294738678102274,0.000841470563654998,0.000580919981890545,0.000116448340349254,0.000603724385324771,0.00114333315720819,0.00039398070345782,6.10947389955329e-05,1.26993206101306e-06,7.7586017926309e-05,0.000334720356579858,0.000655559697393934,0.000196710720037883,0,0.000107538826337835,0.00059818375187854,5.80197144601874e-05,0.000421074725835674,0.000240013896306489,0.000377096182368882,0.000232532216528659,1.35276270709913e-05,2.32330156483381e-05,0,0,0,0,0,0,0,0,0,0,0,0,0,0,0,0,0,0,0,0,0,0,0,0,0,0,0,0,0,0,0,0,0,0,0,0,0,0,0,0,0,0,0,0,0,0,0,0,0,0,0,0,0,0,0,0,0,0,0,0,0,0,0,0,0
0.000862262862368128,0.00175560167142831,0.00232259796143043,0.0015590467496622,0.000931716617655086,0.00142982038182199,0.000216684206031666,7.8339173195709e-05,0.000138953632544912,0.000256086170681114,0.000380210075131917,0.000545696831275655,0.000486075913120117,0.000536327726373008,0.000704145083609923,0.000142090856967051,0.000736088189128382,0.00101574369290945,0.000390967005131091,0,0,0.000499106724860909,0.000625343299859792,0.000573488899091893,4.42644279570803e-05,0,7.77407309031034e-05,0.000187330714437531,0.000503778766905863,0.000530282754951314,0.000863339131831222,0.000546578589660097,0.00128918927164812,0.000207229847208209,0,1.12624070796457e-05,1.14130661889888e-05,0,0,0,0,0,0,0,0,0,0,0,0,0,0,0,0,0,0,0,0,0,0,0,0,0,0,0,0,0,0,0,0,0,0,0,0,0,0,0,0,0,0,0,0,0,0,0,0,0,0,0,0,0,0,0,0,0,0,0,0,0,0,0
0.000549665914319091,0.00186031953162368,0.00159603653166282,0.00145751222329058,0.000730172998602782,0.00112631159886188,0.000807348618743366,0.000379798955320069,0.000405620894240846,0.00063705489438286,0.000242360235770816,0.000301235528451931,0.00022726135842146,0.000240516188148602,0.00144672657869508,0.000656993685394316,0.00133069085369673,0.000833763452562088,0.000291831056753023,0.000172379482810166,0.000604624040173312,0.000536685129822534,0.000794653510226143,0.000513058187799075,0.000424375041306644,0.000170177379672135,7.49626662630572e-05,0.000166028196396487,0.000100256845755692,0.000464452888263668,8.56856246888448e-05,3.65742105585318e-05,0.000246377883529494,0.000185228271038902,0.000143602809882797,0.000270853828269387,0.000240247969807464,0,0,0,0,0,0,0,0,0,0,0,0,0,0,0,0,0,0,0,0,0,0,0,0,0,0,0,0,0,0,0,0,0,0,0,0,0,0,0,0,0,0,0,0,0,0,0,0,0,0,0,0,0,0,0,0,0,0,0,0,0,0,0
0.000670473860007698,0.00232434650262107,0.0030955883128915,0.000612460065953647,0.00091850782005433,0.000363446635573943,0.000318261463101087,0.000259271193488201,0.000523270904679269,9.54583613771341e-05,0.000417099621242146,1.65301943812167e-05,0.000232603859051143,0.000893567956373457,0.000810449625399846,0.000835017797390747,0.000664981233854547,0.000126034343979417,0.000115613598625839,0.000562796421135806,0.000337837579292624,0.000284379629742583,0.000351022673264604,0.000358378166317241,0.000486639975445311,0.000402427399006872,0.000106590608687625,3.01838425555271e-05,0.000270026124898452,0.000490005116516396,0.000765308888407219,0.000221670301006199,0.000153096063694562,0.000171393519862805,0.000261185622077569,6.14342966941492e-05,0,0,0,0,0,0,0,0,0,0,0,0,0,0,0,0,0,0,0,0,0,0,0,0,0,0,0,0,0,0,0,0,0,0,0,0,0,0,0,0,0,0,0,0,0,0,0,0,0,0,0,0,0,0,0,0,0,0,0,0,0,0,0,0
0.00102837441214657,0.00247052926926037,0.00237208065305011,0.000680168626121428,0.000265738575744812,0.000245212000608682,0.000291985265392186,0.000483205326672968,0.000560808138255868,1.16571511681202e-05,0.000740982292357872,0.000386699124470156,0.000319857681891507,0.000741198018848812,0.000244958255777005,0.000469452846582181,0.000699516976803273,0.00042691603637688,0.000267997290041001,0.00072965126406876,0.00114909626707266,0.000526975641273425,0.000772238759320201,0.000505682023703082,0.000455544928977738,0.000671890031079149,0.000411340533163972,0.000265926811809354,0.000183106020831762,0.000426950015955881,0.000788033684882127,0.000793237225863285,0.000802683436842895,7.07891189970393e-05,0,0,4.63384565255137e-05,3.42780772870458e-05,0,0,0,0,0,0,0,0,0,0,0,0,0,0,0,0,0,0,0,0,0,0,0,0,0,0,0,0,0,0,0,0,0,0,0,0,0,0,0,0,0,0,0,0,0,0,0,0,0,0,0,0,0,0,0,0,0,0,0,0,0,0
0.000961140457159126,0.00127511450537659,0.00207838781909429,0.000730067888117967,0.000743408928672384,0.0013962163416328,0.000497415585578003,0.000477729514395262,0.000107245268596282,0,0.000537232044434624,0.000122484028151076,0.000344565229935826,0.000761821716004674,1.53452019302929e-05,0.000623722506490731,0.00053365739643967,0.000416637677458476,0.000124703240092153,0.000187633083299446,0.000466524555566059,0.000209784146637606,0.00033108594448296,0.000193985296242073,0.000376364263013676,0.000491350026061246,0.000218417412925016,0.000310360060360971,0,6.72204890862259e-05,0.000317104360455135,0.000184125247317502,0.000467428976212115,2.84008938570662e-05,6.9110273491337e-05,0.000281173690034464,0.000241061995553303,0.000178321470634137,0,0,0,0,0,0,0,0,0,0,0,0,0,0,0,0,0,0,0,0,0,0,0,0,0,0,0,0,0,0,0,0,0,0,0,0,0,0,0,0,0,0,0,0,0,0,0,0,0,0,0,0,0,0,0,0,0,0,0,0,0,0
0.000634272433135155,0.000889396993752277,0.00246092061583963,0.00200068194153946,0.00196861061492533,0.00143257004634626,0.00080966621206689,0.00106672498094648,0.000391359832559059,0.000783897804234042,0.000380230259376103,0.000623795446023449,0.00058510784750306,0.000283584387484655,0.000348316939590507,0.000103867843319638,0.000430690589862979,5.05226201880829e-05,0.000239219135158239,0.000245732918247627,0.000483529722075251,0.000442765345800806,7.33036639374949e-05,0.000552183134857294,0.000305413631526504,0,1.52113587522165e-05,0.000140929597731334,0,0.000397608032342925,0.00033622431506995,6.32513680782953e-05,8.07465806272123e-05,0.000376615526805138,0.000223088895076871,0.000547878590698489,0,0,0,0,0,0,0,0,0,0,0,0,0,0,0,0,0,0,0,0,0,0,0,0,0,0,0,0,0,0,0,0,0,0,0,0,0,0,0,0,0,0,0,0,0,0,0,0,0,0,0,0,0,0,0,0,0,0,0,0,0,0,0,0
0.000777991370876431,0.0016224703528924,0.00285732407418369,0.001735385258578,0.00268919832433552,0.00175702721007409,0.00115178090327464,0.00121347624688209,0.000329116257602411,0.000285067806616423,0.000418091874333464,0.000959126779417142,0.00128846662737718,0.000124648753529037,0.000202039069955494,0.000560621149767223,0.000686640425495445,0.000154843474761641,0.000222150290444706,0.000272119312559734,0.000488206826651329,0.000386250317819345,0.00038116403988591,0.00024545066643665,0.000168133398427135,0.00049085497959944,0.000118125007618849,0.000181304800814856,0.00030428004184665,0.000241507398529049,0.000427487980970321,0.000351654406940893,0.00024096813000836,0.000189666045911338,7.89481017835197e-05,0.000408003697236725,0,0,0,0,0,0,0,0,0,0,0,0,0,0,0,0,0,0,0,0,0,0,0,0,0,0,0,0,0,0,0,0,0,0,0,0,0,0,0,0,0,0,0,0,0,0,0,0,0,0,0,0,0,0,0,0,0,0,0,0,0,0,0,0
0.00120455527035032,0.00155656073933381,0.00228494889485939,0.0013009870814602,0.00278874105870476,0.00143607651310568,0.000434702620387213,0.000859994785873355,0.000218615512098241,0.000584677219034774,0.000459482706896955,0.000205743763485665,0.000579513875491662,0.00133321471355071,0.000648525328649458,0.00043004372938624,0.000527274206193408,7.1965916649561e-05,0.000393058599247849,0.000296524597243473,0.00065853907160962,0.000960897716492281,0.000679148700047396,0.000945260573152135,0.000444778860083896,0.000979900810363691,0.000765872040137497,0.000556194181387646,0.000698515673962471,0.000597373407390859,0.000548776939962147,0.000465077236647796,0.00069106393441311,0.000311047738416995,0.000149231779879666,0,0,0,0,0,0,0,0,0,0,0,0,0,0,0,0,0,0,0,0,0,0,0,0,0,0,0,0,0,0,0,0,0,0,0,0,0,0,0,0,0,0,0,0,0,0,0,0,0,0,0,0,0,0,0,0,0,0,0,0,0,0,0,0,0
0.000132835556204368,0.000995400189812085,0.00257921272802869,0.00164271794896991,0.00261303768760436,0.00285639226646316,0.000582219395280937,0.000606738184105621,0.000842200788258966,0.00145377695021794,0.000564657487771989,9.42517115106767e-05,9.45321346367124e-05,0.00112317423758735,0.000472326604204795,0.000495629808255172,0.000487185499611203,0.000376328347873579,0.00109986345181932,0.000441535471581761,0.000768836805901001,0.000856125010252863,0.000436996236671495,0.000606197972585615,0.000661664400237319,0.000590116151935892,8.30167685132596e-05,0.000379443326545967,0.00051312230225816,0.000277878871918809,0.000398510583523339,0.000368035891819615,0.00053222591177068,0.000159994497136773,0.000243512310401778,4.60035006959412e-05,0,0,0,0,0,0,0,0,0,0,0,0,0,0,0,0,0,0,0,0,0,0,0,0,0,0,0,0,0,0,0,0,0,0,0,0,0,0,0,0,0,0,0,0,0,0,0,0,0,0,0,0,0,0,0,0,0,0,0,0,0,0,0,0
0.000710806541445896,0.0010012174720018,0.00239109972093569,0.00262248488721678,0.0023272988527432,0.0038725722990503,0.000883022223153622,0.00081118650719217,0.00129549149162309,0.00151816898709672,0.00109908340072043,0.00106290396956503,0.000922280525793946,0.00105568460614237,0.000343189153058944,0.000360406690209317,0.000586120727590828,0.000239443954829913,0.00140577472633651,0.000344008408547468,0.000219521891419035,0.000598156361526851,0.000391369014579439,0.000467799326011827,0.000635425173645486,0.000406625653370903,0.00015393340336404,0.000211392807743744,0.000394361728018277,0.000889875968837921,0.000858043814037807,0.000644654288766592,0.000289516888167886,0.000408474215374589,0.000237819400603325,0.000277493026962218,1.00148211625161e-05,0,0,0,0,0,0,0,0,0,0,0,0,0,0,0,0,0,0,0,0,0,0,0,0,0,0,0,0,0,0,0,0,0,0,0,0,0,0,0,0,0,0,0,0,0,0,0,0,0,0,0,0,0,0,0,0,0,0,0,0,0,0,0
0.00103855358602493,0.00197256841566852,0.00323488346254056,0.00302061102744756,0.00303669202308752,0.00330803112846492,0.00262225713727603,0.00118232156646062,0.00212471614219119,0.00183829606753539,0.00232726678330374,0.00271121011665916,0.00204976934543756,0.00239361606732871,0.000311119671201728,0.000633709561382493,0.000524661795510873,0.000683582758060645,0.000742903210835096,0.000162104748655356,0.00100475420527272,0.000314461584681786,0.000632471907590956,0.000613391763126854,0.000413060896259224,0.000259275272938662,0.000222612656628023,0.000570190839746902,0.00117412373692077,0.000554226359638754,3.34391416104699e-05,0.000307740731184232,0.000222524088374993,0.000878941845945036,0.000824017073036801,0.000359922871311126,9.00209070890923e-05,0,0,0,0,0,0,0,0,0,0,0,0,0,0,0,0,0,0,0,0,0,0,0,0,0,0,0,0,0,0,0,0,0,0,0,0,0,0,0,0,0,0,0,0,0,0,0,0,0,0,0,0,0,0,0,0,0,0,0,0,0,0,0
0.000324525478953688,0.000834078956173265,0.00298139104338141,0.00495128097971824,0.00421957260885015,0.0033798635614926,0.00330286367818853,0.00157226009125096,0.00321886038428456,0.00307147185725589,0.00308156625626544,0.00319557583004507,0.00195617722491324,0.00191203282637473,0.00065910934248684,0.000406016110003074,0.000649135818271947,0.00129690013964643,0.000628861184439039,0.000506813352344994,0.000567446186124918,0.000402696335596048,0.00121403875007814,0.00057561218758775,0.000724046561430864,0.00018038533410676,0.000349229941220969,0.000436537859594648,0.000668224166728411,8.96518334639963e-05,0,0.000607038689312671,0.000617574311276755,0.000414800010172782,0.000302270608352345,0,0,0,0,0,0,0,0,0,0,0,0,0,0,0,0,0,0,0,0,0,0,0,0,0,0,0,0,0,0,0,0,0,0,0,0,0,0,0,0,0,0,0,0,0,0,0,0,0,0,0,0,0,0,0,0,0,0,0,0,0,0,0,0,0
3.93968516177082e-05,0.000849412213014298,0.0021027129912598,0.00349194783159297,0.0048591748397393,0.00562867286785252,0.00303902327705016,0.00244523065776788,0.00194163310315221,0.0016037999565009,0.00263164567465977,0.00309701384996843,0.00218968338601161,0.00185486407494234,0.00111954541207321,0.000469444685033114,0.000887465082483031,0.000766905254513011,0.000407244901366754,0.000172281146841257,3.29292125162138e-05,0.000715383990838728,0.000883201243083303,0.000142306585711015,0.000125597525722562,0.000279327993331583,0.00023474510696797,0.000333045395803475,0.000232349051751213,0.000622021136613788,0.000441600560844135,0.000243500368144306,0.000149040479711107,0.000849877690490868,0.000539453431783494,0,0,0,0,0,0,0,0,0,0,0,0,0,0,0,0,0,0,0,0,0,0,0,0,0,0,0,0,0,0,0,0,0,0,0,0,0,0,0,0,0,0,0,0,0,0,0,0,0,0,0,0,0,0,0,0,0,0,0,0,0,0,0,0,0
0.000369661990676088,0.000201017278784332,0.00262332392612693,0.00259954650133781,0.00291354344743031,0.00405523283496965,0.00322477939684136,0.00435199340465104,0.00263885113579026,0.00196324065007982,0.00202840313729858,0.00371969027971179,0.00306544347862551,0.00251598093901932,0.00117001342902924,0.000897361319646499,0.00113017136526142,0.000873173482097089,0.00061150445316763,0.000466819868396773,0.00026812323762926,0.00113341012057086,0.00148287544409967,0.000448096033415397,0.00109288279066194,0.00136622551270072,0.000512895130992927,0.000954154950166998,0.000714884033717964,0.000952671677462697,0.00114693401207905,0.000389858942498458,0.000474786541124179,0.000492386020914549,0.000363716448113481,0.000109901788352436,3.1256477962696e-06,0,0,0,0,0,0,0,0,0,0,0,0,0,0,0,0,0,0,0,0,0,0,0,0,0,0,0,0,0,0,0,0,0,0,0,0,0,0,0,0,0,0,0,0,0,0,0,0,0,0,0,0,0,0,0,0,0,0,0,0,0,0,0
0.000217017364170945,0.000781886530528376,0.000712549702306094,0.00208795516346296,0.00412665068428796,0.00428114735391618,0.00398499345907627,0.00313454761173971,0.00362728200477195,0.00382528751986933,0.00334725057783033,0.00302569356881223,0.00221225709839434,0.000918551445512724,0.00078820784009094,0.000479541739846864,0.000441750242956616,0.000691871901575178,0.000308858246335708,0.000440321493021585,0.000311235451082082,0.000246621235742988,0.000595635108150963,0.00160170149196194,0.000917543629609704,0.000838903965350487,0.000602481329917691,0.000496533587606685,0.000789163894224477,0.000543794874779254,0.00166983954076894,0.000298880974204361,0.000340858550917706,1.76024167572021e-05,0,0.000376271268815041,1.07012950362535e-05,0,0,0,0,0,0,0,0,0,0,0,0,0,0,0,0,0,0,0,0,0,0,0,0,0,0,0,0,0,0,0,0,0,0,0,0,0,0,0,0,0,0,0,0,0,0,0,0,0,0,0,0,0,0,0,0,0,0,0,0,0,0,0
4.80536700149434e-05,0.000363376502662699,0.000258008919670717,0.000953038962153134,0.00194952363935525,0.00366391658108235,0.00285732350197575,0.0027599648460831,0.0031844540175446,0.00362061798840289,0.00327763266070924,0.00312421437226059,0.00267319613897075,0.00185244864511852,0.00117937670294957,0.00153229487653387,0.000655617734830094,8.8173838013415e-05,0.00013807472849975,0.000133788131718234,0.000568841988677048,0.000138582293391038,0.000673078134070209,0.00087083516864047,0.000698635120791403,0.000539835779200438,0.000478479251319148,0.0016476391375205,0.000944831477418422,0.000708225904621436,0.000826621487016944,0.00132522738291051,0.000628500583944066,0,0,0,0,0,0,0,0,0,0,0,0,0,0,0,0,0,0,0,0,0,0,0,0,0,0,0,0,0,0,0,0,0,0,0,0,0,0,0,0,0,0,0,0,0,0,0,0,0,0,0,0,0,0,0,0,0,0,0,0,0,0,0,0,0,0,0
0,7.78719139667293e-05,9.31656653095866e-05,0.000338730818861372,0.00230604763948584,0.00567077718727272,0.00415606022489667,0.00368205836526909,0.0037430932068461,0.00377950411920346,0.00200727976756705,0.00266073197860533,0.00268808569826262,0.00118620376259155,0.00215130628453068,0.00187127421371091,0.00155516176351566,0.000611886416914025,0.00102069586474128,0.000488809724400305,0.000681739821484895,0.00122472421352433,0.000579810171030597,0.000666796284397632,0.00127284894538514,0.00101010920062356,0.000570297423224557,0.00105437831169972,0.000491338600297284,0.000623366909634956,0.000551396726603127,0.000901362566287329,0.000641092799473998,9.3773017906323e-05,0.000251388461172929,0,0,0,0,0,0,0,0,0,0,0,0,0,0,0,0,0,0,0,0,0,0,0,0,0,0,0,0,0,0,0,0,0,0,0,0,0,0,0,0,0,0,0,0,0,0,0,0,0,0,0,0,0,0,0,0,0,0,0,0,0,0,0,0,0
0,0,7.91464097580571e-05,0.000598858114773662,0.00179796048828944,0.00343960630895981,0.00412124486407175,0.00334057389049975,0.00253714909049086,0.00432702412787807,0.00377947038324157,0.00409526432013383,0.00393515246102111,0.0020620273186387,0.00344463979957527,0.00212461550992124,0.00154956909349281,0.00115055845940866,0.00126268402816075,0.00091910597953295,0.000714593482368931,0.000804959214153513,0.00177283350455454,0.000778635132357103,0.000988229142166869,0.00179395690729651,0.000880059176134895,0.000284205316414186,0.000372414424390032,0.000676778416950307,0.000165691616881252,0.000120195125986115,7.15920198279978e-05,4.2066326270308e-05,0.00011277219465044,0,0,0,0,0,0,0,0,0,0,0,0,0,0,0,0,0,0,0,0,0,0,0,0,0,0,0,0,0,0,0,0,0,0,0,0,0,0,0,0,0,0,0,0,0,0,0,0,0,0,0,0,0,0,0,0,0,0,0,0,0,0,0,0,0
0,0.000114023912395991,8.14824064929166e-05,0.000824025557854403,0.00123964948533643,0.00197370820217643,0.00412468503911561,0.00303646704993023,0.00461694362132102,0.00447149801892407,0.0039538115584691,0.00581591034650929,0.00394281910144766,0.00300667646338952,0.00242741055892508,0.00124910130894829,0.00232342870154503,0.001546705854344,0.00203526544935162,0.00147006844954678,0.0014999551393911,0.00129017957365154,0.001042675805175,0.00100559467452996,0.00239503855722383,0.00242234721746603,0.000847680621666165,0.000577879527191385,0.000503386493681665,0.000172895241224229,0.000435608695243565,0.000200958198700157,0.000279126401190306,1.94989935265518e-05,0,0,0,0,0,0,0,0,0,0,0,0,0,0,0,0,0,0,0,0,0,0,0,0,0,0,0,0,0,0,0,0,0,0,0,0,0,0,0,0,0,0,0,0,0,0,0,0,0,0,0,0,0,0,0,0,0,0,0,0,0,0,0,0,0,0
0,0.000214440482998615,0.000111988326341578,0.000341372415383803,0.000755645464651272,0.000684672344785026,0.00124818476201851,0.00132440605887716,0.00395714528635927,0.00317760919632828,0.00334827753844797,0.00221260700836092,0.00387297993013738,0.00355520541620695,0.00300325255569567,0.00197535353677325,0.00354207151787255,0.00405062014559457,0.00273328697259528,0.00189427079326644,0.00329892804977873,0.00150612542511184,0.00221845611513396,0.00251137152128757,0.00277633362970927,0.0015389450837627,0.00056240113478165,0.000346331871283754,0.000210073139519886,0.000464037201060411,0.000388344603210649,0.000131569131546115,0.000188225682939981,1.31489223431615e-05,0,0,0,0,0,0,0,0,0,0,0,0,0,0,0,0,0,0,0,0,0,0,0,0,0,0,0,0,0,0,0,0,0,0,0,0,0,0,0,0,0,0,0,0,0,0,0,0,0,0,0,0,0,0,0,0,0,0,0,0,0,0,0,0,0,0
0,0,0,0.000382921027395674,6.04026194905005e-05,3.4338539771363e-06,0.00133029585655087,0.00173012176961289,0.00218920339429586,0.00162867566587601,0.00331343188157922,0.0035304819105819,0.00329580370492455,0.00329079967515115,0.00212935331427013,0.00310750499624343,0.00234772043154315,0.003344616019075,0.0033871088798347,0.00184787730652793,0.00201749657604378,0.00181285372071313,0.00212474012073842,0.00197965286787992,0.00140247858404172,0.00138301725902629,0.000306799058399972,0.000293678102420773,0,0,0,0,0,0,0,0,0,0,0,0,0,0,0,0,0,0,0,0,0,0,0,0,0,0,0,0,0,0,0,0,0,0,0,0,0,0,0,0,0,0,0,0,0,0,0,0,0,0,0,0,0,0,0,0,0,0,0,0,0,0,0,0,0,0,0,0,0,0,0,0
0,0,0,0,0,0,0.000130874989195182,0.00074741686829123,0.00133600310736215,0.00130745117862993,0.00261158368191048,0.0031453026503785,0.0029355886154727,0.0030098342564874,0.00129443317282455,0.00107485690693956,0.00135310504382207,0.00154288914386052,0.00274680311865982,0.00180126430258062,0.000833300965141229,0.00130270982258279,0.000869686558990106,0.00125728214524109,0.000467648320300789,0.00112913416331001,0.000662594593302092,0.000165189874151443,0,0,0,0,0,0,0,0,0,0,0,0,0,0,0,0,0,0,0,0,0,0,0,0,0,0,0,0,0,0,0,0,0,0,0,0,0,0,0,0,0,0,0,0,0,0,0,0,0,0,0,0,0,0,0,0,0,0,0,0,0,0,0,0,0,0,0,0,0,0,0,0
0,0,0,0,0,0,0,0.000366104248639055,0.000359779336817881,0.000694255168746187,0.000591426024108371,0.00104866060151914,0.00168252437764385,0.00171891345935309,0.00158055031465243,0.000670257422114014,0.000967378415437432,0.00183374548647572,0.00130501050690617,0.000445612653182605,0.00050236087820746,9.90769288590387e-05,0.000590408926832228,0.00064681789980086,0.000286892798932615,0.00044066383644388,0.000150397915405505,6.59021805227529e-05,0,0,0,0,0,0,0,0,0,0,0,0,0,0,0,0,0,0,0,0,0,0,0,0,0,0,0,0,0,0,0,0,0,0,0,0,0,0,0,0,0,0,0,0,0,0,0,0,0,0,0,0,0,0,0,0,0,0,0,0,0,0,0,0,0,0,0,0,0,0,0,0
0,0,0,0,0,0,0,0,0,0.000183640079249014,0.000286509132612622,0.000455066416744267,0.00075329300425218,0.000520588540874853,0.000529541571884511,0.000779229342978568,0.000514388624565875,0.000462294950288983,0.000501150840659268,0.000592922568520471,0.000125565306452007,1.65592396446199e-06,0.000678398556696328,0.000580813779476012,0.000220429137233474,0,0,0,0,0,0,0,0,0,0,0,0,0,0,0,0,0,0,0,0,0,0,0,0,0,0,0,0,0,0,0,0,0,0,0,0,0,0,0,0,0,0,0,0,0,0,0,0,0,0,0,0,0,0,0,0,0,0,0,0,0,0,0,0,0,0,0,0,0,0,0,0,0,0,0
0,0,0,0,0,0,0,0,0,3.72994915503964e-05,4.71115793488503e-05,0.000346629327726431,0.000123031798211982,7.76397881269012e-05,6.17153044484318e-05,0.00039947827295647,2.86874500238445e-05,0,0,6.82697290832932e-05,1.79661584982336e-05,0,0.000214307744057702,0.000141184419805168,7.11727734005335e-05,0,0,0,0,0,0,0,0,0,0,0,0,0,0,0,0,0,0,0,0,0,0,0,0,0,0,0,0,0,0,0,0,0,0,0,0,0,0,0,0,0,0,0,0,0,0,0,0,0,0,0,0,0,0,0,0,0,0,0,0,0,0,0,0,0,0,0,0,0,0,0,0,0,0,0
0,0,0,0,0,0,0,0,0,0,0,0.000138267615870834,1.39098200301008e-05,0,0.000103626611407562,0.000293990442631768,0,0,0,0,0,0,0,0,0,0,0,0,0,0,0,0,0,0,0,0,0,0,0,0,0,0,0,0,0,0,0,0,0,0,0,0,0,0,0,0,0,0,0,0,0,0,0,0,0,0,0,0,0,0,0,0,0,0,0,0,0,0,0,0,0,0,0,0,0,0,0,0,0,0,0,0,0,0,0,0,0,0,0,0
0,0,0,0,0,0,0,0,0,0,0,0,0,0,2.66829544860979e-05,7.56999914745723e-05,0,0,0,0,0,0,0,0,0,0,0,0,0,0,0,0,0,0,0,0,0,0,0,0,0,0,0,0,0,0,0,0,0,0,0,0,0,0,0,0,0,0,0,0,0,0,0,0,0,0,0,0,0,0,0,0,0,0,0,0,0,0,0,0,0,0,0,0,0,0,0,0,0,0,0,0,0,0,0,0,0,0,0,0
0,0,0,0,0,0,0,0,0,0,0,0,0,0,0,0,0,0,0,0,0,0,0,0,0,0,0,0,0,0,0,0,0,0,0,0,0,0,0,0,0,0,0,0,0,0,0,0,0,0,0,0,0,0,0,0,0,0,0,0,0,0,0,0,0,0,0,0,0,0,0,0,0,0,0,0,0,0,0,0,0,0,0,0,0,0,0,0,0,0,0,0,0,0,0,0,0,0,0,0
0,0,0,0,0,0,0,0,0,0,0,0,0,0,0,0,0,0,0,0,0,0,0,0,0,0,0,0,0,0,0,0,0,0,0,0,0,0,0,0,0,0,0,0,0,0,0,0,0,0,0,0,0,0,0,0,0,0,0,0,0,0,0,0,0,0,0,0,0,0,0,0,0,0,0,0,0,0,0,0,0,0,0,0,0,0,0,0,0,0,0,0,0,0,0,0,0,0,0,0
0,0,0,0,0,0,0,0,0,0,0,0,0,0,0,0,0,0,0,0,0,0,0,0,0,0,0,0,0,0,0,0,0,0,0,0,0,0,0,0,0,0,0,0,0,0,0,0,0,0,0,0,0,0,0,0,0,0,0,0,0,0,0,0,0,0,0,0,0,0,0,0,0,0,0,0,0,0,0,0,0,0,0,0,0,0,0,0,0,0,0,0,0,0,0,0,0,0,0,0
0,0,0,0,0,0,0,0,0,0,0,0,0,0,0,0,0,0,0,0,0,0,0,0,0,0,0,0,0,0,0,0,0,0,0,0,0,0,0,0,0,0,0,0,0,0,0,0,0,0,0,0,0,0,0,0,0,0,0,0,0,0,0,0,0,0,0,0,0,0,0,0,0,0,0,0,0,0,0,0,0,0,0,0,0,0,0,0,0,0,0,0,0,0,0,0,0,0,0,0
0,0,0,0,0,0,0,0,0,0,0,0,0,0,0,0,0,0,0,0,0,0,0,0,0,0,0,0,0,0,0,0,0,0,0,0,0,0,0,0,0,0,0,0,0,0,0,0,0,0,0,0,0,0,0,0,0,0,0,0,0,0,0,0,0,0,0,0,0,0,0,0,0,0,0,0,0,0,0,0,0,0,0,0,0,0,0,0,0,0,0,0,0,0,0,0,0,0,0,0
0,0,0,0,0,0,0,0,0,0,0,0,0,0,0,0,0,0,0,0,0,0,0,0,0,0,0,0,0,0,0,0,0,0,0,0,0,0,0,0,0,0,0,0,0,0,0,0,0,0,0,0,0,0,0,0,0,0,0,0,0,0,0,0,0,0,0,0,0,0,0,0,0,0,0,0,0,0,0,0,0,0,0,0,0,0,0,0,0,0,0,0,0,0,0,0,0,0,0,0
0,0,0,0,0,0,0,0,0,0,0,0,0,0,0,0,0,0,0,0,0,0,0,0,0,0,0,0,0,0,0,0,0,0,0,0,0,0,0,0,0,0,0,0,0,0,0,0,0,0,0,0,0,0,0,0,0,0,0,0,0,0,0,0,0,0,0,0,0,0,0,0,0,0,0,0,0,0,0,0,0,0,0,0,0,0,0,0,0,0,0,0,0,0,0,0,0,0,0,0
0,0,0,0,0,0,0,0,0,0,0,0,0,0,0,0,0,0,0,0,0,0,0,0,0,0,0,0,0,0,0,0,0,0,0,0,0,0,0,0,0,0,0,0,0,0,0,0,0,0,0,0,0,0,0,0,0,0,0,0,0,0,0,0,0,0,0,0,0,0,0,0,0,0,0,0,0,0,0,0,0,0,0,0,0,0,0,0,0,0,0,0,0,0,0,0,0,0,0,0
0,0,0,0,0,0,0,0,0,0,0,0,0,0,0,0,0,0,0,0,0,0,0,0,0,0,0,0,0,0,0,0,0,0,0,0,0,0,0,0,0,0,0,0,0,0,0,0,0,0,0,0,0,0,0,0,0,0,0,0,0,0,0,0,0,0,0,0,0,0,0,0,0,0,0,0,0,0,0,0,0,0,0,0,0,0,0,0,0,0,0,0,0,0,0,0,0,0,0,0
0,0,0,0,0,0,0,0,0,0,0,0,0,0,0,0,0,0,0,0,0,0,0,0,0,0,0,0,0,0,0,0,0,0,0,0,0,0,0,0,0,0,0,0,0,0,0,0,0,0,0,0,0,0,0,0,0,0,0,0,0,0,0,0,0,0,0,0,0,0,0,0,0,0,0,0,0,0,0,0,0,0,0,0,0,0,0,0,0,0,0,0,0,0,0,0,0,0,0,0
0,0,0,0,0,0,0,0,0,0,0,0,0,0,0,0,0,0,0,0,0,0,0,0,0,0,0,0,0,0,0,0,0,0,0,0,0,0,0,0,0,0,0,0,0,0,0,0,0,0,0,0,0,0,0,0,0,0,0,0,0,0,0,0,0,0,0,0,0,0,0,0,0,0,0,0,0,0,0,0,0,0,0,0,0,0,0,0,0,0,0,0,0,0,0,0,0,0,0,0
0,0,0,0,0,0,0,0,0,0,0,0,0,0,0,0,0,0,0,0,0,0,0,0,0,0,0,0,0,0,0,0,0,0,0,0,0,0,0,0,0,0,0,0,0,0,0,0,0,0,0,0,0,0,0,0,0,0,0,0,0,0,0,0,0,0,0,0,0,0,0,0,0,0,0,0,0,0,0,0,0,0,0,0,0,0,0,0,0,0,0,0,0,0,0,0,0,0,0,0
0,0,0,0,0,0,0,0,0,0,0,0,0,0,0,0,0,0,0,0,0,0,0,0,0,0,0,0,0,0,0,0,0,0,0,0,0,0,0,0,0,0,0,0,0,0,0,0,0,0,0,0,0,0,0,0,0,0,0,0,0,0,0,0,0,0,0,0,0,0,0,0,0,0,0,0,0,0,0,0,0,0,0,0,0,0,0,0,0,0,0,0,0,0,0,0,0,0,0,0
0,0,0,0,0,0,0,0,0,0,0,0,0,0,0,0,0,0,0,0,0,0,0,0,0,0,0,0,0,0,0,0,0,0,0,0,0,0,0,0,0,0,0,0,0,0,0,0,0,0,0,0,0,0,0,0,0,0,0,0,0,0,0,0,0,0,0,0,0,0,0,0,0,0,0,0,0,0,0,0,0,0,0,0,0,0,0,0,0,0,0,0,0,0,0,0,0,0,0,0
0,0,0,0,0,0,0,0,0,0,0,0,0,0,0,0,0,0,0,0,0,0,0,0,0,0,0,0,0,0,0,0,0,0,0,0,0,0,0,0,0,0,0,0,0,0,0,0,0,0,0,0,0,0,0,0,0,0,0,0,0,0,0,0,0,0,0,0,0,0,0,0,0,0,0,0,0,0,0,0,0,0,0,0,0,0,0,0,0,0,0,0,0,0,0,0,0,0,0,0
0,0,0,0,0,0,0,0,0,0,0,0,0,0,0,0,0,0,0,0,0,0,0,0,0,0,0,0,0,0,0,0,0,0,0,0,0,0,0,0,0,0,0,0,0,0,0,0,0,0,0,0,0,0,0,0,0,0,0,0,0,0,0,0,0,0,0,0,0,0,0,0,0,0,0,0,0,0,0,0,0,0,0,0,0,0,0,0,0,0,0,0,0,0,0,0,0,0,0,0
0,0,0,0,0,0,0,0,0,0,0,0,0,0,0,0,0,0,0,0,0,0,0,0,0,0,0,0,0,0,0,0,0,0,0,0,0,0,0,0,0,0,0,0,0,0,0,0,0,0,0,0,0,0,0,0,0,0,0,0,0,0,0,0,0,0,0,0,0,0,0,0,0,0,0,0,0,0,0,0,0,0,0,0,0,0,0,0,0,0,0,0,0,0,0,0,0,0,0,0
0,0,0,0,0,0,0,0,0,0,0,0,0,0,0,0,0,0,0,0,0,0,0,0,0,0,0,0,0,0,0,0,0,0,0,0,0,0,0,0,0,0,0,0,0,0,0,0,0,0,0,0,0,0,0,0,0,0,0,0,0,0,0,0,0,0,0,0,0,0,0,0,0,0,0,0,0,0,0,0,0,0,0,0,0,0,0,0,0,0,0,0,0,0,0,0,0,0,0,0
0,0,0,0,0,0,0,0,0,0,0,0,0,0,0,0,0,0,0,0,0,0,0,0,0,0,0,0,0,0,0,0,0,0,0,0,0,0,0,0,0,0,0,0,0,0,0,0,0,0,0,0,0,0,0,0,0,0,0,0,0,0,0,0,0,0,0,0,0,0,0,0,0,0,0,0,0,0,0,0,0,0,0,0,0,0,0,0,0,0,0,0,0,0,0,0,0,0,0,0
0,0,0,0,0,0,0,0,0,0,0,0,0,0,0,0,0,0,0,0,0,0,0,0,0,0,0,0,0,0,0,0,0,0,0,0,0,0,0,0,0,0,0,0,0,0,0,0,0,0,0,0,0,0,0,0,0,0,0,0,0,0,0,0,0,0,0,0,0,0,0,0,0,0,0,0,0,0,0,0,0,0,0,0,0,0,0,0,0,0,0,0,0,0,0,0,0,0,0,0
0,0,0,0,0,0,0,0,0,0,0,0,0,0,0,0,0,0,0,0,0,0,0,0,0,0,0,0,0,0,0,0,0,0,0,0,0,0,0,0,0,0,0,0,0,0,0,0,0,0,0,0,0,0,0,0,0,0,0,0,0,0,0,0,0,0,0,0,0,0,0,0,0,0,0,0,0,0,0,0,0,0,0,0,0,0,0,0,0,0,0,0,0,0,0,0,0,0,0,0
0,0,0,0,0,0,0,0,0,0,0,0,0,0,0,0,0,0,0,0,0,0,0,0,0,0,0,0,0,0,0,0,0,0,0,0,0,0,0,0,0,0,0,0,0,0,0,0,0,0,0,0,0,0,0,0,0,0,0,0,0,0,0,0,0,0,0,0,0,0,0,0,0,0,0,0,0,0,0,0,0,0,0,0,0,0,0,0,0,0,0,0,0,0,0,0,0,0,0,0
0,0,0,0,0,0,0,0,0,0,0,0,0,0,0,0,0,0,0,0,0,0,0,0,0,0,0,0,0,0,0,0,0,0,0,0,0,0,0,0,0,0,0,0,0,0,0,0,0,0,0,0,0,0,0,0,0,0,0,0,0,0,0,0,0,0,0,0,0,0,0,0,0,0,0,0,0,0,0,0,0,0,0,0,0,0,0,0,0,0,0,0,0,0,0,0,0,0,0,0
0,0,0,0,0,0,0,0,0,0,0,0,0,0,0,0,0,0,0,0,0,0,0,0,0,0,0,0,0,0,0,0,0,0,0,0,0,0,0,0,0,0,0,0,0,0,0,0,0,0,0,0,0,0,0,0,0,0,0,0,0,0,0,0,0,0,0,0,0,0,0,0,0,0,0,0,0,0,0,0,0,0,0,0,0,0,0,0,0,0,0,0,0,0,0,0,0,0,0,0
0,0,0,0,0,0,0,0,0,0,0,0,0,0,0,0,0,0,0,0,0,0,0,0,0,0,0,0,0,0,0,0,0,0,0,0,0,0,0,0,0,0,0,0,0,0,0,0,0,0,0,0,0,0,0,0,0,0,0,0,0,0,0,0,0,0,0,0,0,0,0,0,0,0,0,0,0,0,0,0,0,0,0,0,0,0,0,0,0,0,0,0,0,0,0,0,0,0,0,0
0,0,0,0,0,0,0,0,0,0,0,0,0,0,0,0,0,0,0,0,0,0,0,0,0,0,0,0,0,0,0,0,0,0,0,0,0,0,0,0,0,0,0,0,0,0,0,0,0,0,0,0,0,0,0,0,0,0,0,0,0,0,0,0,0,0,0,0,0,0,0,0,0,0,0,0,0,0,0,0,0,0,0,0,0,0,0,0,0,0,0,0,0,0,0,0,0,0,0,0
0,0,0,0,0,0,0,0,0,0,0,0,0,0,0,0,0,0,0,0,0,0,0,0,0,0,0,0,0,0,0,0,0,0,0,0,0,0,0,0,0,0,0,0,0,0,0,0,0,0,0,0,0,0,0,0,0,0,0,0,0,0,0,0,0,0,0,0,0,0,0,0,0,0,0,0,0,0,0,0,0,0,0,0,0,0,0,0,0,0,0,0,0,0,0,0,0,0,0,0
0,0,0,0,0,0,0,0,0,0,0,0,0,0,0,0,0,0,0,0,0,0,0,0,0,0,0,0,0,0,0,0,0,0,0,0,0,0,0,0,0,0,0,0,0,0,0,0,0,0,0,0,0,0,0,0,0,0,0,0,0,0,0,0,0,0,0,0,0,0,0,0,0,0,0,0,0,0,0,0,0,0,0,0,0,0,0,0,0,0,0,0,0,0,0,0,0,0,0,0
0,0,0,0,0,0,0,0,0,0,0,0,0,0,0,0,0,0,0,0,0,0,0,0,0,0,0,0,0,0,0,0,0,0,0,0,0,0,0,0,0,0,0,0,0,0,0,0,0,0,0,0,0,0,0,0,0,0,0,0,0,0,0,0,0,0,0,0,0,0,0,0,0,0,0,0,0,0,0,0,0,0,0,0,0,0,0,0,0,0,0,0,0,0,0,0,0,0,0,0
0,0,0,0,0,0,0,0,0,0,0,0,0,0,0,0,0,0,0,0,0,0,0,0,0,0,0,0,0,0,0,0,0,0,0,0,0,0,0,0,0,0,0,0,0,0,0,0,0,0,0,0,0,0,0,0,0,0,0,0,0,0,0,0,0,0,0,0,0,0,0,0,0,0,0,0,0,0,0,0,0,0,0,0,0,0,0,0,0,0,0,0,0,0,0,0,0,0,0,0
0,0,0,0,0,0,0,0,0,0,0,0,0,0,0,0,0,0,0,0,0,0,0,0,0,0,0,0,0,0,0,0,0,0,0,0,0,0,0,0,0,0,0,0,0,0,0,0,0,0,0,0,0,0,0,0,0,0,0,0,0,0,0,0,0,0,0,0,0,0,0,0,0,0,0,0,0,0,0,0,0,0,0,0,0,0,0,0,0,0,0,0,0,0,0,0,0,0,0,0
0,0,0,0,0,0,0,0,0,0,0,0,0,0,0,0,0,0,0,0,0,0,0,0,0,0,0,0,0,0,0,0,0,0,0,0,0,0,0,0,0,0,0,0,0,0,0,0,0,0,0,0,0,0,0,0,0,0,0,0,0,0,0,0,0,0,0,0,0,0,0,0,0,0,0,0,0,0,0,0,0,0,0,0,0,0,0,0,0,0,0,0,0,0,0,0,0,0,0,0
0,0,0,0,0,0,0,0,0,0,0,0,0,0,0,0,0,0,0,0,0,0,0,0,0,0,0,0,0,0,0,0,0,0,0,0,0,0,0,0,0,0,0,0,0,0,0,0,0,0,0,0,0,0,0,0,0,0,0,0,0,0,0,0,0,0,0,0,0,0,0,0,0,0,0,0,0,0,0,0,0,0,0,0,0,0,0,0,0,0,0,0,0,0,0,0,0,0,0,0
0,0,0,0,0,0,0,0,0,0,0,0,0,0,0,0,0,0,0,0,0,0,0,0,0,0,0,0,0,0,0,0,0,0,0,0,0,0,0,0,0,0,0,0,0,0,0,0,0,0,0,0,0,0,0,0,0,0,0,0,0,0,0,0,0,0,0,0,0,0,0,0,0,0,0,0,0,0,0,0,0,0,0,0,0,0,0,0,0,0,0,0,0,0,0,0,0,0,0,0
