0,0,0,0,0,0,0,0,0,0,0,0,0,0,0,0,0,0,0,0,0,0,0,0,0,0,0,0,0,0,0,0,0,0,0,0,0,0,0,0,0,0,0,0,0,0,0,0,0,0,0,0,0,0,0,0,0,0,0,0,0,0,0,0,0,0,0,0,0,0,0,0,0,0,0,0,0,0,0,0,0,0,0,0,0,0,0,0,0,0,0,0,0,0,0,0,0,0,0,0
0,0,0,0,0,0,0,0,0,0,0,0,0,0,0,0,0,0,0,0,0,0,0,0,0,0,0,0,0,0,0,0,0,0,0,0,0,0,0,0,0,0,0,0,0,0,0,0,0,0,0,0,0,0,0,0,0,0,0,0,0,0,0,0,0,0,0,0,0,0,0,0,0,0,0,0,0,0,0,0,0,0,0,0,0,0,0,0,0,0,0,0,0,0,0,0,0,0,0,0
0,0,0,0,0,0,0,0,0,0,0,0,0,0,0,0,0,0,0,0,0,0,0,0,0,0,0,0,0,0,0,0,0,0,0,0,0,0,0,0,0,0,0,0,0,0,0,0,0,0,0,0,0,0,0,0,0,0,0,0,0,0,0,0,0,0,0,0,0,0,0,0,0,0,0,0,0,0,0,0,0,0,0,0,0,0,0,0,0,0,0,0,0,0,0,0,0,0,0,0
0,0,0,0,0,0,0,0,0,0,0,0,0,0,0,0,0,0,0,0,0,0,0,0,0,0,0,0,0,0,0,0,0,0,0,0,0,0,0,0,0,0,0,0,0,0,0,0,0,0,0,0,0,0,0,0,0,0,0,0,0,0,0,0,0,0,0,0,0,0,0,0,0,0,0,0,0,0,0,0,0,0,0,0,0,0,0,0,0,0,0,0,0,0,0,0,0,0,0,0
0,0,0,0,0,0,0,0,0,0,0,0,0,0,0,0,0,0,0,0,0,0,0,0,0,0,0,0,0,0,0,0,0,0,0,0,0,0,0,0,0,0,0,0,0,0,0,0,0,0,0,0,0,0,0,0,0,0,0,0,0,0,0,0,0,0,0,0,0,0,0,0,0,0,0,0,0,0,0,0,0,0,0,0,0,0,0,0,0,0,0,0,0,0,0,0,0,0,0,0
0,0,0,0,0,0,0,0,0,0,0,0,0,0,0,0,0,0,0,0,0,0,0,0,0,0,0,0,0,0,0,0,0,0,0,0,0,0,0,0,0,0,0,0,0,0,0,0,0,0,0,0,0,0,0,0,0,0,0,0,0,0,0,0,0,0,0,0,0,0,0,0,0,0,0,0,0,0,0,0,0,0,0,0,0,0,0,0,0,0,0,0,0,0,0,0,0,0,0,0
0,0,0,0,0,0,0,0,0,0,0,0,0,0,0,0,0,0,0,0,0,0,0,0,0,0,0,0,0,0,0,0,0,0,0,0,0,0,0,0,0,0,0,0,0,0,0,0,0,0,0,0,0,0,0,0,0,0,0,0,0,0,0,0,0,0,0,0,0,0,0,0,0,0,0,0,0,0,0,0,0,0,0,0,0,0,0,0,0,0,0,0,0,0,0,0,0,0,0,0
0,0,0,0,0,0,0,0,0,0,0,0,0,0,0,0,0,0,0,0,0,0,0,0,0,0,0,0,0,0,0,0,0,0,0,0,0,0,0,0,0,0,0,0,0,0,0,0,0,0,0,0,0,0,0,0,0,0,0,0,0,0,0,0,0,0,0,0,0,0,0,0,0,0,0,0,0,0,0,0,0,0,0,0,0,0,0,0,0,0,0,0,0,0,0,0,0,0,0,0
0,0,0,0,0,0,0,0,0,0,0,0,0,0,0,0,0,0,0,0,0,0,0,0,0,0,0,0,0,0,0,0,0,0,0,0,0,0,0,0,0,0,0,0,0,0,0,0,0,0,0,0,0,0,0,0,0,0,0,0,0,0,0,0,0,0,0,0,0,0,0,0,0,0,0,0,0,0,0,0,0,0,0,0,0,0,0,0,0,0,0,0,0,0,0,0,0,0,0,0
0,0,0,0,0,0,0,0,0,0,0,0,0,0,0,0,0,0,0,0,0,0,0,0,0,0,0,0,0,0,0,0,0,0,0,0,0,0,0,0,0,0,0,0,0,0,0,0,0,0,0,0,0,0,0,0,0,0,0,0,0,0,0,0,0,0,0,0,0,0,0,0,0,0,0,0,0,0,0,0,0,0,0,0,0,0,0,0,0,0,0,0,0,0,0,0,0,0,0,0
0,0,0,0,0,0,0,0,0,0,0,0,0,0,0,0,0,0,0,0,0,0,0,0,0,0,0,0,0,0,0,0,0,0,0,0,0,0,0,0,0,0,0,0,0,0,0,0,0,0,0,0,0,0,0,0,0,0,0,0,0,0,0,0,0,0,0,0,0,0,0,0,0,0,0,0,0,0,0,0,0,0,0,0,0,0,0,0,0,0,0,0,0,0,0,0,0,0,0,0
0,0,0,0,0,0,0,0,0,0,0,0,0,0,0,0,0,0,0,0,0,0,0,0,0,0,0,0,0,0,0,0,0,0,0,0,0,0,0,0,0,0,0,0,0,0,0,0,0,0,0,0,0,0,0,0,0,0,0,0,0,0,0,0,0,0,0,0,0,0,0,0,0,0,0,0,0,0,0,0,0,0,0,0,0,0,0,0,0,0,0,0,0,0,0,0,0,0,0,0
0,0,0,0,0,0,0,0,0,0,0,0,0,0,0,0,0,0,0,0,0,0,0,0,0,0,0,0,0,0,0,0,0,0,0,0,0,0,0,0,0,0,0,0,0,0,0,0,0,0,0,0,0,0,0,0,0,0,0,0,0,0,0,0,0,0,0,0,0,0,0,0,0,0,0,0,0,0,0,0,0,0,0,0,0,0,0,0,0,0,0,0,0,0,0,0,0,0,0,0
0,0,0,0,0,0,0,0,0,0,0,0,0,0,0,0,0,0,0,0,0,0,0,0,0,0,0,0,0,0,0,0,0,0,0,0,0,0,0,0,0,0,0,0,0,0,0,0,0,0,0,0,0,0,0,0,0,0,0,0,0,0,0,0,0,0,0,0,0,0,0,0,0,0,0,0,0,0,0,0,0,0,0,0,0,0,0,0,0,0,0,0,0,0,0,0,0,0,0,0
0,0,0,0,0,0,0,0,0,0,0,0,0,0,0,0,0,0,0,0,0,0,0,0,0,0,0,0,0,0,0,0,0,0,0,0,0,0,0,0,0,0,0,0,0,0,0,0,0,0,0,0,0,0,0,0,0,0,0,0,0,0,0,0,0,0,0,0,0,0,0,0,0,0,0,0,0,0,0,0,0,0,0,0,0,0,0,0,0,0,0,0,0,0,0,0,0,0,0,0
0,0,0,0,0,0,0,0,0,0,0,0,0,0,0,0,0,0,0,0,0,0,0,0,0,0,0,0,0,0,0,0,0,0,0,0,0,0,0,0,0,0,0,0,0,0,0,0,0,0,0,0,0,0,0,0,0,0,0,0,0,0,0,0,0,0,0,0,0,0,0,0,0,0,0,0,0,0,0,0,0,0,0,0,0,0,0,0,0,0,0,0,0,0,0,0,0,0,0,0
0,0,0,0,0,0,0,0,0,0,0,0,0,0,0,0,0,0,0,0,0,0,0,0,0,0,0,0,0,0,0,0,0,0,0,0,0,0,0,0,0,0,0,0,0,0,0,0,0,0,0,0,0,0,0,0,0,0,0,0,0,0,0,0,0,0,0,0,0,0,0,0,0,0,0,0,0,0,0,0,0,0,0,0,0,0,0,0,0,0,0,0,0,0,0,0,0,0,0,0
0,0,0,0,0,0,0,0,0,0,0,0,0,0,0,0,0,0,0,0,0,0,0,0,0,0,0,0,0,0,0,0,0,0,0,0,0,0,0,0,0,0,0,0,0,0,0,0,0,0,0,0,0,0,0,0,0,0,0,0,0,0,0,0,0,0,0,0,0,0,0,0,0,0,0,0,0,0,0,0,0,0,0,0,0,0,0,0,0,0,0,0,0,0,0,0,0,0,0,0
0,0,0,0,0,0,0,0,0,0,0,0,0,0,0,0,0,0,0,0,0,0,0,0,0,0,0,0,0,0,0,0,0,0,0,0,0,0,0,0,0,0,0,0,0,0,0,0,0,0,0,0,0,0,0,0,0,0,0,0,0,0,0,0,0,0,0,0,0,0,0,0,0,0,0,0,0,0,0,0,0,0,0,0,0,0,0,0,0,0,0,0,0,0,0,0,0,0,0,0
0,0,0,0,0,0,0,0,0,0,0,0,0,0,0,0,0,0,0,0,0,0,0,0,0,0,0,0,0,0,0,0,0,0,0,0,0,0,0,0,0,0,0,0,0,0,0,0,0,0,0,0,0,0,0,0,0,0,0,0,0,0,0,0,0,0,0,0,0,0,0,0,0,0,0,0,0,0,0,0,0,0,0,0,0,0,0,0,0,0,0,0,0,0,0,0,0,0,0,0
0,0,0,0,0,0,0,0,0,0,0.000105293482802337,0.000217528384487695,0.000156022577784483,4.23654941756487e-05,8.46875330540472e-05,0,0,0,0,0,0,0,0,0,0,0,0,0,0,0,0,0,0,0,0,0,0,0,0,0,0,0,0,0,0,0,0,0,0,0,0,0,0,0,0,0,0,0,0,0,0,0,0,0,0,0,0,0,0,0,0,0,0,0,0,0,0,0,0,0,0,0,0,0,0,0,0,0,0,0,0,0,0,0,0,0,0,0,0,0
0,0,0,0,0,0,8.39564146795957e-06,4.41834731913888e-05,0,0,6.58798049821516e-05,0.000207946736597607,0.000793378723329146,0.000126632822702173,0.000248588796131494,0,0,5.88491287167515e-05,9.83993535023638e-05,0,0,0,0,0,0,0,0,0,0,0,0,0,0,0,0,0,0,0,0,0,0,0,0,0,0,0,0,0,0,0,0,0,0,0,0,0,0,0,0,0,0,0,0,0,0,0,0,0,0,0,0,0,0,0,0,0,0,0,0,0,0,0,0,0,0,0,0,0,0,0,0,0,0,0,0,0,0,0,0,0
0,0,0,0,0,0,7.14425368881575e-05,0.000375978348452494,0.000279314194673628,0.000301882525973518,2.98574795198054e-05,0.000234794025101663,0.000628774046733415,0.000387401994560915,0,7.73444506804855e-05,0.000310206663462236,0.000299228253883561,0.000291522987048006,0.000287410029557956,0,0,0,0,0,0,0,0,0,0,0,0,0,0,0,0,0,0,0,0,0,0,0,0,0,0,0,0,0,0,0,0,0,0,0,0,0,0,0,0,0,0,0,0,0,0,0,0,0,0,0,0,0,0,0,0,0,0,0,0,0,0,0,0,0,0,0,0,0,0,0,0,0,0,0,0,0,0,0,0
0,0,0,0,0,1.35767364311314e-05,0.000122661426067277,1.7344067233488e-05,0.000743301161869398,0.00180010876449043,0.00128250864776984,0.00149715988267611,0.00100151194754199,0.00243643685454437,0.000884272895534199,0.000225527449338908,0.000976545871275019,0.000755518513080288,0.000156713405075455,0.000300613740877055,1.02341958820606e-06,0,0,0,0,0,0,0,0,0,0,0,0,0,0,0,0,0,0,0,0,0,0,0,0,0,0,0,0,0,0,0,0,0,0,0,0,0,0,0,0,0,0,0,0,0,0,0,0,0,0,0,0,0,0,0,0,0,0,0,0,0,0,0,0,0,0,0,0,0,0,0,0,0,0,0,0,0,0,0
0,4.11222723249643e-05,0.000354286775829572,0.000460840639981175,0.0012759532304209,0.00121293256597943,0.0016177126465932,0.0016335413456453,0.00171514349256804,0.00189610761049987,0.00177997470326219,0.00284397263376997,0.00230350087422047,0.00207105185374833,0.00255298468191795,0.00148855233626687,0.00282976707277499,0.00119497233459882,0.000858563655284318,0.00104619041847496,0.000170828810167261,3.30241753300709e-05,0.000297837434694484,0.000349965404429052,0.000135412136264345,0.000127576274130138,1.73489726591731e-05,0,0,0,0,0,0,0,0,0,0,0,0,0,0,0,0,0,0,0,0,0,0,0,0,0,0,0,0,0,0,0,0,0,0,0,0,0,0,0,0,0,0,0,0,0,0,0,0,0,0,0,0,0,0,0,0,0,0,0,0,0,0,0,0,0,0,0,0,0,0,0,0,0
3.49707765210632e-05,0.000388983001828057,0.00118511990434753,0.00133626303576039,0.00207966437397492,0.00204942962553241,0.00295012479559429,0.00376997442963249,0.00274392886742811,0.00300374863495976,0.00219439773300603,0.00328578890916298,0.00335584813304939,0.00249678378531171,0.00282360293191318,0.00262671277645301,0.00393828460872814,0.00194458542580633,0.00223449650932503,0.00181354681554638,0.00169435474757283,0.000307601335746604,0.000573330813297826,0.000727609877068212,0.000746376801902609,0.000312568824658637,4.25059285520513e-05,0,0,0,0,0,0,0,0,0,0,0,0,0,0,0,0,0,0,0,0,0,0,0,0,0,0,0,0,0,0,0,0,0,0,0,0,0,0,0,0,0,0,0,0,0,0,0,0,0,0,0,0,0,0,0,0,0,0,0,0,0,0,0,0,0,0,0,0,0,0,0,0,0
0.000729279219060147,0.000555840110688822,0.00102317345266475,0.00182795560864217,0.00376494334445146,0.00302473818889474,0.0050997232255931,0.00611276821917677,0.00359419932605654,0.00371265645353352,0.00255597956186761,0.00316339627734461,0.00268346562757748,0.00306826821938596,0.00217286029333806,0.00240698415036345,0.00281697208396431,0.00311060745168103,0.00208846749213667,0.00122401284601591,0.00183881208395756,0.00173064094362385,0.000462449156617026,0.000199306391315471,0.000413607846979865,0.000435018249181906,0.000141628517085405,0,0,0,0,0,0,0,0,0,0,0,0,0,0,0,0,0,0,0,0,0,0,0,0,0,0,0,0,0,0,0,0,0,0,0,0,0,0,0,0,0,0,0,0,0,0,0,0,0,0,0,0,0,0,0,0,0,0,0,0,0,0,0,0,0,0,0,0,0,0,0,0,0
0.00101455124728462,0.00166288865814548,0.00273371545987739,0.00366801221658004,0.00647607697341988,0.00513521056897268,0.0064291636222745,0.00347870415957597,0.00366492060769954,0.00310103618027922,0.00210576838200258,0.00302852134720924,0.00298847813643326,0.00282450955129284,0.00153493910059934,0.00168137306143506,0.00273178088782939,0.00235739712130049,0.000926175435603507,0.00323955668950742,0.00231295454907534,0.00177588120880112,0.000980647222795739,0.00149178658050486,0.000647682541329038,0.000739224952549799,0.00033413268446374,4.63715611562865e-05,1.81125536728219e-05,0,0,0,0,0,0,0,0,0,0,0,0,0,0,0,0,0,0,0,0,0,0,0,0,0,0,0,0,0,0,0,0,0,0,0,0,0,0,0,0,0,0,0,0,0,0,0,0,0,0,0,0,0,0,0,0,0,0,0,0,0,0,0,0,0,0,0,0,0,0,0
0.000725512883904107,0.00213740500990733,0.00287628923110931,0.00512056542373315,0.00460744469194422,0.00528487159409713,0.00553415456160339,0.00247650837176697,0.00490361120069161,0.00437452685773322,0.00365374583271507,0.00178535602586267,0.00136668694302341,0.00191961014161104,0.00154342565127451,0.00106076033352389,0.00134183106385294,0.00176297886808765,0.00106316766768238,0.00140327972120872,0.000561600888184077,0.00043808595978702,0.000843838678183552,0.00126900503302782,0.0021260908805001,0.000818082059162575,0.000961500094104307,0.000518954338225061,0.00013103835864765,0,0,0,0,0,0,0,0,0,0,0,0,0,0,0,0,0,0,0,0,0,0,0,0,0,0,0,0,0,0,0,0,0,0,0,0,0,0,0,0,0,0,0,0,0,0,0,0,0,0,0,0,0,0,0,0,0,0,0,0,0,0,0,0,0,0,0,0,0,0,0
0.00147981263441941,0.00338823578109356,0.00430392113143895,0.00615600650454423,0.00705675471760046,0.00558237563001307,0.00402940482005913,0.00246217568401402,0.0019343207393973,0.00320756114190376,0.00255931048998089,0.000880868226835607,0.000821112076120718,0.00165472710071964,0.00109703177458924,0.00112776112260511,0.000188920103719518,0.000896596632764734,0.0015163171440077,0.000717392606213835,0.000954375093982368,0.00066844044941754,0.000740041663603557,0.000400890805034557,0.000745138961676743,0.001437402851856,0.00117750928148274,0.000465577624072463,0,0,0,0,0,0,0,0,0,0,0,0,0,0,0,0,0,0,0,0,0,0,0,0,0,0,0,0,0,0,0,0,0,0,0,0,0,0,0,0,0,0,0,0,0,0,0,0,0,0,0,0,0,0,0,0,0,0,0,0,0,0,0,0,0,0,0,0,0,0,0,0
0.00163670758440564,0.00336643606960784,0.00515587520743136,0.00667341907629388,0.00448690297632216,0.00460895788480383,0.0046300104646192,0.00418486410588447,0.00296709702915975,0.00255272343178501,0.00202789686348826,0.00153912236685504,0.00125278296210302,0.00087465360946232,0.000923086299449085,0.00042330351737717,0.000543003760326349,0.0005780635275145,0.000130820147883884,0.00019708744297001,0.00134942050039885,0.00108324459286971,0.000646699572549642,0.000658820426975052,0.000831873643426788,0.0010211927672941,0.000962042926794545,0.000602956781576382,0.000112250566159816,0,0,0,0,0,0,0,0,0,0,0,0,0,0,0,0,0,0,0,0,0,0,0,0,0,0,0,0,0,0,0,0,0,0,0,0,0,0,0,0,0,0,0,0,0,0,0,0,0,0,0,0,0,0,0,0,0,0,0,0,0,0,0,0,0,0,0,0,0,0,0
0.0019464886069441,0.00363009130114848,0.00322919449251557,0.00409694052509016,0.00552880504763394,0.00558840800795383,0.0042144058240604,0.00441945786109212,0.0030266959205006,0.00222914196091351,0.00270374197941707,0.00282972479153967,0.00177305538963343,0.000576623114843229,0.000328431065415092,1.54115112807357e-05,1.19350566683197e-05,0.000224521546695133,0.000495691505527342,0.000679287924631358,0.00133314719825264,0.00113475088368261,0.000475972719747301,0.000267131805317483,6.15570358551973e-05,0.0006834154153401,0.00134059826196353,0.000996329280189168,0.000748071402448302,0,1.30054037083949e-06,4.21324288055191e-06,0,0,0,0,0,0,0,0,0,0,0,0,0,0,0,0,0,0,0,0,0,0,0,0,0,0,0,0,0,0,0,0,0,0,0,0,0,0,0,0,0,0,0,0,0,0,0,0,0,0,0,0,0,0,0,0,0,0,0,0,0,0,0,0,0,0,0,0
0.00204416587662041,0.00409028086792114,0.00363373681879649,0.00546998532566847,0.0033409401632734,0.00266775452582424,0.00376261586030721,0.00495927703788025,0.00430639993611281,0.00277285896233205,0.00147976212240213,0.00147220288728878,0.00121493473495652,0.000705411626039783,0.000754763852558375,0.000519543201136346,0.000321790622601404,0.000596563513647339,0.000708869386371539,5.04309279105437e-05,0.00105624265864052,0.000729778262903864,0.000864919689961324,0.000869393696212357,0.000447391047700717,0.000464450067354734,0.000525928304683498,0.000786827588756916,0.000556655095653905,0.000768995555781086,0.000121641531169905,0.000377851365797047,0,0,0,0,0,0,0,0,0,0,0,0,0,0,0,0,0,0,0,0,0,0,0,0,0,0,0,0,0,0,0,0,0,0,0,0,0,0,0,0,0,0,0,0,0,0,0,0,0,0,0,0,0,0,0,0,0,0,0,0,0,0,0,0,0,0,0,0
0.00370257211296495,0.00327990821737292,0.00260463029029,0.00488244561352359,0.00236692371880666,0.00287413413113854,0.00390830972037422,0.00344753597598006,0.00470704849293538,0.00335877650283066,0.00175295758547693,0.00177291943466677,0.00122316906863468,0.00116848184625954,0.00112184971898113,0.00112086427100095,0.000948455218257977,0.000474167653354094,0.000342206401214043,0.000789295351953656,0.000389444750460841,0.000790299167141255,0.00111857082552121,0.00180318199700181,0.000369513798005756,0.000302948791049044,0.000269173915589822,0.00119774224706648,0.000380034203191913,0.000571838603473981,1.37963058376639e-05,5.93710134069326e-05,2.17598336453268e-06,0,0,0,0,0,0,0,0,0,0,0,0,0,0,0,0,0,0,0,0,0,0,0,0,0,0,0,0,0,0,0,0,0,0,0,0,0,0,0,0,0,0,0,0,0,0,0,0,0,0,0,0,0,0,0,0,0,0,0,0,0,0,0,0,0,0,0
0.00260659355262986,0.00300479428981362,0.00495293573843485,0.00278727526618196,0.0015628876247056,0.00284381541465595,0.00205190996437275,0.00204777274671321,0.00222964392767373,0.00315181494810053,0.000968268497762095,0.000586515628235143,0.00103837427638051,0.000320366366376392,0.000366355424803293,0.000811927425768516,0.00104945934726123,0.00131526139363989,0.000541685705538073,0.00072320046719969,0.000573384822389146,0.00103591378003392,0.000955362028639974,0.000499703495236093,0.000402823894252335,0.000312087596549992,0.000992750366719363,0.000430416822879524,0.00112594292315094,0.000138731000341884,3.81235444572882e-05,0.000444615752772456,1.55014296586607e-05,0,0,0,0,0,0,0,0,0,0,0,0,0,0,0,0,0,0,0,0,0,0,0,0,0,0,0,0,0,0,0,0,0,0,0,0,0,0,0,0,0,0,0,0,0,0,0,0,0,0,0,0,0,0,0,0,0,0,0,0,0,0,0,0,0,0,0
0.00315624442050261,0.00381910020582565,0.00342578698731425,0.00325708906786586,0.00148470497726436,0.000768211310929116,0.00134528183489157,0.00166686442193869,0.00119015727947403,0.000972128237991443,0.00189888335734944,0.00158096925280059,0.000597092074178768,0.000438683157379584,0.000225604453346248,0.000841153235675199,0.000945632292380397,0.000597694225549579,6.95748312762838e-05,0.000211693714950077,0.000675766861471255,0.000359045364982499,0.000968447795142944,0.000381040087461952,0.000892880318761937,0.000599488829767156,0.00125373038429208,0.00102005135486853,0.000803885795093595,0.000388814410279536,0.000884403680169811,0.000222448965559499,0,0,0,0,0,0,0,0,0,0,0,0,0,0,0,0,0,0,0,0,0,0,0,0,0,0,0,0,0,0,0,0,0,0,0,0,0,0,0,0,0,0,0,0,0,0,0,0,0,0,0,0,0,0,0,0,0,0,0,0,0,0,0,0,0,0,0,0
0.00187188560503583,0.00275561703230581,0.00218310308545388,0.00192306245890303,0.00132822922272338,0.00063665432739435,0.00134669140945693,0.0015949480906099,0.00130591171958919,0.000655943034632944,0.000874141611730988,0.00125963433739706,0.000875672175814231,0.000402784238630069,0.000142086837383295,0.000413221732038808,0.00106534617853164,0.000308769006367227,1.10623576858525e-05,0.000486215660232324,0.00072086664666183,0.000566020157179329,0.00158314732128037,0.000456492115746087,0.000685319969669543,0.00108031201174577,0.000859887661267198,0.000863339606471864,0.000269018297625784,0.000357611966795526,0.000116175997883416,1.52829512682925e-05,3.72876407919541e-08,0,0,0,0,0,0,0,0,0,0,0,0,0,0,0,0,0,0,0,0,0,0,0,0,0,0,0,0,0,0,0,0,0,0,0,0,0,0,0,0,0,0,0,0,0,0,0,0,0,0,0,0,0,0,0,0,0,0,0,0,0,0,0,0,0,0,0
0.00160562788720444,0.00159761615370218,0.00418691046224565,0.00200300640831685,0.00140033322110624,0.00133359607627585,0.00109697502648873,0.00132632910038477,0.0010171488417352,0.00109593405275264,0.000532440446559781,0.000697066677261261,0.000252077634928506,0.000551911379554201,0.000612304403126797,0.000288801599557262,0.000738236961512009,0.000484471427366917,0.000169890517398469,0.000447782659569641,0.000557950431828223,0,0.000277696889411101,0.000359365834325205,0.000363686260624648,0.000188131920327103,0.000143004115671975,0.00093775096539893,0.000806495352827127,0.000317639631119359,0.000643989351664227,0.000808970908949698,0.000151208078450331,0,0,0,0,0,0,0,0,0,0,0,0,0,0,0,0,0,0,0,0,0,0,0,0,0,0,0,0,0,0,0,0,0,0,0,0,0,0,0,0,0,0,0,0,0,0,0,0,0,0,0,0,0,0,0,0,0,0,0,0,0,0,0,0,0,0,0
0.00223234100661633,0.00522360367864697,0.00342929556021983,0.00188292227831907,0.000710827881741529,0.00145815447240786,0.000745666423895397,0.000520502638576759,0.000192160091569374,0.000190541465156309,0.000238412502922698,0.00013945823705765,0.000740289088701054,0.000948773440235356,0.00090667797497152,0.000615693797382491,0.000206725215935488,0.000301764631462278,0.000825400014283866,0.000491181636540464,0.000291101658424031,5.55567391544553e-05,0.000885877370931479,0.000177791656312723,0.000187150486639598,0.000200952619538584,5.04256361514723e-06,0.000852448120150043,0.000639831685714934,0.000907253299533168,0.000799642645874935,0.000967622923145083,3.96236094305902e-05,0,0,0,0,0,0,0,0,0,0,0,0,0,0,0,0,0,0,0,0,0,0,0,0,0,0,0,0,0,0,0,0,0,0,0,0,0,0,0,0,0,0,0,0,0,0,0,0,0,0,0,0,0,0,0,0,0,0,0,0,0,0,0,0,0,0,0
0.00174872345036541,0.0022327519200351,0.00168319861383571,0.00159455415225549,0.00174931262429391,0.000686438473998024,0.000703029287483787,0.000957457978075017,0.000851330574908177,0.00147667966741327,0.000281001766735679,9.22326778555564e-05,0.000456623453696723,0.000279386317630199,0.000229301561372359,0.000124980901851484,0,0.000238503630370377,0.00041858389226185,0.000653302275826445,0.000368581347373774,0.000329947699425031,0.000259794138714113,0.000395856731950685,0.000818228949442594,0.000613033883338485,7.36720539773971e-05,0.000457626259386022,0.000369515901719501,0.000293433746752448,0.000538178253517602,1.00612107978609e-05,7.69997517132862e-05,8.61719977069505e-06,0,0,0,0,0,0,0,0,0,0,0,0,0,0,0,0,0,0,0,0,0,0,0,0,0,0,0,0,0,0,0,0,0,0,0,0,0,0,0,0,0,0,0,0,0,0,0,0,0,0,0,0,0,0,0,0,0,0,0,0,0,0,0,0,0,0
0.00156466020405263,0.00130982729029212,0.00289792360050811,0.00292362758607119,0.00207942811235703,0.000700400329522382,0.00191861855561205,0.000679678452147225,0.00122624862249739,0.0011806734304659,0.000589906773320845,0.00046770046468545,5.91831838964601e-05,0,0.000236973871377933,0.000352578575763807,3.73220993906553e-05,0.000218639863584985,0.000853313711158864,0.00053128602987978,0.00116276354005423,0.000979164236516062,0.000764914083803956,0.0013844602521523,0.000743632503450767,0.000279176135835,0.000327966122265101,0.000869731135222151,0.000251598230441559,0.000482187365634472,0.000212248720239559,0,0.000372676103235209,4.17069452808098e-05,0,0,0,0,0,0,0,0,0,0,0,0,0,0,0,0,0,0,0,0,0,0,0,0,0,0,0,0,0,0,0,0,0,0,0,0,0,0,0,0,0,0,0,0,0,0,0,0,0,0,0,0,0,0,0,0,0,0,0,0,0,0,0,0,0,0
0.00180638521913531,0.00115136819598081,0.0015465556604173,0.00055052884409106,0.000177788827787069,0.000472633325985324,0.000751143957571906,0.000923907759326135,0.00031399340998619,0.000419270640323815,0.000337733658118286,0.000821234483372157,4.55690656949981e-05,0.000232226844555434,0.00108918971844932,0.000850978978564224,0.000280461670173831,0.000479703945342012,0.000672654088214608,0.00072318437868719,0.000703624314748066,0.00138107732868908,0.000844374821480594,0.000912809639586494,0.000940825785661813,0.000664223614450053,0.000432115718971149,0.000881837688999149,0.000227613755631715,0.00091132949588994,0.000166640184229725,1.92897026813152e-05,0,0,0,0,0,0,0,0,0,0,0,0,0,0,0,0,0,0,0,0,0,0,0,0,0,0,0,0,0,0,0,0,0,0,0,0,0,0,0,0,0,0,0,0,0,0,0,0,0,0,0,0,0,0,0,0,0,0,0,0,0,0,0,0,0,0,0,0
0.00151169103011478,0.00237850346283635,0.00248082108544662,0.00105929619528512,0.00149465794336169,0.00112028183068522,0.00142346207490904,0.000832680280595907,0.00051103807705219,0.000437525557101122,0.00141306036523319,0.00153139318171271,0.0001831509851385,0.00121706787432031,0.00161567263633805,0.000358504200322972,0.00031905317934941,0.00031209285213484,0.000699055606764769,9.47234310409317e-05,0.000109898000477779,0.000492210501026368,0.000376989296224391,0.000545504108425304,0.000549463187327964,0.00064949181722631,0.000678453291764807,0.000467486126353744,0.000349162950651675,0.000685245179615456,0.000548378989753778,0.000159506339693089,0,0,0,0,0,0,0,0,0,0,0,0,0,0,0,0,0,0,0,0,0,0,0,0,0,0,0,0,0,0,0,0,0,0,0,0,0,0,0,0,0,0,0,0,0,0,0,0,0,0,0,0,0,0,0,0,0,0,0,0,0,0,0,0,0,0,0,0
0.000253413220343203,0.00149840811746707,0.00186470499846002,0.00191765294111706,0.00122056852734027,0.000566180436793264,0.000944869498307609,0.00232349811766917,0.00202055462381012,0.000653912616982207,0.000753590408083657,0.000358413264276834,0.00100718308387858,0.00110531580623018,0.000626551243530874,8.34859104268418e-05,0.000384073071530836,0.000554911301840917,0.00079836214990331,0.000704424352630267,0.00067773438394022,0.000184714334374404,9.80113003796711e-05,0.000664029369610048,0.000141262745113494,0.000324424604860867,0.000209442216716575,0.000152468407621202,0.000155122969531456,0.000820050722864968,9.863775606909e-05,3.42222246164976e-05,0,0,0,0,0,0,0,0,0,0,0,0,0,0,0,0,0,0,0,0,0,0,0,0,0,0,0,0,0,0,0,0,0,0,0,0,0,0,0,0,0,0,0,0,0,0,0,0,0,0,0,0,0,0,0,0,0,0,0,0,0,0,0,0,0,0,0,0
0.000695390869924858,0.0016528422835453,0.00102080003480837,0.00181820093375784,0.00191820616418596,0.000290991920682749,0.000277321026402168,0.00157584134255743,0.000910177719014089,0.000630701772837635,0.000468785502314526,0.000112266148160721,0.000625813257232412,0.000891698117888313,0.000117689730651172,0.000318940404202761,0.000360305683300407,0.000295287167553646,8.46268592608702e-05,0.000457673178583999,0.000191675264322024,0,0.000756677504113423,0.00115299076513067,0.000215057845231585,0,0.000304746521736442,0.000412848748014501,0.000111646594633483,0.000634564554534049,0.000280496192507834,0,0,0,0,0,0,0,0,0,0,0,0,0,0,0,0,0,0,0,0,0,0,0,0,0,0,0,0,0,0,0,0,0,0,0,0,0,0,0,0,0,0,0,0,0,0,0,0,0,0,0,0,0,0,0,0,0,0,0,0,0,0,0,0,0,0,0,0,0
0.000303213575850016,0.000712274396470121,0.000498866927465167,0.00168032334791222,0.00118853660468376,0.000323747185852321,0.000416820147940257,0.000795436817520251,0.000807903741945569,0.000735788655484078,0.000174332452316675,0.000525644684866625,0.000647340188858223,0.000308898198685156,0.000195623933465201,0.00033377753561014,0,0,0.000404081927346883,0.000234792934062152,6.65589933323196e-05,0.000292925073854544,0.000692964976375713,0.00029852949036381,0.000338934846970205,0.000430714978803682,0.000707651546162122,0.000355663616538412,3.29642938136564e-05,0.000111200521687802,9.5569893157706e-05,0,0,0,0,0,0,0,0,0,0,0,0,0,0,0,0,0,0,0,0,0,0,0,0,0,0,0,0,0,0,0,0,0,0,0,0,0,0,0,0,0,0,0,0,0,0,0,0,0,0,0,0,0,0,0,0,0,0,0,0,0,0,0,0,0,0,0,0,0
0,0.000630055932459164,0.00073887901784492,0.000612585732881269,0.000517070102340732,0.000479226985898508,0.000255498172582914,0.00098756633663915,0.00125805202457959,0.000476823385706292,0.000571676351319135,0.000765166427147241,0.000455246455662086,0,0.000962208186850066,0.00053233038258437,0,8.07433227022051e-05,0.000290483926168484,0.00058864531222455,0.000348998766374365,0.000623617432261904,0.000831674530986934,0.00105941669284077,5.30702199143175e-05,0.000280103042560366,0.000116464810298407,0,0.000339457624310618,7.55346487101299e-06,0,0,0,0,0,0,0,0,0,0,0,0,0,0,0,0,0,0,0,0,0,0,0,0,0,0,0,0,0,0,0,0,0,0,0,0,0,0,0,0,0,0,0,0,0,0,0,0,0,0,0,0,0,0,0,0,0,0,0,0,0,0,0,0,0,0,0,0,0,0
0,0.000319181565056775,0.000101486428741955,0.000258058416869763,0.00132845006574661,0.000825709144022902,0.000157871299531094,0.00104309123819151,0.00119327848648335,0.000837538045138482,0.00115129635820861,0.000797136327084395,0.000513904582438308,0.000121549469907848,0.000206866008105875,0.000468226104522404,4.42087658719985e-05,3.17712636572946e-05,0.000453948809103273,0.000377758598282791,0.000268970604025108,0.000311910643069521,0.000307494244632345,0.000289545619276111,0.00013043520414052,0.000544415196002042,0.0001476939033163,0,0.000149658768354489,0.000282283182648761,0.000187045627828393,0,0,0,0,0,0,0,0,0,0,0,0,0,0,0,0,0,0,0,0,0,0,0,0,0,0,0,0,0,0,0,0,0,0,0,0,0,0,0,0,0,0,0,0,0,0,0,0,0,0,0,0,0,0,0,0,0,0,0,0,0,0,0,0,0,0,0,0,0
0,0,0.000163576086716795,0.00129057479777268,0.000249905062874224,0.000641436715590989,0.000384858349422552,0.00128852437558578,0.000625581669438906,0.000334534184505085,0.00118254473249546,0.000725261252267935,0.000372130466296864,0.000261184606964684,0.000380465854267241,0.00048862335685815,2.27626188817411e-05,0.000283640811230541,0.000551945441596986,0.000465244383556157,0.000300680942047775,0.000230258451695661,0.000724766525613361,0.000587362811477892,0.000865341978150668,0.000762166846961184,0.000445396174000018,0.000366316140997304,8.55098254164856e-05,2.03536524438359e-05,1.36476795428901e-05,0,0,0,0,0,0,0,0,0,0,0,0,0,0,0,0,0,0,0,0,0,0,0,0,0,0,0,0,0,0,0,0,0,0,0,0,0,0,0,0,0,0,0,0,0,0,0,0,0,0,0,0,0,0,0,0,0,0,0,0,0,0,0,0,0,0,0,0,0
0,0,5.59779504671477e-05,0.000221543499845441,0.000266929997252067,0.000658244517499727,0.000419880540481135,0.00111966583266274,0.000766816856349,0.000552069732987347,0.000330299309237546,0.000685012385968287,0.000245928488125863,0.000536379580339467,0.00120099519666205,0.000352866746848261,0.000699516383194701,0.00102427429467298,0.000561455353669874,0.00027525584456578,0.000212389351243438,0.000115289394029614,0.000152135951672326,0.000548926504323028,0.00018491955898071,0.000242281311220054,0.000150294868570176,3.90569099417669e-05,9.1171236444437e-06,0,0,0,0,0,0,0,0,0,0,0,0,0,0,0,0,0,0,0,0,0,0,0,0,0,0,0,0,0,0,0,0,0,0,0,0,0,0,0,0,0,0,0,0,0,0,0,0,0,0,0,0,0,0,0,0,0,0,0,0,0,0,0,0,0,0,0,0,0,0,0
0,0,6.37265157574175e-05,0.000161547531232741,0.000213000378873115,0.00011869645998164,8.99730289051569e-05,0.000174234498606927,0.000703336479754195,0.00091992520559029,0.000420393425067449,0.000700169771193435,0.000268165254764693,0.000481127227313198,0.000747063043400758,0.000384442122529664,0.000424566755274357,0.00055581622248582,0.000253435810519944,0.000120305505023612,0.000359958321327256,0.000842941796168386,0.000369248364652995,3.21893059335318e-05,0.000160221817066862,0.000693897839403068,0.000178789285661487,0,0,0,0,0,0,0,0,0,0,0,0,0,0,0,0,0,0,0,0,0,0,0,0,0,0,0,0,0,0,0,0,0,0,0,0,0,0,0,0,0,0,0,0,0,0,0,0,0,0,0,0,0,0,0,0,0,0,0,0,0,0,0,0,0,0,0,0,0,0,0,0,0
0,0,0.000102710234885891,0.000205846122075228,0,0.0004036967117924,5.50864789209446e-05,0,0.000155081830478876,0.000787579421916929,0.000915215472897456,0.000596542065071829,0.00123453875482074,0.000576614826546893,0.000669260382273628,0.000875424651781345,0.000584435588884987,0.000659566157512926,0.000549367294367066,0.000675184379832293,0.000380107514028683,0.000814061126631295,0.000133486894068302,0,0.000615739947046782,0.000561363413251007,0,0,0,0,0,0,0,0,0,0,0,0,0,0,0,0,0,0,0,0,0,0,0,0,0,0,0,0,0,0,0,0,0,0,0,0,0,0,0,0,0,0,0,0,0,0,0,0,0,0,0,0,0,0,0,0,0,0,0,0,0,0,0,0,0,0,0,0,0,0,0,0,0,0
0,0,0,0,0,3.62678727477481e-05,4.94893653890777e-06,0.000304313199526473,1.39069889478197e-05,0,0.0002672746327091,0.00115331991756844,0.00121501975590316,0.000188304944601687,0.000612416015217658,0.000914618134561913,0.000313544959968733,0.000470125072580122,0.000243104158798309,0.000464053815462831,6.39455161635027e-05,0,0,0,0.00027061497414294,0.000213978548709837,0,0,0,0,0,0,0,0,0,0,0,0,0,0,0,0,0,0,0,0,0,0,0,0,0,0,0,0,0,0,0,0,0,0,0,0,0,0,0,0,0,0,0,0,0,0,0,0,0,0,0,0,0,0,0,0,0,0,0,0,0,0,0,0,0,0,0,0,0,0,0,0,0,0
0,0,0,0,0,0,0,0.000173835595786457,7.94421573925058e-06,0,8.84498328901765e-05,0.000856380049381117,0.000189554694550678,0.000510963009071642,0.000679862499808575,0.000432894165004045,5.94147500438664e-05,0.000208442510110649,0,0.000261351322528719,0.000201883484927243,0.000120893003024332,5.97714363120545e-06,0,0,0,0,0,0,0,0,0,0,0,0,0,0,0,0,0,0,0,0,0,0,0,0,0,0,0,0,0,0,0,0,0,0,0,0,0,0,0,0,0,0,0,0,0,0,0,0,0,0,0,0,0,0,0,0,0,0,0,0,0,0,0,0,0,0,0,0,0,0,0,0,0,0,0,0,0
0,0,0,0,0,0,0,0,0,0,0,0,0.000150186228221993,0.000618010338791425,0.000644317830173322,0.000153494174925193,4.57748704467123e-05,0.000590204787257043,6.43456619872091e-05,4.72253720990114e-05,4.4192411654495e-05,0.000355550850046028,1.75790032984338e-05,0,0,0,0,0,0,0,0,0,0,0,0,0,0,0,0,0,0,0,0,0,0,0,0,0,0,0,0,0,0,0,0,0,0,0,0,0,0,0,0,0,0,0,0,0,0,0,0,0,0,0,0,0,0,0,0,0,0,0,0,0,0,0,0,0,0,0,0,0,0,0,0,0,0,0,0,0
0,0,0,0,0,0,0,0,0,0,0,0,2.52505379622538e-06,0.000322735943294973,0.000771137729460027,0.000127931802192752,0.000185615339619477,3.68710925531538e-05,6.04084213582675e-06,0,0,0,0,0,0,0,0,0,0,0,0,0,0,0,0,0,0,0,0,0,0,0,0,0,0,0,0,0,0,0,0,0,0,0,0,0,0,0,0,0,0,0,0,0,0,0,0,0,0,0,0,0,0,0,0,0,0,0,0,0,0,0,0,0,0,0,0,0,0,0,0,0,0,0,0,0,0,0,0,0
0,0,0,0,0,0,0,0,0,0,0,0,0,1.83843894185368e-05,4.26333596413951e-05,7.08554480322025e-05,0.000162688453333987,0,0,0,0,0,0,0,0,0,0,0,0,0,0,0,0,0,0,0,0,0,0,0,0,0,0,0,0,0,0,0,0,0,0,0,0,0,0,0,0,0,0,0,0,0,0,0,0,0,0,0,0,0,0,0,0,0,0,0,0,0,0,0,0,0,0,0,0,0,0,0,0,0,0,0,0,0,0,0,0,0,0,0
0,0,0,0,0,0,0,0,0,0,0,0,0,0,0,0,0,0,0,0,0,0,0,0,0,0,0,0,0,0,0,0,0,0,0,0,0,0,0,0,0,0,0,0,0,0,0,0,0,0,0,0,0,0,0,0,0,0,0,0,0,0,0,0,0,0,0,0,0,0,0,0,0,0,0,0,0,0,0,0,0,0,0,0,0,0,0,0,0,0,0,0,0,0,0,0,0,0,0,0
0,0,0,0,0,0,0,0,0,0,0,0,0,0,0,0,0,0,0,0,0,0,0,0,0,0,0,0,0,0,0,0,0,0,0,0,0,0,0,0,0,0,0,0,0,0,0,0,0,0,0,0,0,0,0,0,0,0,0,0,0,0,0,0,0,0,0,0,0,0,0,0,0,0,0,0,0,0,0,0,0,0,0,0,0,0,0,0,0,0,0,0,0,0,0,0,0,0,0,0
0,0,0,0,0,0,0,0,0,0,0,0,0,0,0,0,0,0,0,0,0,0,0,0,0,0,0,0,0,0,0,0,0,0,0,0,0,0,0,0,0,0,0,0,0,0,0,0,0,0,0,0,0,0,0,0,0,0,0,0,0,0,0,0,0,0,0,0,0,0,0,0,0,0,0,0,0,0,0,0,0,0,0,0,0,0,0,0,0,0,0,0,0,0,0,0,0,0,0,0
0,0,0,0,0,0,0,0,0,0,0,0,0,0,0,0,0,0,0,0,0,0,0,0,0,0,0,0,0,0,0,0,0,0,0,0,0,0,0,0,0,0,0,0,0,0,0,0,0,0,0,0,0,0,0,0,0,0,0,0,0,0,0,0,0,0,0,0,0,0,0,0,0,0,0,0,0,0,0,0,0,0,0,0,0,0,0,0,0,0,0,0,0,0,0,0,0,0,0,0
0,0,0,0,0,0,0,0,0,0,0,0,0,0,0,0,0,0,0,0,0,0,0,0,0,0,0,0,0,0,0,0,0,0,0,0,0,0,0,0,0,0,0,0,0,0,0,0,0,0,0,0,0,0,0,0,0,0,0,0,0,0,0,0,0,0,0,0,0,0,0,0,0,0,0,0,0,0,0,0,0,0,0,0,0,0,0,0,0,0,0,0,0,0,0,0,0,0,0,0
0,0,0,0,0,0,0,0,0,0,0,0,0,0,0,0,0,0,0,0,0,0,0,0,0,0,0,0,0,0,0,0,0,0,0,0,0,0,0,0,0,0,0,0,0,0,0,0,0,0,0,0,0,0,0,0,0,0,0,0,0,0,0,0,0,0,0,0,0,0,0,0,0,0,0,0,0,0,0,0,0,0,0,0,0,0,0,0,0,0,0,0,0,0,0,0,0,0,0,0
0,0,0,0,0,0,0,0,0,0,0,0,0,0,0,0,0,0,0,0,0,0,0,0,0,0,0,0,0,0,0,0,0,0,0,0,0,0,0,0,0,0,0,0,0,0,0,0,0,0,0,0,0,0,0,0,0,0,0,0,0,0,0,0,0,0,0,0,0,0,0,0,0,0,0,0,0,0,0,0,0,0,0,0,0,0,0,0,0,0,0,0,0,0,0,0,0,0,0,0
0,0,0,0,0,0,0,0,0,0,0,0,0,0,0,0,0,0,0,0,0,0,0,0,0,0,0,0,0,0,0,0,0,0,0,0,0,0,0,0,0,0,0,0,0,0,0,0,0,0,0,0,0,0,0,0,0,0,0,0,0,0,0,0,0,0,0,0,0,0,0,0,0,0,0,0,0,0,0,0,0,0,0,0,0,0,0,0,0,0,0,0,0,0,0,0,0,0,0,0
0,0,0,0,0,0,0,0,0,0,0,0,0,0,0,0,0,0,0,0,0,0,0,0,0,0,0,0,0,0,0,0,0,0,0,0,0,0,0,0,0,0,0,0,0,0,0,0,0,0,0,0,0,0,0,0,0,0,0,0,0,0,0,0,0,0,0,0,0,0,0,0,0,0,0,0,0,0,0,0,0,0,0,0,0,0,0,0,0,0,0,0,0,0,0,0,0,0,0,0
0,0,0,0,0,0,0,0,0,0,0,0,0,0,0,0,0,0,0,0,0,0,0,0,0,0,0,0,0,0,0,0,0,0,0,0,0,0,0,0,0,0,0,0,0,0,0,0,0,0,0,0,0,0,0,0,0,0,0,0,0,0,0,0,0,0,0,0,0,0,0,0,0,0,0,0,0,0,0,0,0,0,0,0,0,0,0,0,0,0,0,0,0,0,0,0,0,0,0,0
0,0,0,0,0,0,0,0,0,0,0,0,0,0,0,0,0,0,0,0,0,0,0,0,0,0,0,0,0,0,0,0,0,0,0,0,0,0,0,0,0,0,0,0,0,0,0,0,0,0,0,0,0,0,0,0,0,0,0,0,0,0,0,0,0,0,0,0,0,0,0,0,0,0,0,0,0,0,0,0,0,0,0,0,0,0,0,0,0,0,0,0,0,0,0,0,0,0,0,0
0,0,0,0,0,0,0,0,0,0,0,0,0,0,0,0,0,0,0,0,0,0,0,0,0,0,0,0,0,0,0,0,0,0,0,0,0,0,0,0,0,0,0,0,0,0,0,0,0,0,0,0,0,0,0,0,0,0,0,0,0,0,0,0,0,0,0,0,0,0,0,0,0,0,0,0,0,0,0,0,0,0,0,0,0,0,0,0,0,0,0,0,0,0,0,0,0,0,0,0
0,0,0,0,0,0,0,0,0,0,0,0,0,0,0,0,0,0,0,0,0,0,0,0,0,0,0,0,0,0,0,0,0,0,0,0,0,0,0,0,0,0,0,0,0,0,0,0,0,0,0,0,0,0,0,0,0,0,0,0,0,0,0,0,0,0,0,0,0,0,0,0,0,0,0,0,0,0,0,0,0,0,0,0,0,0,0,0,0,0,0,0,0,0,0,0,0,0,0,0
0,0,0,0,0,0,0,0,0,0,0,0,0,0,0,0,0,0,0,0,0,0,0,0,0,0,0,0,0,0,0,0,0,0,0,0,0,0,0,0,0,0,0,0,0,0,0,0,0,0,0,0,0,0,0,0,0,0,0,0,0,0,0,0,0,0,0,0,0,0,0,0,0,0,0,0,0,0,0,0,0,0,0,0,0,0,0,0,0,0,0,0,0,0,0,0,0,0,0,0
0,0,0,0,0,0,0,0,0,0,0,0,0,0,0,0,0,0,0,0,0,0,0,0,0,0,0,0,0,0,0,0,0,0,0,0,0,0,0,0,0,0,0,0,0,0,0,0,0,0,0,0,0,0,0,0,0,0,0,0,0,0,0,0,0,0,0,0,0,0,0,0,0,0,0,0,0,0,0,0,0,0,0,0,0,0,0,0,0,0,0,0,0,0,0,0,0,0,0,0
0,0,0,0,0,0,0,0,0,0,0,0,0,0,0,0,0,0,0,0,0,0,0,0,0,0,0,0,0,0,0,0,0,0,0,0,0,0,0,0,0,0,0,0,0,0,0,0,0,0,0,0,0,0,0,0,0,0,0,0,0,0,0,0,0,0,0,0,0,0,0,0,0,0,0,0,0,0,0,0,0,0,0,0,0,0,0,0,0,0,0,0,0,0,0,0,0,0,0,0
0,0,0,0,0,0,0,0,0,0,0,0,0,0,0,0,0,0,0,0,0,0,0,0,0,0,0,0,0,0,0,0,0,0,0,0,0,0,0,0,0,0,0,0,0,0,0,0,0,0,0,0,0,0,0,0,0,0,0,0,0,0,0,0,0,0,0,0,0,0,0,0,0,0,0,0,0,0,0,0,0,0,0,0,0,0,0,0,0,0,0,0,0,0,0,0,0,0,0,0
0,0,0,0,0,0,0,0,0,0,0,0,0,0,0,0,0,0,0,0,0,0,0,0,0,0,0,0,0,0,0,0,0,0,0,0,0,0,0,0,0,0,0,0,0,0,0,0,0,0,0,0,0,0,0,0,0,0,0,0,0,0,0,0,0,0,0,0,0,0,0,0,0,0,0,0,0,0,0,0,0,0,0,0,0,0,0,0,0,0,0,0,0,0,0,0,0,0,0,0
0,0,0,0,0,0,0,0,0,0,0,0,0,0,0,0,0,0,0,0,0,0,0,0,0,0,0,0,0,0,0,0,0,0,0,0,0,0,0,0,0,0,0,0,0,0,0,0,0,0,0,0,0,0,0,0,0,0,0,0,0,0,0,0,0,0,0,0,0,0,0,0,0,0,0,0,0,0,0,0,0,0,0,0,0,0,0,0,0,0,0,0,0,0,0,0,0,0,0,0
0,0,0,0,0,0,0,0,0,0,0,0,0,0,0,0,0,0,0,0,0,0,0,0,0,0,0,0,0,0,0,0,0,0,0,0,0,0,0,0,0,0,0,0,0,0,0,0,0,0,0,0,0,0,0,0,0,0,0,0,0,0,0,0,0,0,0,0,0,0,0,0,0,0,0,0,0,0,0,0,0,0,0,0,0,0,0,0,0,0,0,0,0,0,0,0,0,0,0,0
0,0,0,0,0,0,0,0,0,0,0,0,0,0,0,0,0,0,0,0,0,0,0,0,0,0,0,0,0,0,0,0,0,0,0,0,0,0,0,0,0,0,0,0,0,0,0,0,0,0,0,0,0,0,0,0,0,0,0,0,0,0,0,0,0,0,0,0,0,0,0,0,0,0,0,0,0,0,0,0,0,0,0,0,0,0,0,0,0,0,0,0,0,0,0,0,0,0,0,0
0,0,0,0,0,0,0,0,0,0,0,0,0,0,0,0,0,0,0,0,0,0,0,0,0,0,0,0,0,0,0,0,0,0,0,0,0,0,0,0,0,0,0,0,0,0,0,0,0,0,0,0,0,0,0,0,0,0,0,0,0,0,0,0,0,0,0,0,0,0,0,0,0,0,0,0,0,0,0,0,0,0,0,0,0,0,0,0,0,0,0,0,0,0,0,0,0,0,0,0
0,0,0,0,0,0,0,0,0,0,0,0,0,0,0,0,0,0,0,0,0,0,0,0,0,0,0,0,0,0,0,0,0,0,0,0,0,0,0,0,0,0,0,0,0,0,0,0,0,0,0,0,0,0,0,0,0,0,0,0,0,0,0,0,0,0,0,0,0,0,0,0,0,0,0,0,0,0,0,0,0,0,0,0,0,0,0,0,0,0,0,0,0,0,0,0,0,0,0,0
0,0,0,0,0,0,0,0,0,0,0,0,0,0,0,0,0,0,0,0,0,0,0,0,0,0,0,0,0,0,0,0,0,0,0,0,0,0,0,0,0,0,0,0,0,0,0,0,0,0,0,0,0,0,0,0,0,0,0,0,0,0,0,0,0,0,0,0,0,0,0,0,0,0,0,0,0,0,0,0,0,0,0,0,0,0,0,0,0,0,0,0,0,0,0,0,0,0,0,0
0,0,0,0,0,0,0,0,0,0,0,0,0,0,0,0,0,0,0,0,0,0,0,0,0,0,0,0,0,0,0,0,0,0,0,0,0,0,0,0,0,0,0,0,0,0,0,0,0,0,0,0,0,0,0,0,0,0,0,0,0,0,0,0,0,0,0,0,0,0,0,0,0,0,0,0,0,0,0,0,0,0,0,0,0,0,0,0,0,0,0,0,0,0,0,0,0,0,0,0
0,0,0,0,0,0,0,0,0,0,0,0,0,0,0,0,0,0,0,0,0,0,0,0,0,0,0,0,0,0,0,0,0,0,0,0,0,0,0,0,0,0,0,0,0,0,0,0,0,0,0,0,0,0,0,0,0,0,0,0,0,0,0,0,0,0,0,0,0,0,0,0,0,0,0,0,0,0,0,0,0,0,0,0,0,0,0,0,0,0,0,0,0,0,0,0,0,0,0,0
0,0,0,0,0,0,0,0,0,0,0,0,0,0,0,0,0,0,0,0,0,0,0,0,0,0,0,0,0,0,0,0,0,0,0,0,0,0,0,0,0,0,0,0,0,0,0,0,0,0,0,0,0,0,0,0,0,0,0,0,0,0,0,0,0,0,0,0,0,0,0,0,0,0,0,0,0,0,0,0,0,0,0,0,0,0,0,0,0,0,0,0,0,0,0,0,0,0,0,0
0,0,0,0,0,0,0,0,0,0,0,0,0,0,0,0,0,0,0,0,0,0,0,0,0,0,0,0,0,0,0,0,0,0,0,0,0,0,0,0,0,0,0,0,0,0,0,0,0,0,0,0,0,0,0,0,0,0,0,0,0,0,0,0,0,0,0,0,0,0,0,0,0,0,0,0,0,0,0,0,0,0,0,0,0,0,0,0,0,0,0,0,0,0,0,0,0,0,0,0
0,0,0,0,0,0,0,0,0,0,0,0,0,0,0,0,0,0,0,0,0,0,0,0,0,0,0,0,0,0,0,0,0,0,0,0,0,0,0,0,0,0,0,0,0,0,0,0,0,0,0,0,0,0,0,0,0,0,0,0,0,0,0,0,0,0,0,0,0,0,0,0,0,0,0,0,0,0,0,0,0,0,0,0,0,0,0,0,0,0,0,0,0,0,0,0,0,0,0,0
0,0,0,0,0,0,0,0,0,0,0,0,0,0,0,0,0,0,0,0,0,0,0,0,0,0,0,0,0,0,0,0,0,0,0,0,0,0,0,0,0,0,0,0,0,0,0,0,0,0,0,0,0,0,0,0,0,0,0,0,0,0,0,0,0,0,0,0,0,0,0,0,0,0,0,0,0,0,0,0,0,0,0,0,0,0,0,0,0,0,0,0,0,0,0,0,0,0,0,0
0,0,0,0,0,0,0,0,0,0,0,0,0,0,0,0,0,0,0,0,0,0,0,0,0,0,0,0,0,0,0,0,0,0,0,0,0,0,0,0,0,0,0,0,0,0,0,0,0,0,0,0,0,0,0,0,0,0,0,0,0,0,0,0,0,0,0,0,0,0,0,0,0,0,0,0,0,0,0,0,0,0,0,0,0,0,0,0,0,0,0,0,0,0,0,0,0,0,0,0
0,0,0,0,0,0,0,0,0,0,0,0,0,0,0,0,0,0,0,0,0,0,0,0,0,0,0,0,0,0,0,0,0,0,0,0,0,0,0,0,0,0,0,0,0,0,0,0,0,0,0,0,0,0,0,0,0,0,0,0,0,0,0,0,0,0,0,0,0,0,0,0,0,0,0,0,0,0,0,0,0,0,0,0,0,0,0,0,0,0,0,0,0,0,0,0,0,0,0,0
0,0,0,0,0,0,0,0,0,0,0,0,0,0,0,0,0,0,0,0,0,0,0,0,0,0,0,0,0,0,0,0,0,0,0,0,0,0,0,0,0,0,0,0,0,0,0,0,0,0,0,0,0,0,0,0,0,0,0,0,0,0,0,0,0,0,0,0,0,0,0,0,0,0,0,0,0,0,0,0,0,0,0,0,0,0,0,0,0,0,0,0,0,0,0,0,0,0,0,0
0,0,0,0,0,0,0,0,0,0,0,0,0,0,0,0,0,0,0,0,0,0,0,0,0,0,0,0,0,0,0,0,0,0,0,0,0,0,0,0,0,0,0,0,0,0,0,0,0,0,0,0,0,0,0,0,0,0,0,0,0,0,0,0,0,0,0,0,0,0,0,0,0,0,0,0,0,0,0,0,0,0,0,0,0,0,0,0,0,0,0,0,0,0,0,0,0,0,0,0
0,0,0,0,0,0,0,0,0,0,0,0,0,0,0,0,0,0,0,0,0,0,0,0,0,0,0,0,0,0,0,0,0,0,0,0,0,0,0,0,0,0,0,0,0,0,0,0,0,0,0,0,0,0,0,0,0,0,0,0,0,0,0,0,0,0,0,0,0,0,0,0,0,0,0,0,0,0,0,0,0,0,0,0,0,0,0,0,0,0,0,0,0,0,0,0,0,0,0,0
0,0,0,0,0,0,0,0,0,0,0,0,0,0,0,0,0,0,0,0,0,0,0,0,0,0,0,0,0,0,0,0,0,0,0,0,0,0,0,0,0,0,0,0,0,0,0,0,0,0,0,0,0,0,0,0,0,0,0,0,0,0,0,0,0,0,0,0,0,0,0,0,0,0,0,0,0,0,0,0,0,0,0,0,0,0,0,0,0,0,0,0,0,0,0,0,0,0,0,0
0,0,0,0,0,0,0,0,0,0,0,0,0,0,0,0,0,0,0,0,0,0,0,0,0,0,0,0,0,0,0,0,0,0,0,0,0,0,0,0,0,0,0,0,0,0,0,0,0,0,0,0,0,0,0,0,0,0,0,0,0,0,0,0,0,0,0,0,0,0,0,0,0,0,0,0,0,0,0,0,0,0,0,0,0,0,0,0,0,0,0,0,0,0,0,0,0,0,0,0
0,0,0,0,0,0,0,0,0,0,0,0,0,0,0,0,0,0,0,0,0,0,0,0,0,0,0,0,0,0,0,0,0,0,0,0,0,0,0,0,0,0,0,0,0,0,0,0,0,0,0,0,0,0,0,0,0,0,0,0,0,0,0,0,0,0,0,0,0,0,0,0,0,0,0,0,0,0,0,0,0,0,0,0,0,0,0,0,0,0,0,0,0,0,0,0,0,0,0,0
0,0,0,0,0,0,0,0,0,0,0,0,0,0,0,0,0,0,0,0,0,0,0,0,0,0,0,0,0,0,0,0,0,0,0,0,0,0,0,0,0,0,0,0,0,0,0,0,0,0,0,0,0,0,0,0,0,0,0,0,0,0,0,0,0,0,0,0,0,0,0,0,0,0,0,0,0,0,0,0,0,0,0,0,0,0,0,0,0,0,0,0,0,0,0,0,0,0,0,0
0,0,0,0,0,0,0,0,0,0,0,0,0,0,0,0,0,0,0,0,0,0,0,0,0,0,0,0,0,0,0,0,0,0,0,0,0,0,0,0,0,0,0,0,0,0,0,0,0,0,0,0,0,0,0,0,0,0,0,0,0,0,0,0,0,0,0,0,0,0,0,0,0,0,0,0,0,0,0,0,0,0,0,0,0,0,0,0,0,0,0,0,0,0,0,0,0,0,0,0
0,0,0,0,0,0,0,0,0,0,0,0,0,0,0,0,0,0,0,0,0,0,0,0,0,0,0,0,0,0,0,0,0,0,0,0,0,0,0,0,0,0,0,0,0,0,0,0,0,0,0,0,0,0,0,0,0,0,0,0,0,0,0,0,0,0,0,0,0,0,0,0,0,0,0,0,0,0,0,0,0,0,0,0,0,0,0,0,0,0,0,0,0,0,0,0,0,0,0,0
0,0,0,0,0,0,0,0,0,0,0,0,0,0,0,0,0,0,0,0,0,0,0,0,0,0,0,0,0,0,0,0,0,0,0,0,0,0,0,0,0,0,0,0,0,0,0,0,0,0,0,0,0,0,0,0,0,0,0,0,0,0,0,0,0,0,0,0,0,0,0,0,0,0,0,0,0,0,0,0,0,0,0,0,0,0,0,0,0,0,0,0,0,0,0,0,0,0,0,0
0,0,0,0,0,0,0,0,0,0,0,0,0,0,0,0,0,0,0,0,0,0,0,0,0,0,0,0,0,0,0,0,0,0,0,0,0,0,0,0,0,0,0,0,0,0,0,0,0,0,0,0,0,0,0,0,0,0,0,0,0,0,0,0,0,0,0,0,0,0,0,0,0,0,0,0,0,0,0,0,0,0,0,0,0,0,0,0,0,0,0,0,0,0,0,0,0,0,0,0
