0,0,0,0,0,0,0,0,0,0,0,0,0,0,0,0,0,0,0,0,0,0,0,0,0,0,0,0,0,0,0,0,0,0,0,0,0,0,0,0,0,0,0,0,0,0,0,0,0,0,0,0,0,0,0,0,0,0,0,0,0,0,0,0,0,0,0,0,0,0,0,0,0,0,0,0,0,0,0,0,0,0,0,0,0,0,0,0,0,0,0,0,0,0,0,0,0,0,0,0
0,0,0,0,0,0,0,0,0,0,0,0,0,0,0,0,0,0,0,0,0,0,0,0,0,0,0,0,0,0,0,0,0,0,0,0,0,0,0,0,0,0,0,0,0,0,0,0,0,0,0,0,0,0,0,0,0,0,0,0,0,0,0,0,0,0,0,0,0,0,0,0,0,0,0,0,0,0,0,0,0,0,0,0,0,0,0,0,0,0,0,0,0,0,0,0,0,0,0,0
0,0,0,0,0,0,0,0,0,0,0,0,0,0,0,0,0,0,0,0,0,0,0,0,0,0,0,0,0,0,0,0,0,0,0,0,0,0,0,0,0,0,0,0,0,0,0,0,0,0,0,0,0,0,0,0,0,0,0,0,0,0,0,0,0,0,0,0,0,0,0,0,0,0,0,0,0,0,0,0,0,0,0,0,0,0,0,0,0,0,0,0,0,0,0,0,0,0,0,0
0,0,0,0,0,0,0,0,0,0,0,0,0,0,0,0,0,0,0,0,0,0,0,0,0,0,0,0,0,0,0,0,0,0,0,0,0,0,0,0,0,0,0,0,0,0,0,0,0,0,0,0,0,0,0,0,0,0,0,0,0,0,0,0,0,0,0,0,0,0,0,0,0,0,0,0,0,0,0,0,0,0,0,0,0,0,0,0,0,0,0,0,0,0,0,0,0,0,0,0
0,0,0,0,0,0,0,0,0,0,0,0,0,0,0,0,0,0,0,0,0,0,0,0,0,0,0,0,0,0,0,0,0,0,0,0,0,0,0,0,0,0,0,0,0,0,0,0,0,0,0,0,0,0,0,0,0,0,0,0,0,0,0,0,0,0,0,0,0,0,0,0,0,0,0,0,0,0,0,0,0,0,0,0,0,0,0,0,0,0,0,0,0,0,0,0,0,0,0,0
0,0,0,0,0,0,0,0,0,0,0,0,0,0,0,0,0,0,0,0,0,0,0,0,0,0,0,0,0,0,0,0,0,0,0,0,0,0,0,0,0,0,0,0,0,0,0,0,0,0,0,0,0,0,0,0,0,0,0,0,0,0,0,0,0,0,0,0,0,0,0,0,0,0,0,0,0,0,0,0,0,0,0,0,0,0,0,0,0,0,0,0,0,0,0,0,0,0,0,0
0,0,0,0,0,0,0,0,0,0,0,0,0,0,0,0,0,0,0,0,0,0,0,0,0,0,0,0,0,0,0,0,0,0,0,0,0,0,0,0,0,0,0,0,0,0,0,0,0,0,0,0,0,0,0,0,0,0,0,0,0,0,0,0,0,0,0,0,0,0,0,0,0,0,0,0,0,0,0,0,0,0,0,0,0,0,0,0,0,0,0,0,0,0,0,0,0,0,0,0
0,0,0,0,0,0,0,0,0,0,0,0,0,0,0,0,0,0,0,0,0,0,0,0,0,0,0,0,0,0,0,0,0,0,0,0,0,0,0,0,0,0,0,0,0,0,0,0,0,0,0,0,0,0,0,0,0,0,0,0,0,0,0,0,0,0,0,0,0,0,0,0,0,0,0,0,0,0,0,0,0,0,0,0,0,0,0,0,0,0,0,0,0,0,0,0,0,0,0,0
0,0,0,0,0,0,0,0,0,0,0,0,0,0,0,0,0,0,0,0,0,0,0,0,0,0,0,0,0,0,0,0,0,0,0,0,0,0,0,0,0,0,0,0,0,0,0,0,0,0,0,0,0,0,0,0,0,0,0,0,0,0,0,0,0,0,0,0,0,0,0,0,0,0,0,0,0,0,0,0,0,0,0,0,0,0,0,0,0,0,0,0,0,0,0,0,0,0,0,0
0,0,0,0,0,0,0,0,0,0,0,0,0,0,0,0,0,0,0,0,0,0,0,0,0,0,0,0,0,0,0,0,0,0,0,0,0,0,0,0,0,0,0,0,0,0,0,0,0,0,0,0,0,0,0,0,0,0,0,0,0,0,0,0,0,0,0,0,0,0,0,0,0,0,0,0,0,0,0,0,0,0,0,0,0,0,0,0,0,0,0,0,0,0,0,0,0,0,0,0
0,0,0,0,0,0,0,0,0,0,0,0,0,0,0,0,0,0,0,0,0,0,0,0,0,0,0,0,0,0,0,0,0,0,0,0,0,0,0,0,0,0,0,0,0,0,0,0,0,0,0,0,0,0,0,0,0,0,0,0,0,0,0,0,0,0,0,0,0,0,0,0,0,0,0,0,0,0,0,0,0,0,0,0,0,0,0,0,0,0,0,0,0,0,0,0,0,0,0,0
0,0,0,0,0,0,0,0,0,0,0,0,0,0,0,0,0,0,0,0,0,0,0,0,0,0,0,0,0,0,0,0,0,0,0,0,0,0,0,0,0,0,0,0,0,0,0,0,0,0,0,0,0,0,0,0,0,0,0,0,0,0,0,0,0,0,0,0,0,0,0,0,0,0,0,0,0,0,0,0,0,0,0,0,0,0,0,0,0,0,0,0,0,0,0,0,0,0,0,0
0,0,0,0,0,0,0,0,0,0,0,0,0,0,0,0,0,0,0,0,0,0,0,0,0,0,0,0,0,0,0,0,0,0,0,0,0,0,0,0,0,0,0,0,0,0,0,0,0,0,0,0,0,0,0,0,0,0,0,0,0,0,0,0,0,0,0,0,0,0,0,0,0,0,0,0,0,0,0,0,0,0,0,0,0,0,0,0,0,0,0,0,0,0,0,0,0,0,0,0
0,0,0,0,0,0,0,0,0,0,0,0,0,0,0,0,0,0,0,0,0,0,0,0,0,0,0,0,0,0,0,0,0,0,0,0,0,0,0,0,0,0,0,0,0,0,0,0,0,0,0,0,0,0,0,0,0,0,0,0,0,0,0,0,0,0,0,0,0,0,0,0,0,0,0,0,0,0,0,0,0,0,0,0,0,0,0,0,0,0,0,0,0,0,0,0,0,0,0,0
0,0,0,0,0,0,0,0,0,0,0,0,0,0,0,0,0,0,0,0,0,0,0,0,0,0,0,0,0,0,0,0,0,0,0,0,0,0,0,0,0,0,0,0,0,0,0,0,0,0,0,0,0,0,0,0,0,0,0,0,0,0,0,0,0,0,0,0,0,0,0,0,0,0,0,0,0,0,0,0,0,0,0,0,0,0,0,0,0,0,0,0,0,0,0,0,0,0,0,0
0,0,0,0,0,0,0,0,0,0,0,0,0,0,0,0,0,0,0,0,0,0,0,0,0,0,0,0,0,0,0,0,0,0,0,0,0,0,0,0,0,0,0,0,0,0,0,0,0,0,0,0,0,0,0,0,0,0,0,0,0,0,0,0,0,0,0,0,0,0,0,0,0,0,0,0,0,0,0,0,0,0,0,0,0,0,0,0,0,0,0,0,0,0,0,0,0,0,0,0
0,0,0,0,0,0,0,0,0,0,0,0,0,0,0,0,0,0,0,0,0,0,0,0,0,0,0,0,0,0,0,0,0,0,0,0,0,0,0,0,0,0,0,0,0,0,0,0,0,0,0,0,0,0,0,0,0,0,0,0,0,0,0,0,0,0,0,0,0,0,0,0,0,0,0,0,0,0,0,0,0,0,0,0,0,0,0,0,0,0,0,0,0,0,0,0,0,0,0,0
0,0,0,0,0,0,0,0,0,0,0,0,0,0,0,0,0,0,0,0,0,0,0,0,0,0,0,0,0,0,0,0,0,0,0,0,0,0,0,0,0,0,0,0,0,0,0,0,0,0,0,0,0,0,0,0,0,0,0,0,0,0,0,0,0,0,0,0,0,0,0,0,0,0,0,0,0,0,0,0,0,0,0,0,0,0,0,0,0,0,0,0,0,0,0,0,0,0,0,0
0,0,0,0,0,0,0,0,0,0,0,0,0,0,0,0,0,0,0,0,0,0,0,0,0,0,0,0,0,0,0,0,0,0,0,0,0,0,0,0,0,0,0,0,0,0,0,0,0,0,0,0,0,0,0,0,0,0,0,0,0,0,0,0,0,0,0,0,0,0,0,0,0,0,0,0,0,0,0,0,0,0,0,0,0,0,0,0,0,0,0,0,0,0,0,0,0,0,0,0
0,0,0,0,0,0,0,0,0,0,0,0,0,0,0,0,0,0,0,0,0,0,0,0,0,0,0,0,0,0,0,0,0,0,0,0,0,0,0,0,0,0,0,0,0,0,0,0,0,0,0,0,0,0,0,0,0,0,0,0,0,0,0,0,0,0,0,0,0,0,0,0,0,0,0,0,0,0,0,0,0,0,0,0,0,0,0,0,0,0,0,0,0,0,0,0,0,0,0,0
0,0,0,0,0,0,0,0,0,0,0,0,0,0,0,0,0,0,0,0,0,0,0,0,0,0,0,0,0,0,0,0,0,0,0,0,0,0,0,0,0,0,0,0,0,0,0,0,0,0,0,0,0,0,0,0,0,0,0,0,0,0,0,0,0,0,0,0,0,0,0,0,0,0,0,0,0,0,0,0,0,0,0,0,0,0,0,0,0,0,0,0,0,0,0,0,0,0,0,0
0,0,0,0,0,0,0,0,0,0,0,0,0,0,0,0,0,0,0,0,0,0,0,0,0,0,0,0,0,0,0,0,0,0,0,0,0,0,0,0,0,0,0,0,0,0,0,0,0,0,0,0,0,0,0,0,0,0,0,0,0,0,0,0,0,0,0,0,0,0,0,0,0,0,0,0,0,0,0,0,0,0,0,0,0,0,0,0,0,0,0,0,0,0,0,0,0,0,0,0
0,0,0,0,0,0,0,0,0,0,0,0,0,0,0,0,0,0,0,0,0,0,0,0,0,0,0,0,0,0,0,0,0,0,0,0,0,0,0,0,0,0,0,0,0,0,0,0,0,0,0,0,0,0,0,0,0,0,0,0,0,0,0,0,0,0,0,0,0,0,0,0,0,0,0,0,0,0,0,0,0,0,0,0,0,0,0,0,0,0,0,0,0,0,0,0,0,0,0,0
0,0,0,0,0,0,0,0,0,0,0,0,0,0,0,0,0,0,0,0,0,0,0,0,0,0,0,0,0,0,0,0,0,0,0,0,0,0,0,0,0,0,0,0,0,0,0,0,0,0,0,0,0,0,0,0,0,0,0,0,0,0,0,0,0,0,0,0,0,0,0,0,0,0,0,0,0,0,0,0,0,0,0,0,0,0,0,0,0,0,0,0,0,0,0,0,0,0,0,0
0,0,0,0,0,0,0,0,0,0,0,0,0,0,0,0,0,0,0,0,0,0,0,0,0,0,0,0,0,0,0,0,0,0,0,0,0,0,0,0,0,0,0,0,0,0,0,0,0,0,0,0,0,0,0,0,0,0,0,0,0,0,0,0,0,0,0,0,0,0,0,0,0,0,0,0,0,0,0,0,0,0,0,0,0,0,0,0,0,0,0,0,0,0,0,0,0,0,0,0
0,0,0,0,0,0,0,0,0,0,0,0,0,0,0,0,0,0,0,0,0,0,0,0,0,0,0,0,0,0,0,0,0,0,0,0,0,0,0,0,0,0,0,0,0,0,0,0,0,0,0,0,0,0,0,0,0,0,0,0,0,0,0,0,0,0,0,0,0,0,0,0,0,0,0,0,0,0,0,0,0,0,0,0,0,0,0,0,0,0,0,0,0,0,0,0,0,0,0,0
0,0,0,0,0,0,0,0,0,0,0,0,0,0,0,0,0,0,0,0,0,0,0,0,0,0,0,0,0,0,0,0,0,0,0,0,0,0,0,0,0,0,0,0,0,0,0,0,0,0,0,0,0,0,0,0,0,0,0,0,0,0,0,0,0,0,0,0,0,0,0,0,0,0,0,0,0,0,0,0,0,0,0,0,0,0,0,0,0,0,0,0,0,0,0,0,0,0,0,0
0,0,0,0,0,0,0,0,0,0,0,0,0,0,0,0,0,0,0,0,0,0,0,0,2.54563578952579e-06,2.45185604914481e-06,0,5.59537862165902e-06,1.98508890151733e-05,3.26822587239995e-05,0.000149802442859775,0,0,0,0,0,0,0,0,0,0,0,0,0,0,0,0,0,0,0,0,0,0,0,0,0,0,0,0,0,0,0,0,0,0,0,0,0,0,0,0,0,0,0,0,0,0,0,0,0,0,0,0,0,0,0,0,0,0,0,0,0,0,0,0,0,0,0,0,0
0,0,0,0,0,0,0,0,0,0,0,0,0,0,0,0,0,0,0,0,0,0,0,5.90898087846686e-05,0.000415326135436962,0.000242856803604118,0,0.000535109847574353,0.000985868360824307,0.00046889188440145,0.000350520894607226,0.000120544879345301,2.07060180881995e-06,4.75312564961076e-06,5.69564141644866e-05,0.000257666871911387,0,0,0,0,0,0,0,0,0,0,0,0,0,0,0,0,0,0,0,0,0,0,0,0,0,0,0,0,0,0,0,0,0,0,0,0,0,0,0,0,0,0,0,0,0,0,0,0,0,0,0,0,0,0,0,0,0,0,0,0,0,0,0,0
0,0,0,0,0,0,0,0,0,0,0,0,0,0,0,0,0,0,0,0,0,3.08374288970093e-05,0.000196223257423775,0.000439489804720805,0.00134857410153716,0.000454401126189432,0.000947431054783842,0.0011663384578616,0.00129278899329673,0.000831747165699137,0.000653479823765506,0.000913963481782361,0.00091955533174049,0.000834674049475695,0.000416260139630078,0.00018474008902811,0,0,0,0,0,0,0,0,0,0,0,0,0,0,0,0,0,0,0,0,0,0,0,0,0,0,0,0,0,0,0,0,0,0,0,0,0,0,0,0,0,0,0,0,0,0,0,0,0,0,0,0,0,0,0,0,0,0,0,0,0,0,0,0
0,0,0,0,0,0,0,0,0,0,0,0,0,0,0,0,0,0.00014215968035338,0.000306325978214132,7.46999694963431e-05,0,0.000530308483136594,0.000884158319074118,0.00101563193283633,0.00372733526502583,0.00178460325502949,0.00216684973476818,0.00231646420884764,0.00198209536367319,0.00154044964454124,0.0016145974469942,0.00132689133196313,0.000778193163519184,0.00122707886317346,0.000353847588539815,0.000962746769873249,0.000185468254813303,3.11726971701118e-06,0.000289118708211304,0.000365773581148791,2.52463386908982e-05,6.11995046188255e-05,0,0,0,0,0,0,0,0,0,0,0,0,0,0,0,0,0,0,0,0,0,0,0,0,0,0,0,0,0,0,0,0,0,0,0,0,0,0,0,0,0,0,0,0,0,0,0,0,0,0,0,0,0,0,0,0,0,0
0,0,0,0,0,0,0,0,0,0,0,0,0,0,0,0,0,6.24142698448602e-05,0.000276561325035421,0.000146738135863362,0.000482031612937383,0.00149587950904774,0.0038760010436088,0.00433207613546906,0.00385897939585339,0.0042051346930218,0.00403368157210629,0.00489424247187604,0.00319626235612018,0.00240760771250762,0.00246074644328336,0.00264302912664814,0.00271388518838458,0.002089814671314,0.00116911954843324,0.0022332841047056,0.000906275647108598,0.000763705277789988,0.000917186402958584,0.000228074889841924,0.000120777678915385,0.000292776477774891,0,0,0,0,0,0,0,0,0,0,0,0,0,0,0,0,0,0,0,0,0,0,0,0,0,0,0,0,0,0,0,0,0,0,0,0,0,0,0,0,0,0,0,0,0,0,0,0,0,0,0,0,0,0,0,0,0,0
0,0,0,0,0,0,0,0,0,0,0,0,0,0,0,0,0,0,0.00014421406534091,0.00103110072053055,0.00191888158680099,0.00325781982138334,0.00553456232588437,0.00470909952679263,0.00524613932188835,0.00702567405694114,0.00494212168850175,0.00386942443117787,0.00241851612579618,0.0023297244068458,0.00268461310606897,0.0030898973701298,0.00170754889566238,0.00215466379382003,0.00181451470021311,0.0019945388510884,0.000994908879500072,0.00149149322773271,0.00134108143113796,0.000564025767269578,2.22668382512896e-05,3.0326798080943e-05,4.35912722860107e-07,0,0,0,0,0,0,0,0,0,0,0,0,0,0,0,0,0,0,0,0,0,0,0,0,0,0,0,0,0,0,0,0,0,0,0,0,0,0,0,0,0,0,0,0,0,0,0,0,0,0,0,0,0,0,0,0,0
0,0,0,0,0,0,0,0,0,0,0,0,0,0,0,0,0,0.000163973989504469,0.00184677150409557,0.00250300318222869,0.00205817941706392,0.00398867352468431,0.00488036426417188,0.00433317510590326,0.00410507735137779,0.00372347987845942,0.00316846045569209,0.0019898908259065,0.00100938926664633,0.0021720121489875,0.00298701157816618,0.0020243295751432,0.00193224000301227,0.00183212167521933,0.00208952143677394,0.00163152933913371,0.00138975227232151,0.00110782367022935,0.000869612253909194,0.00126906495117246,0.000437321050862854,0.00107705402792729,1.36909016858946e-05,0,0,0,0,0,0,0,0,0,0,0,0,0,0,0,0,0,0,0,0,0,0,0,0,0,0,0,0,0,0,0,0,0,0,0,0,0,0,0,0,0,0,0,0,0,0,0,0,0,0,0,0,0,0,0,0,0
0,0,0,0,0,0,0,0,0,0,0,0,0,0,0,0.000110534002585529,0.000169901692231308,0.00129396772925569,0.00300583301394743,0.00206116321624296,0.00283801117439221,0.00454492555873793,0.003622914125753,0.00350026693815952,0.00350095726669471,0.00290498491659682,0.00297830090042072,0.00220567608095028,0.00215603294602218,0.00252567163179667,0.00140534671162978,0.000653314093490472,0.000778815394748675,0.000624546563638213,0.000917235002259318,0.00122513175859115,0.00129082520661129,0.00130198101633078,0.00157357899254847,0.00129635202861234,0.00145411156065209,0.000751442778327748,0,0,0.000115932148133973,0.000154044089865677,0,0,0,0,0,0,0,0,0,0,0,0,0,0,0,0,0,0,0,0,0,0,0,0,0,0,0,0,0,0,0,0,0,0,0,0,0,0,0,0,0,0,0,0,0,0,0,0,0,0,0,0,0,0
0,0,0,0,0,0,0,0,0,0,0,0,0,0,0,0.000526159218395793,0.00246109639651899,0.00214129393320675,0.00392792221570088,0.00404947609263134,0.00230332778876949,0.00333360128746363,0.00434861379511071,0.00331608330838053,0.00373198229789243,0.00361689142659824,0.0011691701740585,0.00139700208786636,0.00100735121042435,0.00145982661912598,0.000792247193703864,0.000811013279675758,0.000403188834522567,0.000392623483179325,0.000550202471424332,0.000898285336065303,0.000820037481299185,0.00114319557925338,0.00101666378105088,0.000427980455898671,0.000792657160677423,0.000983556425291056,0.000684343245071596,0.000138905369363543,9.87759109769986e-05,0.000131247851023351,0,0,0,0,0,0,0,0,0,0,0,0,0,0,0,0,0,0,0,0,0,0,0,0,0,0,0,0,0,0,0,0,0,0,0,0,0,0,0,0,0,0,0,0,0,0,0,0,0,0,0,0,0,0
0,0,0,0,0,0,0,0,0,0,0,0,0,0,5.18107186785263e-05,0.000901103390950142,0.00167536719446352,0.00302723542478527,0.0044826859575494,0.00414421762381093,0.0051018421490969,0.00524337139585488,0.00378646068786457,0.00410920676924768,0.0025752625183502,0.00364298334602377,0.00138676200952571,0.00321657879484259,0.00127600110860479,0.00165050060843501,0.00120711324819778,0.00112453502070843,0.000566383712835855,0.00057131067925216,0.000552705340774049,0,0,0.000600446034608208,0.00140689075161872,0.00044974140051283,0.000247153584631767,0.00126474547293281,0.000756220317640285,0.00033617488908366,0.000167230083879781,0.000431166276089342,9.10317151583121e-05,0,0,0,0,0,0,0,0,0,0,0,0,0,0,0,0,0,0,0,0,0,0,0,0,0,0,0,0,0,0,0,0,0,0,0,0,0,0,0,0,0,0,0,0,0,0,0,0,0,0,0,0,0
0,0,0,0,0,0,0,0,0,0,0,0,0,0,0.000421535478170344,0.000651600004522314,0.00220209008511057,0.00385417497348837,0.00391463175960835,0.00402493000239063,0.00496927382254386,0.00404889868208634,0.00500198154643654,0.00664475038852255,0.00269209209466651,0.00450183332849344,0.00118132970441708,0.00206423017209269,0.0013082938574412,0.0011637081087209,0.00131219633279813,0.00139410578992575,0.000529381932602742,0.00066540617333325,0.000260654471010688,0.000249482203277505,0.00024671983096329,0.000639105099024147,0.00134075785592194,0.00124276970821827,0.000679503541016884,0.000842205329428882,0.00022320557447905,0.000132622098686575,0.000350611292740864,0.000100866232306381,3.58581875033872e-07,0.00012378374618358,1.08531385932732e-05,0,0,0,0,0,0,0,0,0,0,0,0,0,0,0,0,0,0,0,0,0,0,0,0,0,0,0,0,0,0,0,0,0,0,0,0,0,0,0,0,0,0,0,0,0,0,0,0,0,0,0
0,0,0,0,0,0,0,0,0,0,0,0,0,0,0.000230674953083231,0.000313618201493101,0.00243849511084222,0.00437768830607433,0.00327353201435749,0.00325341939976955,0.00433387917345994,0.00465026028246994,0.00329010087760738,0.00407967017928484,0.00314723798014759,0.00317449511473412,0.000905728811694472,0.0010122957025259,0.000834596330141348,0.000760569644626374,0.000955614883274926,0.000314976228100564,0.000149281336904501,0.000759002303680761,0.000717887271324834,0.000933331830133149,0.00114449905826247,0.000646452532125742,0.00134523400177766,0.00104045062332925,0.000468103931264344,0.000505708273945838,0.00118001974854728,0.000183879949656426,0.000169855878750001,0.00013180355544433,2.62870410868284e-05,0.000335911033552073,2.9452081671074e-05,0,0,0,0,0,0,0,0,0,0,0,0,0,0,0,0,0,0,0,0,0,0,0,0,0,0,0,0,0,0,0,0,0,0,0,0,0,0,0,0,0,0,0,0,0,0,0,0,0,0,0
0,0,0,0,0,0,0,0,0,0,0,0,0,0,0,0.000480131363358668,0.00321692058440865,0.00320111178170052,0.00361173180144826,0.00560070635815193,0.00481240765704345,0.00354391341575388,0.00399317511208147,0.00575277177242207,0.00390260748828262,0.00393666551353283,0.00267791629780176,0.00124837169462764,0.000862930458429155,0.000616026986635872,0.000829937888915446,0.000908019642319983,0.000473049927558896,0.00067532647411286,0.000722005935170747,0.000462458229429138,0.000713256922753167,0.000435058048311633,0.000645370831666291,0.000558517020348064,0.00110596386474701,0.000160699231496807,0.000277599652104581,0.000716065280831445,0.000530565686558983,0.000472757814329021,0.000364827149430096,0.00013300430671509,0,0,0,0,0,0,0,0,0,0,0,0,0,0,0,0,0,0,0,0,0,0,0,0,0,0,0,0,0,0,0,0,0,0,0,0,0,0,0,0,0,0,0,0,0,0,0,0,0,0,0,0
0,0,0,0,0,0,0,0,0,0,0,0,0,0,0,0.000485833713618902,0.00212929793491682,0.00385610827795957,0.00396208965962104,0.00377200528982361,0.00517172643049328,0.00469583337411355,0.00437103872472858,0.0058097151075464,0.00445547587184424,0.00367185715777559,0.00218914677374806,0.00109376510152677,0.000664116867867639,0.000189442865662186,0.000520106200208447,0.000479582661564546,0.00085139473221616,0.000535170040562668,0.00118369155069173,0.000472965978638074,0.000321763645356583,0.000602104774337702,9.42744116610776e-05,7.47045438686935e-05,0.000529148166541726,0.000139515326275329,0.000481512828201834,0.000754558782800474,0.000296206764756428,0.000632736137971013,6.07708068338669e-05,7.86412455850596e-05,7.25565521715574e-05,0,0,0,0,0,0,0,0,0,0,0,0,0,0,0,0,0,0,0,0,0,0,0,0,0,0,0,0,0,0,0,0,0,0,0,0,0,0,0,0,0,0,0,0,0,0,0,0,0,0,0
0,0,0,0,0,0,0,0,0,0,0,0,0.00012455681843365,0.000246416048625776,0,0.000380416244856173,0.0016106003470773,0.00427697215500464,0.0035173508515405,0.00381667773660926,0.00280499166475948,0.0046304462650084,0.00383209430181814,0.00251192009638994,0.00294621421928346,0.00364699130315542,0.00136916163193175,0.00116253190315252,0.000637310084486823,0.000241540792100535,0.000626674809755409,0.000356731191096362,0.000258868509288045,0.000138930235858813,8.91372310530027e-05,5.2922089641174e-05,4.10684474441155e-05,0.000237485578082224,0.000824591768298827,0.000134213593789725,7.855940706762e-05,0.000248970550674594,0.000432333736674883,0.00105236922625732,0.00132602217046355,0.000418468251717354,0.000275833399009611,0.000157723396236924,0.000216977994169882,0,0,0,0,0,0,0,0,0,0,0,0,0,0,0,0,0,0,0,0,0,0,0,0,0,0,0,0,0,0,0,0,0,0,0,0,0,0,0,0,0,0,0,0,0,0,0,0,0,0,0
0,0,0,0,0,0,0,0,0,0,0,0,4.33217914239511e-05,0.000176192263100466,0.000361881734051595,0.00168518377928428,0.00238742366829054,0.00468608676633251,0.0060556351514986,0.00295015764237539,0.00261732327435981,0.00249156635996078,0.00164060615968966,0.00182813018848424,0.00139987631775754,0.00313904003933929,0.000990388316087063,0.000311489533614918,0.000105975931947593,0.000360766086959466,0.000577989310806724,0.000849772097341922,0.000471620575854324,0.000266429967518996,0.000235275675993355,0.000196878794787794,0.000494866015290928,0.000759718208633843,0.000203802069523174,2.43027086289723e-05,0,0.000378352296918736,0.000961516025826759,0.000248520095356866,0.000743058857642973,0.000398926971807888,0,0,0,0,0,0,0,0,0,0,0,0,0,0,0,0,0,0,0,0,0,0,0,0,0,0,0,0,0,0,0,0,0,0,0,0,0,0,0,0,0,0,0,0,0,0,0,0,0,0,0,0,0,0
0,0,0,0,0,0,0,0,0,0,0,0,0,0.000133432904531853,0.000367804859602129,0.0011073730879747,0.00228449937580606,0.00391518300335189,0.00405379120986844,0.00286409772414129,0.00248909650450761,0.00286021151471684,0.00219351994306351,0.00115691031854957,0.00167604322195256,0.00281918601146873,0.0008721124656413,0.000126025628676498,3.78049101861509e-06,0.000690048782491321,0.000995264691029749,0.000409943093166106,0.00105288414745779,0.000165442422363334,0.000303229432294211,0.000141495105887503,0.000220952495003519,0.000484582068225207,0.000952931584468015,0.000297788715430916,0.000130597842386115,0.000202021427660274,0.000437461955107892,0.00030509604675742,0.000457215270190392,0.000352955311106987,0,0,0,0,0,0,0,0,0,0,0,0,0,0,0,0,0,0,0,0,0,0,0,0,0,0,0,0,0,0,0,0,0,0,0,0,0,0,0,0,0,0,0,0,0,0,0,0,0,0,0,0,0,0
0,0,0,0,0,0,0,0,0,0,0,0,0,0,4.16908301834313e-06,0.0008607775498852,0.00346269361132937,0.00290107210787058,0.00227218367477649,0.00228721185693209,0.00191776906961376,0.00225170020567384,0.00165671240718398,0.00156312444720821,0.000557539468047598,0.000926847350609871,0.000589649998703162,0.000203545487000632,0.000756528660483572,0.00108046598297963,0.00127051601287137,0.00036631803642936,0.000344896197531816,0.000497928543985189,0.000546351748121867,0.000367801931761464,0.000506531221047955,6.06166764079791e-05,0.000522374267642841,0.00050555216469448,0.000450430088895334,0.000500605744647634,0.000294944362418286,0.000483635198348866,0.000425321119696388,0.00035600605913461,0.000265569379701571,0,0,0,0,0,0,0,0,0,0,0,0,0,0,0,0,0,0,0,0,0,0,0,0,0,0,0,0,0,0,0,0,0,0,0,0,0,0,0,0,0,0,0,0,0,0,0,0,0,0,0,0,0
0,0,0,0,0,0,0,0,0,0,0,0,0,0,0,0.000505292031220136,0.00239002735184887,0.00159396635035372,0.00232937376978582,0.00297705824837895,0.00170633940817511,0.0015824626806691,0.00173592540690842,0.0012180448454283,0.000111200887691741,0.000652126208517091,0.000616273814198385,0.000519867670679383,0.000222614487773845,0.000359080220307225,0.000533190215052351,0.000690489792743272,0.000346823378424953,0.000285469380191702,0.000520506768370882,0.000663243607484832,0.000487688066147864,0,8.06592943237172e-05,0.000267306434665866,0.000301984624807431,0.000565655905043337,0.000422971657221586,0,0.000279209426731362,0.000806775041390173,0.000312599990999284,0,0,0,0,0,0,0,0,0,0,0,0,0,0,0,0,0,0,0,0,0,0,0,0,0,0,0,0,0,0,0,0,0,0,0,0,0,0,0,0,0,0,0,0,0,0,0,0,0,0,0,0,0
0,0,0,0,0,0,0,0,0,0,0,0,0,0.000292397630591927,0.000183683915963181,0.000728495953042684,0.00207299992587102,0.00236913117916269,0.00263436690309313,0.00401273631595643,0.00140263157123978,0.000409122703782263,0.000205457518218233,0.000449543347772502,5.04922109375143e-05,0.00030031919202881,0.000697009632863646,0.000484230271360856,0.000768058302311447,0.000606200785995512,0.000801520210291328,0.000405182027495667,8.16293445931671e-05,6.14006793573985e-05,0.000390459750176383,0.00052925315191844,0.000417300572882695,0.000440763158633959,0.00098850099524256,0.000168718824684526,0.000176403778762167,0.000151264389394154,0.00010575902698258,3.39301675878898e-05,0.000516970544552299,0.000451048454190781,0.000256263007711297,2.21409818200056e-05,1.77859881365739e-05,0,0,0,0,0,0,0,0,0,0,0,0,0,0,0,0,0,0,0,0,0,0,0,0,0,0,0,0,0,0,0,0,0,0,0,0,0,0,0,0,0,0,0,0,0,0,0,0,0,0,0
0,0,0,0,0,0,0,0,0,0,0,0,0,1.46901285406161e-05,4.29043439238891e-05,0.000165780626754883,0.000794599266506028,0.00250462496945164,0.0020471970949502,0.00228502466461194,0.00140770360967937,0.00100440032466074,0.000662039479072856,0.000426476350599794,0.000448822424782186,0.000777229606165056,0.000881628676124579,0.000224635143202119,0.000407347243595337,0.00037573574327803,0.00019519231534026,0.000494559760108522,0.000190304649535661,9.74614332174376e-06,0.000614853921751122,0.000686083148619244,0.000677123674442378,0.000407025883256784,0.00063165686687772,0.000456236897317608,0.000196586638394171,0.000322157305759396,0.000351353145829334,0.000685074221156123,0.000108302808315982,0.000303222740940956,0.000479927005925541,0.000240072441284532,0.000231475480882735,0,0,0,0,0,0,0,0,0,0,0,0,0,0,0,0,0,0,0,0,0,0,0,0,0,0,0,0,0,0,0,0,0,0,0,0,0,0,0,0,0,0,0,0,0,0,0,0,0,0,0
0,0,0,0,0,0,0,0,0,0,0,0,0,0,0.000276537952745931,0.000169183352410072,0.000665068006750328,0.00237017426816124,0.00297173275760647,0.00230778510358626,0.000549510413834082,0.00197823503205786,0.00134904478250461,0.000406955229754029,0.000219829185608164,0.000183957041270099,0.000624826068746628,0.000152774003056423,0.000557794116973768,0.000319320954259032,0.000393472522956015,0.000466129443096196,0.000501695893825194,0.000119641485785871,7.39965402259071e-05,0.000310451012307147,0.000519003760275047,0.000675616312968358,0.000683097060699037,4.36981108801244e-06,0.000687917126104481,0.00067548094073264,0.000267243372531338,0.00077600202107643,5.2514653612496e-07,0.000445498989388317,7.94260239112984e-05,0,0,0,0,0,0,0,0,0,0,0,0,0,0,0,0,0,0,0,0,0,0,0,0,0,0,0,0,0,0,0,0,0,0,0,0,0,0,0,0,0,0,0,0,0,0,0,0,0,0,0,0,0
0,0,0,0,0,0,0,0,0,0,0,0,0,0,0,0,0.000500280200666387,0.00230441232577884,0.00179778071059955,0.00237808899326885,0.0010910156561823,0.00107864454559875,0.000782659492540463,0.00029867688772506,0.000458058482570435,0.000584995624008688,0.00065715253895144,0.000914937028913415,0.000460041486111869,5.84386795377112e-05,0.000398514038049928,0.000178429246470327,0.000733052120296486,0.001031001549601,0.000213969850897284,6.91660910390383e-05,0.000802228926808102,0.00070968593023007,0.000644613413497241,4.83153701051269e-06,0.000675521805601052,0.000447674042996901,0.000256162890795525,0.000358013015790334,0.000300854790321544,0.00027147288499863,0.000141838143486382,0.000130760369275012,0.000113066430043092,0,0,0,0,0,0,0,0,0,0,0,0,0,0,0,0,0,0,0,0,0,0,0,0,0,0,0,0,0,0,0,0,0,0,0,0,0,0,0,0,0,0,0,0,0,0,0,0,0,0,0
0,0,0,0,0,0,0,0,0,0,0,0,0,0,0,0,0.00052257195569937,0.00181239224428879,0.00274683715684821,0.00228199589076031,0.00194234651101848,0.00168278744658334,0.000924580512327152,0.000928455902309656,0.000724738273048205,0.000470990395368553,0.00035724799157388,0.000686620249711425,0.000319216066624845,0.000182196890798487,0.000164555868188951,0.000627555109497706,0.000508713071515544,0.000845652836463742,0.000499804534495624,0.000246177222709777,7.5696850604271e-05,0.000364436117278789,0.000802456270709796,4.50567354606032e-05,0.000642326302282293,0.000757656643378122,0.00011092238698129,0.000471965676263166,0.000589533301918531,6.12912720859843e-05,0.000341810117119714,0.000149081766027799,0.000123443174048002,0,0,0,0,0,0,0,0,0,0,0,0,0,0,0,0,0,0,0,0,0,0,0,0,0,0,0,0,0,0,0,0,0,0,0,0,0,0,0,0,0,0,0,0,0,0,0,0,0,0,0
0,0,0,0,0,0,0,0,0,0,0,0,0,0,2.48082992124437e-05,0.000129445813613836,0.000691907975642657,0.00111129108133424,0.00228289345331986,0.00111584103422758,0.00215911678185809,0.00126982690648573,0.00121457746164902,0.00118344078605097,0.000795107759623956,0.000596496034339775,0.000190057607374829,0.000497512174256409,0.00063765208185273,0.000520505897747396,0.000501454469177182,0.000396293668588333,3.80513190197324e-05,0.00021260143631501,0.00128702622179414,0.000524897354645495,0.000263046135931053,0.000800070147685,0.00134029230873169,0.000236196493408118,0.000138472272819283,3.13665257641641e-05,0.000128513660225574,0.000787615931746162,1.77555852384473e-05,0,0,0,0,0,0,0,0,0,0,0,0,0,0,0,0,0,0,0,0,0,0,0,0,0,0,0,0,0,0,0,0,0,0,0,0,0,0,0,0,0,0,0,0,0,0,0,0,0,0,0,0,0,0,0
0,0,0,0,0,0,0,0,0,0,0,0,0,0,5.56054374390473e-05,0.000290140449734673,0.000122725247516011,0.000963393631172715,0.00177880699733164,0.00243044588196192,0.00179198056623768,0.0022540856508162,0.00212883264189328,0.00109485544340266,0.000675899215760028,0.000413319733496924,0.000431915396108779,0.000759635702849343,0.00029606678765294,0.000394013376993566,0.000476626294902478,1.1513507630575e-05,0.000123592658599384,0.000707164430151646,0.00037177987651392,0.000484144753321697,0.000256190395839719,0.000312967429447007,0.000674041230800254,0.000394345162614637,0.000706961937313196,0.000332064787427039,0.000414411001595864,0.000278632572069931,0.000114207188370352,0,0,0,0,0,0,0,0,0,0,0,0,0,0,0,0,0,0,0,0,0,0,0,0,0,0,0,0,0,0,0,0,0,0,0,0,0,0,0,0,0,0,0,0,0,0,0,0,0,0,0,0,0,0,0
0,0,0,0,0,0,0,0,0,0,0,0,0,0,0,0,0,0.000162613004054002,0.00113969814227549,0.00110479711095107,0.000740718485909922,0.00134159678151197,0.00121829893971011,0.000582151925640343,0.000757627050085963,0.00064782218174204,0.000280552097023745,0.00136043283318196,0.00119144652754978,0.000429113814103089,0.000839671770481255,0.000306299199707512,0.000752670525062184,0.00099192458381094,0.000532895583724062,0.000791777878472974,0.000632060718488219,0.000152765985146452,0.000561189929583332,6.59206408886539e-05,4.34276445078892e-05,0.000215540064108224,0.000862646683215759,0.000546525540984403,0.000350943304600813,0.000263411963839755,0,0,0,0,0,0,0,0,0,0,0,0,0,0,0,0,0,0,0,0,0,0,0,0,0,0,0,0,0,0,0,0,0,0,0,0,0,0,0,0,0,0,0,0,0,0,0,0,0,0,0,0,0,0
0,0,0,0,0,0,0,0,0,0,0,0,0,0,0,0,0,0,0.000606324216851511,0.00089776617684915,0.000715116522143079,0.000768438722012817,0.000551389761101195,0.00030019228495492,0.000213617132395766,0.000447590677200632,5.01685737536275e-05,0.000995907568766869,0.000390743840247913,0.000380611995111029,0.00140151657522207,0.000461467201255228,0.000587265296430928,0.000925417312274938,0.000424222206777891,0.0005676587270766,0.000562942163863728,0.000496359204877374,0.000299677686127439,3.28792494578921e-05,0.000583032218906304,0.00010950268861883,0.000208809854784181,2.62427977244277e-05,2.95762770548445e-05,0.000157568083354366,0,0,0,0,0,0,0,0,0,0,0,0,0,0,0,0,0,0,0,0,0,0,0,0,0,0,0,0,0,0,0,0,0,0,0,0,0,0,0,0,0,0,0,0,0,0,0,0,0,0,0,0,0,0
0,0,0,0,0,0,0,0,0,0,0,0,0,0,0,0,0,0,4.29976410581043e-06,0.000211868514248903,0.00102792158610078,0.00048118523792313,0.000706486967340125,0.00104809607797643,0.000199138918091384,0.000722169006631433,0.000501307075869049,0.000782563231723352,0.000728668818818458,0.000298163972991637,0.000696813018935722,0.000562848596135589,0.000395317621526738,0.000840704311695215,0.000467783016777091,0.000123747652247274,0.000365939478583386,8.96922644788069e-05,0,0.000767259001809212,0.000403493400785752,0.00039228607040356,5.38026583459916e-05,0,0,0,0,0,0,0,0,0,0,0,0,0,0,0,0,0,0,0,0,0,0,0,0,0,0,0,0,0,0,0,0,0,0,0,0,0,0,0,0,0,0,0,0,0,0,0,0,0,0,0,0,0,0,0,0,0
0,0,0,0,0,0,0,0,0,0,0,0,0,0,0,0,0.000133667984475446,0.000136706809956118,0,0,0.000347086818265968,0.00102284913161926,0.000556212659599437,0.000385841382652531,9.15913464865568e-05,0.000332640796294455,0.000187264045984009,0.00141864356764473,0.000493332999099459,0.000240030547593127,0.000623867794840035,0.00175005505931026,0.00038792853968214,0.000871849343722362,0.000479328879240132,3.95231157872911e-05,0.000281691488003098,2.22058320239667e-05,5.25027880826402e-05,0.000159826269713851,0.000294663536773525,0.000267676070645823,4.43671345988572e-05,0,0,0,0,0,0,0,0,0,0,0,0,0,0,0,0,0,0,0,0,0,0,0,0,0,0,0,0,0,0,0,0,0,0,0,0,0,0,0,0,0,0,0,0,0,0,0,0,0,0,0,0,0,0,0,0,0
0,0,0,0,0,0,0,0,0,0,0,0,0,0,0,0,0.000113522188625692,0.000116103016942743,0,0,0.000548505201108565,0.00036687253084758,0.000345601615851272,0.000115637687488761,0.000346489228647507,0.000226459578981443,0.000198411613132253,0.000611317132820909,0.000595839628500677,0.000772398777743876,0.000823359486736443,0.000543832723562031,0.000316118227509374,0.000185591461093972,0.000992899336776623,0.000729660031188058,0.000769150286029515,0.000271312494027724,0.000598551731734021,0.000330092727085741,0.000460223217561118,0.0002905448565406,4.97153220443805e-05,0,0,0,0,0,0,0,0,0,0,0,0,0,0,0,0,0,0,0,0,0,0,0,0,0,0,0,0,0,0,0,0,0,0,0,0,0,0,0,0,0,0,0,0,0,0,0,0,0,0,0,0,0,0,0,0,0
0,0,0,0,0,0,0,0,0,0,0,0,0,0,0,0,0,0,0,0,8.2932323346173e-05,1.40195741207392e-05,9.04317503613444e-05,0.000145160699074753,3.99618762854536e-05,0.00112535009052478,0.000600079336106383,3.1064884176583e-05,0.00076379428629281,0.000599118905870745,0.000285887951042393,0.000588483664971086,0.000514117386778261,0.000846170572080709,0.000862035882630261,0.00044832604251746,0.000636733227961375,0.000136397033376997,0.000144953595091774,7.12054916551818e-05,0,0,0,0,0,0,0,0,0,0,0,0,0,0,0,0,0,0,0,0,0,0,0,0,0,0,0,0,0,0,0,0,0,0,0,0,0,0,0,0,0,0,0,0,0,0,0,0,0,0,0,0,0,0,0,0,0,0,0,0
0,0,0,0,0,0,0,0,0,0,0,0,0,0,0,0,0,0,0,0,0,0,0.000101492376616828,0.000235539811954656,9.82504954739133e-05,2.62468792941652e-05,2.11086959594605e-05,0,0.000456343188482878,0.000577811876842675,0.000178915826185821,0.000455111018776607,0.000617070411624087,0.000345143451276469,0.00012662554060214,0.000416708791348175,0.000671458209129559,6.56963948117463e-05,0.000800292694014433,5.25779584049753e-05,0,0,0,0,0,0,0,0,0,0,0,0,0,0,0,0,0,0,0,0,0,0,0,0,0,0,0,0,0,0,0,0,0,0,0,0,0,0,0,0,0,0,0,0,0,0,0,0,0,0,0,0,0,0,0,0,0,0,0,0
0,0,0,0,0,0,0,0,0,0,0,0,0,0,0,0,0,0,0,0,0,0,0,0.000139883280868299,0.000189241585650206,0,0,0,0.000317075038201922,0.000280247577242358,0.000137564593081126,0.000253474973587713,0.000241908617885369,0.000101230335663129,0,0,0.000143512077909536,0.00013345425044312,0.000473644069790338,7.22614125073141e-06,0,0,0,0,0,0,0,0,0,0,0,0,0,0,0,0,0,0,0,0,0,0,0,0,0,0,0,0,0,0,0,0,0,0,0,0,0,0,0,0,0,0,0,0,0,0,0,0,0,0,0,0,0,0,0,0,0,0,0,0
0,0,0,0,0,0,0,0,0,0,0,0,0,0,0,0,0,0,0,0,0,0,0,0,0,0,0,0,0,5.30106812489827e-05,0.000216159687799657,0.000233553903855705,0,0,0,0,0,7.77282597100028e-07,3.22700102379753e-06,0,0,0,0,0,0,0,0,0,0,0,0,0,0,0,0,0,0,0,0,0,0,0,0,0,0,0,0,0,0,0,0,0,0,0,0,0,0,0,0,0,0,0,0,0,0,0,0,0,0,0,0,0,0,0,0,0,0,0,0,0
0,0,0,0,0,0,0,0,0,0,0,0,0,0,0,0,0,0,0,0,0,0,0,0,0,0,0,0,0,8.12393760005679e-05,0.000221328003354646,0,0,0,0,0,0,0,0,0,0,0,0,0,0,0,0,0,0,0,0,0,0,0,0,0,0,0,0,0,0,0,0,0,0,0,0,0,0,0,0,0,0,0,0,0,0,0,0,0,0,0,0,0,0,0,0,0,0,0,0,0,0,0,0,0,0,0,0,0
0,0,0,0,0,0,0,0,0,0,0,0,0,0,0,0,0,0,0,0,0,0,0,0,0,0,0,0,0,0,0,0,0,0,0,0,0,0,0,0,0,0,0,0,0,0,0,0,0,0,0,0,0,0,0,0,0,0,0,0,0,0,0,0,0,0,0,0,0,0,0,0,0,0,0,0,0,0,0,0,0,0,0,0,0,0,0,0,0,0,0,0,0,0,0,0,0,0,0,0
0,0,0,0,0,0,0,0,0,0,0,0,0,0,0,0,0,0,0,0,0,0,0,0,0,0,0,0,0,0,0,0,0,0,0,0,0,0,0,0,0,0,0,0,0,0,0,0,0,0,0,0,0,0,0,0,0,0,0,0,0,0,0,0,0,0,0,0,0,0,0,0,0,0,0,0,0,0,0,0,0,0,0,0,0,0,0,0,0,0,0,0,0,0,0,0,0,0,0,0
0,0,0,0,0,0,0,0,0,0,0,0,0,0,0,0,0,0,0,0,0,0,0,0,0,0,0,0,0,0,0,0,0,0,0,0,0,0,0,0,0,0,0,0,0,0,0,0,0,0,0,0,0,0,0,0,0,0,0,0,0,0,0,0,0,0,0,0,0,0,0,0,0,0,0,0,0,0,0,0,0,0,0,0,0,0,0,0,0,0,0,0,0,0,0,0,0,0,0,0
0,0,0,0,0,0,0,0,0,0,0,0,0,0,0,0,0,0,0,0,0,0,0,0,0,0,0,0,0,0,0,0,0,0,0,0,0,0,0,0,0,0,0,0,0,0,0,0,0,0,0,0,0,0,0,0,0,0,0,0,0,0,0,0,0,0,0,0,0,0,0,0,0,0,0,0,0,0,0,0,0,0,0,0,0,0,0,0,0,0,0,0,0,0,0,0,0,0,0,0
0,0,0,0,0,0,0,0,0,0,0,0,0,0,0,0,0,0,0,0,0,0,0,0,0,0,0,0,0,0,0,0,0,0,0,0,0,0,0,0,0,0,0,0,0,0,0,0,0,0,0,0,0,0,0,0,0,0,0,0,0,0,0,0,0,0,0,0,0,0,0,0,0,0,0,0,0,0,0,0,0,0,0,0,0,0,0,0,0,0,0,0,0,0,0,0,0,0,0,0
0,0,0,0,0,0,0,0,0,0,0,0,0,0,0,0,0,0,0,0,0,0,0,0,0,0,0,0,0,0,0,0,0,0,0,0,0,0,0,0,0,0,0,0,0,0,0,0,0,0,0,0,0,0,0,0,0,0,0,0,0,0,0,0,0,0,0,0,0,0,0,0,0,0,0,0,0,0,0,0,0,0,0,0,0,0,0,0,0,0,0,0,0,0,0,0,0,0,0,0
0,0,0,0,0,0,0,0,0,0,0,0,0,0,0,0,0,0,0,0,0,0,0,0,0,0,0,0,0,0,0,0,0,0,0,0,0,0,0,0,0,0,0,0,0,0,0,0,0,0,0,0,0,0,0,0,0,0,0,0,0,0,0,0,0,0,0,0,0,0,0,0,0,0,0,0,0,0,0,0,0,0,0,0,0,0,0,0,0,0,0,0,0,0,0,0,0,0,0,0
0,0,0,0,0,0,0,0,0,0,0,0,0,0,0,0,0,0,0,0,0,0,0,0,0,0,0,0,0,0,0,0,0,0,0,0,0,0,0,0,0,0,0,0,0,0,0,0,0,0,0,0,0,0,0,0,0,0,0,0,0,0,0,0,0,0,0,0,0,0,0,0,0,0,0,0,0,0,0,0,0,0,0,0,0,0,0,0,0,0,0,0,0,0,0,0,0,0,0,0
0,0,0,0,0,0,0,0,0,0,0,0,0,0,0,0,0,0,0,0,0,0,0,0,0,0,0,0,0,0,0,0,0,0,0,0,0,0,0,0,0,0,0,0,0,0,0,0,0,0,0,0,0,0,0,0,0,0,0,0,0,0,0,0,0,0,0,0,0,0,0,0,0,0,0,0,0,0,0,0,0,0,0,0,0,0,0,0,0,0,0,0,0,0,0,0,0,0,0,0
0,0,0,0,0,0,0,0,0,0,0,0,0,0,0,0,0,0,0,0,0,0,0,0,0,0,0,0,0,0,0,0,0,0,0,0,0,0,0,0,0,0,0,0,0,0,0,0,0,0,0,0,0,0,0,0,0,0,0,0,0,0,0,0,0,0,0,0,0,0,0,0,0,0,0,0,0,0,0,0,0,0,0,0,0,0,0,0,0,0,0,0,0,0,0,0,0,0,0,0
0,0,0,0,0,0,0,0,0,0,0,0,0,0,0,0,0,0,0,0,0,0,0,0,0,0,0,0,0,0,0,0,0,0,0,0,0,0,0,0,0,0,0,0,0,0,0,0,0,0,0,0,0,0,0,0,0,0,0,0,0,0,0,0,0,0,0,0,0,0,0,0,0,0,0,0,0,0,0,0,0,0,0,0,0,0,0,0,0,0,0,0,0,0,0,0,0,0,0,0
0,0,0,0,0,0,0,0,0,0,0,0,0,0,0,0,0,0,0,0,0,0,0,0,0,0,0,0,0,0,0,0,0,0,0,0,0,0,0,0,0,0,0,0,0,0,0,0,0,0,0,0,0,0,0,0,0,0,0,0,0,0,0,0,0,0,0,0,0,0,0,0,0,0,0,0,0,0,0,0,0,0,0,0,0,0,0,0,0,0,0,0,0,0,0,0,0,0,0,0
0,0,0,0,0,0,0,0,0,0,0,0,0,0,0,0,0,0,0,0,0,0,0,0,0,0,0,0,0,0,0,0,0,0,0,0,0,0,0,0,0,0,0,0,0,0,0,0,0,0,0,0,0,0,0,0,0,0,0,0,0,0,0,0,0,0,0,0,0,0,0,0,0,0,0,0,0,0,0,0,0,0,0,0,0,0,0,0,0,0,0,0,0,0,0,0,0,0,0,0
0,0,0,0,0,0,0,0,0,0,0,0,0,0,0,0,0,0,0,0,0,0,0,0,0,0,0,0,0,0,0,0,0,0,0,0,0,0,0,0,0,0,0,0,0,0,0,0,0,0,0,0,0,0,0,0,0,0,0,0,0,0,0,0,0,0,0,0,0,0,0,0,0,0,0,0,0,0,0,0,0,0,0,0,0,0,0,0,0,0,0,0,0,0,0,0,0,0,0,0
0,0,0,0,0,0,0,0,0,0,0,0,0,0,0,0,0,0,0,0,0,0,0,0,0,0,0,0,0,0,0,0,0,0,0,0,0,0,0,0,0,0,0,0,0,0,0,0,0,0,0,0,0,0,0,0,0,0,0,0,0,0,0,0,0,0,0,0,0,0,0,0,0,0,0,0,0,0,0,0,0,0,0,0,0,0,0,0,0,0,0,0,0,0,0,0,0,0,0,0
0,0,0,0,0,0,0,0,0,0,0,0,0,0,0,0,0,0,0,0,0,0,0,0,0,0,0,0,0,0,0,0,0,0,0,0,0,0,0,0,0,0,0,0,0,0,0,0,0,0,0,0,0,0,0,0,0,0,0,0,0,0,0,0,0,0,0,0,0,0,0,0,0,0,0,0,0,0,0,0,0,0,0,0,0,0,0,0,0,0,0,0,0,0,0,0,0,0,0,0
0,0,0,0,0,0,0,0,0,0,0,0,0,0,0,0,0,0,0,0,0,0,0,0,0,0,0,0,0,0,0,0,0,0,0,0,0,0,0,0,0,0,0,0,0,0,0,0,0,0,0,0,0,0,0,0,0,0,0,0,0,0,0,0,0,0,0,0,0,0,0,0,0,0,0,0,0,0,0,0,0,0,0,0,0,0,0,0,0,0,0,0,0,0,0,0,0,0,0,0
0,0,0,0,0,0,0,0,0,0,0,0,0,0,0,0,0,0,0,0,0,0,0,0,0,0,0,0,0,0,0,0,0,0,0,0,0,0,0,0,0,0,0,0,0,0,0,0,0,0,0,0,0,0,0,0,0,0,0,0,0,0,0,0,0,0,0,0,0,0,0,0,0,0,0,0,0,0,0,0,0,0,0,0,0,0,0,0,0,0,0,0,0,0,0,0,0,0,0,0
0,0,0,0,0,0,0,0,0,0,0,0,0,0,0,0,0,0,0,0,0,0,0,0,0,0,0,0,0,0,0,0,0,0,0,0,0,0,0,0,0,0,0,0,0,0,0,0,0,0,0,0,0,0,0,0,0,0,0,0,0,0,0,0,0,0,0,0,0,0,0,0,0,0,0,0,0,0,0,0,0,0,0,0,0,0,0,0,0,0,0,0,0,0,0,0,0,0,0,0
0,0,0,0,0,0,0,0,0,0,0,0,0,0,0,0,0,0,0,0,0,0,0,0,0,0,0,0,0,0,0,0,0,0,0,0,0,0,0,0,0,0,0,0,0,0,0,0,0,0,0,0,0,0,0,0,0,0,0,0,0,0,0,0,0,0,0,0,0,0,0,0,0,0,0,0,0,0,0,0,0,0,0,0,0,0,0,0,0,0,0,0,0,0,0,0,0,0,0,0
0,0,0,0,0,0,0,0,0,0,0,0,0,0,0,0,0,0,0,0,0,0,0,0,0,0,0,0,0,0,0,0,0,0,0,0,0,0,0,0,0,0,0,0,0,0,0,0,0,0,0,0,0,0,0,0,0,0,0,0,0,0,0,0,0,0,0,0,0,0,0,0,0,0,0,0,0,0,0,0,0,0,0,0,0,0,0,0,0,0,0,0,0,0,0,0,0,0,0,0
0,0,0,0,0,0,0,0,0,0,0,0,0,0,0,0,0,0,0,0,0,0,0,0,0,0,0,0,0,0,0,0,0,0,0,0,0,0,0,0,0,0,0,0,0,0,0,0,0,0,0,0,0,0,0,0,0,0,0,0,0,0,0,0,0,0,0,0,0,0,0,0,0,0,0,0,0,0,0,0,0,0,0,0,0,0,0,0,0,0,0,0,0,0,0,0,0,0,0,0
0,0,0,0,0,0,0,0,0,0,0,0,0,0,0,0,0,0,0,0,0,0,0,0,0,0,0,0,0,0,0,0,0,0,0,0,0,0,0,0,0,0,0,0,0,0,0,0,0,0,0,0,0,0,0,0,0,0,0,0,0,0,0,0,0,0,0,0,0,0,0,0,0,0,0,0,0,0,0,0,0,0,0,0,0,0,0,0,0,0,0,0,0,0,0,0,0,0,0,0
0,0,0,0,0,0,0,0,0,0,0,0,0,0,0,0,0,0,0,0,0,0,0,0,0,0,0,0,0,0,0,0,0,0,0,0,0,0,0,0,0,0,0,0,0,0,0,0,0,0,0,0,0,0,0,0,0,0,0,0,0,0,0,0,0,0,0,0,0,0,0,0,0,0,0,0,0,0,0,0,0,0,0,0,0,0,0,0,0,0,0,0,0,0,0,0,0,0,0,0
0,0,0,0,0,0,0,0,0,0,0,0,0,0,0,0,0,0,0,0,0,0,0,0,0,0,0,0,0,0,0,0,0,0,0,0,0,0,0,0,0,0,0,0,0,0,0,0,0,0,0,0,0,0,0,0,0,0,0,0,0,0,0,0,0,0,0,0,0,0,0,0,0,0,0,0,0,0,0,0,0,0,0,0,0,0,0,0,0,0,0,0,0,0,0,0,0,0,0,0
0,0,0,0,0,0,0,0,0,0,0,0,0,0,0,0,0,0,0,0,0,0,0,0,0,0,0,0,0,0,0,0,0,0,0,0,0,0,0,0,0,0,0,0,0,0,0,0,0,0,0,0,0,0,0,0,0,0,0,0,0,0,0,0,0,0,0,0,0,0,0,0,0,0,0,0,0,0,0,0,0,0,0,0,0,0,0,0,0,0,0,0,0,0,0,0,0,0,0,0
0,0,0,0,0,0,0,0,0,0,0,0,0,0,0,0,0,0,0,0,0,0,0,0,0,0,0,0,0,0,0,0,0,0,0,0,0,0,0,0,0,0,0,0,0,0,0,0,0,0,0,0,0,0,0,0,0,0,0,0,0,0,0,0,0,0,0,0,0,0,0,0,0,0,0,0,0,0,0,0,0,0,0,0,0,0,0,0,0,0,0,0,0,0,0,0,0,0,0,0
0,0,0,0,0,0,0,0,0,0,0,0,0,0,0,0,0,0,0,0,0,0,0,0,0,0,0,0,0,0,0,0,0,0,0,0,0,0,0,0,0,0,0,0,0,0,0,0,0,0,0,0,0,0,0,0,0,0,0,0,0,0,0,0,0,0,0,0,0,0,0,0,0,0,0,0,0,0,0,0,0,0,0,0,0,0,0,0,0,0,0,0,0,0,0,0,0,0,0,0
0,0,0,0,0,0,0,0,0,0,0,0,0,0,0,0,0,0,0,0,0,0,0,0,0,0,0,0,0,0,0,0,0,0,0,0,0,0,0,0,0,0,0,0,0,0,0,0,0,0,0,0,0,0,0,0,0,0,0,0,0,0,0,0,0,0,0,0,0,0,0,0,0,0,0,0,0,0,0,0,0,0,0,0,0,0,0,0,0,0,0,0,0,0,0,0,0,0,0,0
0,0,0,0,0,0,0,0,0,0,0,0,0,0,0,0,0,0,0,0,0,0,0,0,0,0,0,0,0,0,0,0,0,0,0,0,0,0,0,0,0,0,0,0,0,0,0,0,0,0,0,0,0,0,0,0,0,0,0,0,0,0,0,0,0,0,0,0,0,0,0,0,0,0,0,0,0,0,0,0,0,0,0,0,0,0,0,0,0,0,0,0,0,0,0,0,0,0,0,0
0,0,0,0,0,0,0,0,0,0,0,0,0,0,0,0,0,0,0,0,0,0,0,0,0,0,0,0,0,0,0,0,0,0,0,0,0,0,0,0,0,0,0,0,0,0,0,0,0,0,0,0,0,0,0,0,0,0,0,0,0,0,0,0,0,0,0,0,0,0,0,0,0,0,0,0,0,0,0,0,0,0,0,0,0,0,0,0,0,0,0,0,0,0,0,0,0,0,0,0
0,0,0,0,0,0,0,0,0,0,0,0,0,0,0,0,0,0,0,0,0,0,0,0,0,0,0,0,0,0,0,0,0,0,0,0,0,0,0,0,0,0,0,0,0,0,0,0,0,0,0,0,0,0,0,0,0,0,0,0,0,0,0,0,0,0,0,0,0,0,0,0,0,0,0,0,0,0,0,0,0,0,0,0,0,0,0,0,0,0,0,0,0,0,0,0,0,0,0,0
0,0,0,0,0,0,0,0,0,0,0,0,0,0,0,0,0,0,0,0,0,0,0,0,0,0,0,0,0,0,0,0,0,0,0,0,0,0,0,0,0,0,0,0,0,0,0,0,0,0,0,0,0,0,0,0,0,0,0,0,0,0,0,0,0,0,0,0,0,0,0,0,0,0,0,0,0,0,0,0,0,0,0,0,0,0,0,0,0,0,0,0,0,0,0,0,0,0,0,0
0,0,0,0,0,0,0,0,0,0,0,0,0,0,0,0,0,0,0,0,0,0,0,0,0,0,0,0,0,0,0,0,0,0,0,0,0,0,0,0,0,0,0,0,0,0,0,0,0,0,0,0,0,0,0,0,0,0,0,0,0,0,0,0,0,0,0,0,0,0,0,0,0,0,0,0,0,0,0,0,0,0,0,0,0,0,0,0,0,0,0,0,0,0,0,0,0,0,0,0
0,0,0,0,0,0,0,0,0,0,0,0,0,0,0,0,0,0,0,0,0,0,0,0,0,0,0,0,0,0,0,0,0,0,0,0,0,0,0,0,0,0,0,0,0,0,0,0,0,0,0,0,0,0,0,0,0,0,0,0,0,0,0,0,0,0,0,0,0,0,0,0,0,0,0,0,0,0,0,0,0,0,0,0,0,0,0,0,0,0,0,0,0,0,0,0,0,0,0,0
0,0,0,0,0,0,0,0,0,0,0,0,0,0,0,0,0,0,0,0,0,0,0,0,0,0,0,0,0,0,0,0,0,0,0,0,0,0,0,0,0,0,0,0,0,0,0,0,0,0,0,0,0,0,0,0,0,0,0,0,0,0,0,0,0,0,0,0,0,0,0,0,0,0,0,0,0,0,0,0,0,0,0,0,0,0,0,0,0,0,0,0,0,0,0,0,0,0,0,0
0,0,0,0,0,0,0,0,0,0,0,0,0,0,0,0,0,0,0,0,0,0,0,0,0,0,0,0,0,0,0,0,0,0,0,0,0,0,0,0,0,0,0,0,0,0,0,0,0,0,0,0,0,0,0,0,0,0,0,0,0,0,0,0,0,0,0,0,0,0,0,0,0,0,0,0,0,0,0,0,0,0,0,0,0,0,0,0,0,0,0,0,0,0,0,0,0,0,0,0
