0,0,0,0,0,0,0,0,0,0,0,0,0,0,0,0,0,0,0,0,0,0,0,0,0,0,0,0,0,0,0,0,0,0,0,0,0,0,0,0,0,0,0,0,0,0,0,0,0,0,0,0,0,0,0,0,0,0,0,0,0,0,0,0,0,0,0,0,0,0,0,0,0,0,0,0,0,0,0,0,0,0,0,0,0,0,0,0,0,0,0,0,0,0,0,0,0,0,0,0
0,0,0,0,0,0,0,0,0,0,0,0,0,0,0,0,0,0,0,0,0,0,0,0,0,0,0,0,0,0,0,0,0,0,0,0,0,0,0,0,0,0,0,0,0,0,0,0,0,0,0,0,0,0,0,0,0,0,0,0,0,0,0,0,0,0,0,0,0,0,0,0,0,0,0,0,0,0,0,0,0,0,0,0,0,0,0,0,0,0,0,0,0,0,0,0,0,0,0,0
0,0,0,0,0,0,0,0,0,0,0,0,0,0,0,0,0,0,0,0,0,0,0,0,0,0,0,0,0,0,0,0,0,0,0,0,0,0,0,0,0,0,0,0,0,0,0,0,0,0,0,0,0,0,0,0,0,0,0,0,0,0,0,0,0,0,0,0,0,0,0,0,0,0,0,0,0,0,0,0,0,0,0,0,0,0,0,0,0,0,0,0,0,0,0,0,0,0,0,0
0,0,0,0,0,0,0,0,0,0,0,0,0,0,0,0,0,0,0,0,0,0,0,0,0,0,0,0,0,0,0,0,0,0,0,0,0,0,0,0,0,0,0,0,0,0,0,0,0,0,0,0,0,0,0,0,0,0,0,0,0,0,0,0,0,0,0,0,0,0,0,0,0,0,0,0,0,0,0,0,0,0,0,0,0,0,0,0,0,0,0,0,0,0,0,0,0,0,0,0
0,0,0,0,0,0,0,0,0,0,0,0,0,0,0,0,0,0,0,0,0,0,0,0,0,0,0,0,0,0,0,0,0,0,0,0,0,0,0,0,0,0,0,0,0,0,0,0,0,0,0,0,0,0,0,0,0,0,0,0,0,0,0,0,0,0,0,0,0,0,0,0,0,0,0,0,0,0,0,0,0,0,0,0,0,0,0,0,0,0,0,0,0,0,0,0,0,0,0,0
0,0,0,0,0,0,0,0,0,0,0,0,0,0,0,0,0,0,0,0,0,0,0,0,0,0,0,0,0,0,0,0,0,0,0,0,0,0,0,0,0,0,0,0,0,0,0,0,0,0,0,0,0,0,0,0,0,0,0,0,0,0,0,0,0,0,0,0,0,0,0,0,0,0,0,0,0,0,0,0,0,0,0,0,0,0,0,0,0,0,0,0,0,0,0,0,0,0,0,0
0,0,0,0,0,0,0,0,0,0,0,0,0,0,0,0,0,0,0,0,0,0,0,0,0,0,0,0,0,0,0,0,0,0,0,0,0,0,0,0,0,0,0,0,0,0,0,0,0,0,0,0,0,0,0,0,0,0,0,0,0,0,0,0,0,0,0,0,0,0,0,0,0,0,0,0,0,0,0,0,0,0,0,0,0,0,0,0,0,0,0,0,0,0,0,0,0,0,0,0
0,0,0,0,0,0,0,0,0,0,0,0,0,0,0,0,0,0,0,0,0,0,0,0,0,0,0,0,0,0,0,0,0,0,0,0,0,0,0,0,0,0,0,0,0,0,0,0,0,0,0,0,0,0,0,0,0,0,0,0,0,0,0,0,0,0,0,0,0,0,0,0,0,0,0,0,0,0,0,0,0,0,0,0,0,0,0,0,0,0,0,0,0,0,0,0,0,0,0,0
0,0,0,0,0,0,0,0,0,0,0,0,0,0,0,0,0,0,0,0,0,0,0,0,0,0,0,0,0,0,0,0,0,0,0,0,0,0,0,0,0,0,0,0,0,0,0,0,0,0,0,0,0,0,0,0,0,0,0,0,0,0,0,0,0,0,0,0,0,0,0,0,0,0,0,0,0,0,0,0,0,0,0,0,0,0,0,0,0,0,0,0,0,0,0,0,0,0,0,0
0,0,0,0,0,0,0,0,0,0,0,0,0,0,0,0,0,0,0,0,0,0,0,0,0,0,0,0,0,0,0,0,0,0,0,0,0,0,0,0,0,0,0,0,0,0,0,0,0,0,0,0,0,0,0,0,0,0,0,0,0,0,0,0,0,0,0,0,0,0,0,0,0,0,0,0,0,0,0,0,0,0,0,0,0,0,0,0,0,0,0,0,0,0,0,0,0,0,0,0
0,0,0,0,0,0,0,0,0,0,0,0,0,0,0,0,0,0,0,0,0,0,0,0,0,0,0,0,0,0,0,0,0,0,0,0,0,0,0,0,0,0,0,0,0,0,0,0,0,0,0,0,0,0,0,0,0,0,0,0,0,0,0,0,0,0,0,0,0,0,0,0,0,0,0,0,0,0,0,0,0,0,0,0,0,0,0,0,0,0,0,0,0,0,0,0,0,0,0,0
0,0,0,0,0,0,0,0,0,0,0,0,0,0,0,0,0,0,0,0,0,0,0,0,0,0,0,0,0,0,0,0,0,0,0,0,0,0,0,0,0,0,0,0,0,0,0,0,0,0,0,0,0,0,0,0,0,0,0,0,0,0,0,0,0,0,0,0,0,0,0,0,0,0,0,0,0,0,0,0,0,0,0,0,0,0,0,0,0,0,0,0,0,0,0,0,0,0,0,0
0,0,0,0,0,0,0,0,0,0,0,0,0,0,0,0,0,0,0,0,0,0,0,0,0,0,0,0,0,0,0,0,0,0,0,0,0,0,0,0,0,0,0,0,0,0,0,0,0,0,0,0,0,0,0,0,0,0,0,0,0,0,0,0,0,0,0,0,0,0,0,0,0,0,0,0,0,0,0,0,0,0,0,0,0,0,0,0,0,0,0,0,0,0,0,0,0,0,0,0
0,0,0,0,0,0,0,0,0,0,0,0,0,0,0,0,0,0,0,0,0,0,0,0,0,0,0,0,0,0,0,0,0,0,0,0,0,0,0,0,0,0,0,0,0,0,0,0,0,0,0,0,0,0,0,0,0,0,0,0,0,0,0,0,0,0,0,0,0,0,0,0,0,0,0,0,0,0,0,0,0,0,0,0,0,0,0,0,0,0,0,0,0,0,0,0,0,0,0,0
0,0,0,0,0,0,0,0,0,0,0,0,0,0,0,0,0,0,0,0,0,0,0,0,0,0,0,0,0,0,0,0,0,0,0,0,0,0,0,0,0,0,0,0,0,0,0,0,0,0,0,0,0,0,0,0,0,0,0,0,0,0,0,0,0,0,0,0,0,0,0,0,0,0,0,0,0,0,0,0,0,0,0,0,0,0,0,0,0,0,0,0,0,0,0,0,0,0,0,0
0,0,0,0,0,0,0,0,0,0,0,0,0,0,0,0,0,0,0,0,0,0,0,0,0,0,0,0,0,0,0,0,0,0,0,0,0,0,0,0,0,8.45511447576776e-05,0.00033345171239385,4.62222125749553e-05,0.000231591517826692,0.000108048860765264,0,0,0,0,0,0,0,0,0,0,0,0,0,0,0,0,0,0,0,0,0,0,0,0,0,0,0,0,0,0,0,0,0,0,0,0,0,0,0,0,0,0,0,0,0,0,0,0,0,0,0,0,0,0
0,0,0,0,0,0,0,0,0,0,0,0,0,0,0,0,0,0,0,0,0,0,0,0,0,0,0,0,0,4.60585043639928e-05,0.000147861029953274,0,6.36114173016891e-05,0.000135528765223775,0.000518840350376869,0.000385717274268697,0.000331610060355846,0.000515049501099562,0.00015976297225213,0.000319734868939112,0.000207702881998135,0.000218110444573413,0.000795516179822641,0.000296909700677616,0.000109344855502649,5.10147659053943e-05,0,0,0,0,0,0,0,0,0,0,0,0,0,0,0,0,0,0,0,0,0,0,0,0,0,0,0,0,0,0,0,0,0,0,0,0,0,0,0,0,0,0,0,0,0,0,0,0,0,0,0,0,0,0
0,0,0,0,0,0,0,0,0,0,0,0,0,0,0,0,0,0,0,0,0,0,0,0,0,6.3695868635241e-05,5.77987371036156e-05,3.09099741537442e-05,0.000298349517945709,0.000279219846604457,0.000644168693673626,0.000273488236707726,0.000840080956633989,0.000995486214424692,0.00149258928434015,0.000753516678579945,0.00122692972868164,0.00198543953173666,0.00163360702279224,0.00109955114550163,0.000878037337598193,0.00123453849541772,0.000829585703893211,0.00036232429284391,0,9.632033879071e-05,0.000456023280553061,8.1553967044336e-05,0,0,0,0,0,0,0,0,0,0,0,0,0,0,0,0,0,0,0,0,0,0,0,0,0,0,0,0,0,0,0,0,0,0,0,0,0,0,0,0,0,0,0,0,0,0,0,0,0,0,0,0
0,0,0,0,0,0,0,0,0,0,0,0,0,0,0,0,0,0,0,0,0,0,0,0,0,0.000198438685602296,0.000180066708658847,0.000104288495038552,0.000501269399544823,0.000505860079932627,0.000466781553944333,0.00125574046703629,0.00080596988430241,0.00152922954327331,0.00224143377365732,0.00141253975164137,0.0017015265505192,0.00110848530724352,0.0033251137637555,0.00147440874019136,0.000789446727254212,0.000794417356230321,0.00115207548304654,0.00171211868014919,0.000675188150552492,0.000296507765300064,0.00072263822331867,0.000578374402633255,6.66881534398731e-05,0,0,0,0,0,0,0,0,0,0,0,0,0,0,0,0,0,0,0,0,0,0,0,0,0,0,0,0,0,0,0,0,0,0,0,0,0,0,0,0,0,0,0,0,0,0,0,0,0,0,0
0,0,0,0,0,0,0,0,0,0,0,0,0,0,0,0,0,0,0,0,0,0,0,0,0.000256837789576665,0.000320187496771876,0,0.000260949723070873,0.0011862035454514,0.00191123792759959,0.00270709012630091,0.00254077131446522,0.00198741849916347,0.00289398794320073,0.00224527801610737,0.00141377043064367,0.00239768009489621,0.000917466221795924,0.00252628296943288,0.00285312589234418,0.000947115456022879,0.000739629602627079,0.00126392693379677,0.00202722057729977,0.00187744796214398,0.000859839793923799,0.000638056065740762,0.000558905954288083,0.000562715099557196,0.000453410379707356,1.91783034691506e-06,0,0,0,0,0,0,0,0,0,0,0,0,0,0,0,0,0,0,0,0,0,0,0,0,0,0,0,0,0,0,0,0,0,0,0,0,0,0,0,0,0,0,0,0,0,0,0,0,0
0,0,0,0,0,0,0,0,0,0,0,0,0,0,0,0,0,0,0,0,0,0,0,0,0.000140586622141525,0.000282388091509935,9.29657803589517e-05,0.00118255337344586,0.00279255346937195,0.00303828506444075,0.00383312166285867,0.00408956121670353,0.00583975911268596,0.00349888461686315,0.00234027005254134,0.00220324289005801,0.00181853498934404,0.00114917678647021,0.00124322967546019,0.0025322826195233,0.00112569020526506,0.00135849994726126,0.00110286668410065,0.000522805621883482,0.00101321084853907,0.000507076897233605,0.000643034368983671,0.000551633316771103,0.000834987114439355,0.000795698420868415,2.43524076090185e-05,0,0,0,0,0,0,0,0,0,0,0,0,0,0,0,0,0,0,0,0,0,0,0,0,0,0,0,0,0,0,0,0,0,0,0,0,0,0,0,0,0,0,0,0,0,0,0,0,0
0,0,0,0,0,0,0,0,0,0,0,0,0,0,0,0,0,0,0,0,0,0,0,0,0.000192542524823768,0.000749112824645621,0.00086057049608122,0.00201502302677277,0.00290885883572753,0.00370045043538595,0.0053642890583233,0.00527565009843517,0.00354304925610447,0.00301994447436016,0.00232144170584434,0.00348294593745471,0.00191656166146001,0.00130983662471299,0.00131672234492954,0.00175506068566902,0.000836728140154081,0.00102450395599056,0.000884835114343329,0.000897845946626952,0.00108130389431181,0.000625505180618393,0.00057901501053075,0.000888384901347904,0.000765432066165668,0.000561986820269207,0.000289857341953213,0.000219493164210268,0.000355019897029216,0,0,0,0,0,0,0,0,0,0,0,0,0,0,0,0,0,0,0,0,0,0,0,0,0,0,0,0,0,0,0,0,0,0,0,0,0,0,0,0,0,0,0,0,0,0,0
0,0,0,0,0,0,0,0,0,0,0,0,0,0,0,0,0,0,0,0,0,0,5.83152955776638e-05,0.000165619034106055,0.000371917386276772,0.00225286920787987,0.00263713748539332,0.00286196671952394,0.00344291714881701,0.00475343749435653,0.00460466987128755,0.00304746881690737,0.00279195567657905,0.00249963325093338,0.0030433951090341,0.00324218406293688,0.0013851310742513,0.00153095335029584,0.00163651157877694,0.00115124834136484,0.000757502366864755,0.000724790897862621,0.00121334708005936,0.00129576813694433,0.00111503011822945,0.00091908687274345,0.000338779249126521,0.000416598143418265,0.000415513926784098,0.000999417664993205,0.000545082698701262,0.000319487458821753,6.64807367439942e-05,8.81978758057848e-05,3.83261365067039e-06,0,0,0,0,0,0,0,0,0,0,0,0,0,0,0,0,0,0,0,0,0,0,0,0,0,0,0,0,0,0,0,0,0,0,0,0,0,0,0,0,0,0,0,0,0
0,0,0,0,0,0,0,0,0,0,0,0,0,0,0,0,0,0,0,0,0,0,8.37093230733343e-05,0.000469782727375674,0.00156747583739965,0.00239010828386212,0.00278253295303818,0.00516955323647525,0.00651658766120249,0.00503935371964945,0.00608859767994644,0.00385360600422563,0.0031985739189414,0.0034004855493143,0.00300552753867172,0.00173751722404733,0.00120126903266752,0.000730993324316382,0.000659674633315267,0.000553028802462598,0.00154854629273007,0.000278178428652311,0.000311744590448009,0.001318717430272,0.00134894176225917,0.00117047895875419,0.000349291471269937,0.000734453131109893,0.000212806673772339,0.000584667054046681,0.000528718049447431,0.000164354664083412,0.000307325335857449,0.000390979602911832,1.6989907631713e-05,0,0,0,0,0,0,0,0,0,0,0,0,0,0,0,0,0,0,0,0,0,0,0,0,0,0,0,0,0,0,0,0,0,0,0,0,0,0,0,0,0,0,0,0,0
0,0,0,0,0,0,0,0,0,0,0,0,0,0,0,0,0,0,0,0,0,0,0,0.000346491835830592,0.00177013335887479,0.0024510820890629,0.00416319600783439,0.00447763402740971,0.00390674916290593,0.00392975049061203,0.00580268551156601,0.00312117069559132,0.00183328676903944,0.00259622308829545,0.0014357949046491,0.000730758559285042,0.000815601034145818,0.00153515664195614,0,0.000558316294258892,0.00114940156151357,0.000403463528140624,0.000217802216543415,0.000491554758028133,0.000835271643518396,0.00151373415069051,0.00241269472365357,0.00150841653131139,0.000400728228044903,0.00029229309720118,0.000720660064013593,0.000408208558138052,0.000352411275716517,0,0,0,0,0,0,0,0,0,0,0,0,0,0,0,0,0,0,0,0,0,0,0,0,0,0,0,0,0,0,0,0,0,0,0,0,0,0,0,0,0,0,0,0,0,0,0
0,0,0,0,0,0,0,0,0,0,0,0,0,0,0,0,0,0,0,0,0,0,0.000228888812236822,0.000130964070374793,0.00122300255850345,0.00304341352828254,0.00480450936111801,0.00367286211559336,0.00470303090673968,0.00531167857606047,0.00560298635640285,0.00384341936523766,0.00227586523022183,0.00242354891338067,0.0026357288020008,0.000824023203189295,0.000850541806143276,0.000144605341348748,0,6.51742935535621e-05,0.000356948213893023,0.000649571777580033,0.000674838945378699,0.000622957797162617,0.000878077213853271,0.00082239669444731,0.000932191758398256,0.00156884061926705,0.00134711108729848,0.000629488099831895,0.000593047513307529,0.000519545017148476,0.00026764552780755,0.000819136598529012,5.8987150521305e-06,0,0,0,0,0,0,0,0,0,0,0,0,0,0,0,0,0,0,0,0,0,0,0,0,0,0,0,0,0,0,0,0,0,0,0,0,0,0,0,0,0,0,0,0,0
0,0,0,0,0,0,0,0,0,0,0,0,0,0,0,0,0,0,0,0,0,0,0.000360015507716899,0.000299880192387847,0.00151585426929179,0.00435250460094638,0.00443236513822928,0.00226852715326984,0.00286209954094089,0.00478465345469783,0.00412706018999034,0.00313792435747964,0.00267697646489909,0.00450687629298842,0.00247903950151762,0.00118665687541703,0.000145870851985014,0.000182378630783184,8.76507202680632e-05,0.000635749272443044,0.000662219155649147,0.000359721115567191,0.000148121565456787,0.000132357855468629,0.000479048782672216,0.000206527874379941,0.000642342401546647,0.000569842885358894,0.00114974861612098,0.00054551534287226,0.000121143949028295,0.000611957702396719,0.000452244044420348,0.000686080133561914,1.02412865900972e-05,0,0,0,0,0,0,0,0,0,0,0,0,0,0,0,0,0,0,0,0,0,0,0,0,0,0,0,0,0,0,0,0,0,0,0,0,0,0,0,0,0,0,0,0,0
0,0,0,0,0,0,0,0,0,0,0,0,0,0,0,0,0,0,0,0,0,0,0.000173023326361581,0.000934122555659426,0.00222047524501076,0.00500967672512098,0.0045591907191998,0.00384700123355993,0.00437311535605437,0.00442786385591365,0.00431647144633166,0.00283727731246722,0.00429708250371047,0.00231497374476197,0.0016824889865998,0.000957631522354889,0.000346167465360263,0.00070237122520474,0.00045051627327562,0.00134901046407414,0.000492610046592683,0.000213713478280954,0.000164372461647807,0.000467145766893866,0.00112487623535981,0.00067568253125649,0.000699020400834314,0.0008386463185995,0.00105183415381169,0.00104200366166125,0.000521266737884849,0.000316131216988287,0.000107397604912159,2.40392004731694e-05,9.67161296494575e-05,0,0,0,0,0,0,0,0,0,0,0,0,0,0,0,0,0,0,0,0,0,0,0,0,0,0,0,0,0,0,0,0,0,0,0,0,0,0,0,0,0,0,0,0,0
0,0,0,0,0,0,0,0,0,0,0,0,0,0,0,0,0,0,0,0,0,0.000496850030595418,0.000552004006526472,0.00143858936917893,0.00269873268693981,0.00363972668579004,0.00364823815058118,0.00411754587077839,0.00299178007928788,0.00312757224643317,0.0030405459787325,0.00209279767908337,0.00214791083329362,0.00255215983796856,0.00186102195982897,0.000845674054956988,0.0010951960779436,0.000800766685381912,0.00106809529586278,0.000975569847515545,0.000796204811239391,0.000346120302779822,0.000632238520201184,0,0.000652300533998113,0.000932348444459296,0.000487972807691571,0.000581787669647801,0.00115998407977541,0.00101127242425108,0.00101881824555369,0.000222602920612427,0.000362848521649898,0.000276663531907016,0.000500932051982022,0,0,0,0,0,0,0,0,0,0,0,0,0,0,0,0,0,0,0,0,0,0,0,0,0,0,0,0,0,0,0,0,0,0,0,0,0,0,0,0,0,0,0,0,0
0,0,0,0,0,0,0,0,0,0,0,0,0,0,0,0,0,0,0,0,0,0.000381479801174588,0.00127101834035377,0.00117253637017069,0.00221763731396554,0.00246152628456015,0.00331359758661666,0.00388951591938475,0.00231797659667888,0.00362970458677111,0.00431396416737915,0.0023947555847199,0.00282569693649121,0.00275635128797362,0.00222247094207936,0.00150458808282493,0.00165039108792879,0.000811203816258217,0.000428021387484953,0.000310410447047748,0.000788868744972177,8.68733603471466e-05,0.000171065938786171,0.000511642657740126,0.00056169626909604,0.000653997243205763,0.00069503749555023,0.00040997269775209,0.000694201214187349,0.000566736635378702,0.00037898808281188,0.00121354924267976,0.000497334549861037,0.000803958412073866,0.00096786887827474,0,0,0,0,0,0,0,0,0,0,0,0,0,0,0,0,0,0,0,0,0,0,0,0,0,0,0,0,0,0,0,0,0,0,0,0,0,0,0,0,0,0,0,0,0
0,0,0,0,0,0,0,0,0,0,0,0,0,0,0,0,0,0,0,0,0,0.000265771729325189,0.000580008780346082,0.000982683413434464,0.00334295077427572,0.00343310420353004,0.00369253117193816,0.00249897923608983,0.00145494906998376,0.00193680141387529,0.00313663448218041,0.00216063381601601,0.0029532743857367,0.00139499063849151,0.000911116813329726,0.00163825408788845,0.000249263672077987,0.00111844426425568,0.000538690052062473,0.000111657348497788,0.000484061754508198,0.000714355518175648,0.000334103009536118,0.00116641221260131,0.000782524339670182,0.000151755212860274,0.000441682797191145,0.000270123247184571,0.000778881391364002,0.000250936677887061,0.000237504283170142,0.000631445492881362,0.000442110286315863,0.000581799231716715,0.00036878318200332,0,0,0,0,0,0,0,0,0,0,0,0,0,0,0,0,0,0,0,0,0,0,0,0,0,0,0,0,0,0,0,0,0,0,0,0,0,0,0,0,0,0,0,0,0
0,0,0,0,0,0,0,0,0,0,0,0,0,0,0,0,0,0,0,0,0,7.16921809569145e-05,0.000503468674973867,0.00106569198209023,0.00286601983224886,0.00267371218984627,0.00305727587383152,0.00307484678728643,0.0017395663638214,0.00151878716004479,0.00126223952263577,0.000981823356988221,0.0012244238724636,0.000643519213113723,0.00109851450168672,0.000873969533022359,0.000412876736403898,0.000629960152149578,0.00120631802681903,0.00117044554926087,0.000533321665235261,0.000302704633108425,7.9872133114183e-05,0.000220774509465088,0.00110715743118489,0.000527911975297481,0.000180726869351099,8.12797697523186e-05,8.67774974882055e-05,0,0.000542133200357217,0.000658353448453285,6.75027912001021e-05,0.000908237017753254,0.000144244016070975,0,0,0,0,0,0,0,0,0,0,0,0,0,0,0,0,0,0,0,0,0,0,0,0,0,0,0,0,0,0,0,0,0,0,0,0,0,0,0,0,0,0,0,0,0
0,0,0,0,0,0,0,0,0,0,0,0,0,0,0,0,0,0,0,0,0,0,0.000675576330190382,0.00176219930382687,0.00277904776842586,0.00331498739718315,0.00336087961236614,0.00515568188597971,0.00202624467002418,0.00158645917631779,0.00124738793485523,0.00057969382476113,0.000324261737486161,0.000897154278011831,0.000831816534577816,0.00087914572705052,0.00109504853073804,2.30973622329514e-05,0.00160068110750052,0.00169786109993982,0.000449720239375358,0.000571256852022545,0.000623531153820789,0.000381467529756417,0.00141233825735405,0.000129402034175556,0.000161097676946212,0.000253873287960615,0.00017140085716756,7.33921449166152e-05,0.000123143354234976,0.000257392335508505,0.000222864148546718,0.00019785657647941,0.00014193705326172,0,0,0,0,0,0,0,0,0,0,0,0,0,0,0,0,0,0,0,0,0,0,0,0,0,0,0,0,0,0,0,0,0,0,0,0,0,0,0,0,0,0,0,0,0
0,0,0,0,0,0,0,0,0,0,0,0,0,0,0,0,0,0,0,0,7.91531501374317e-05,0.000691743620303029,0.000699290843964602,0.00198233409301672,0.00321844008624602,0.00299112663365968,0.0024820414262496,0.00246961171457682,0.00144085713956165,0.000957747348324684,0.00101920315445785,0.000948221345611133,0.000343115728551613,0.000713888191514465,0.000546453705055059,0.000297553479331948,0.000282048212263557,6.42270055140523e-05,0.000290278866383235,0.000670523030750187,0.000504489703232939,0.00061651332723829,0.000234530640303658,8.87418219489839e-05,0.000242945814214629,3.5664162692753e-05,0.000580695444875604,0.000401066265181717,3.41588081032739e-05,0.000336339640701668,0.00040223083301416,0,0.000262080526709277,8.13640738833765e-06,5.09543072583523e-05,0.000130696513205158,0,0,0,0,0,0,0,0,0,0,0,0,0,0,0,0,0,0,0,0,0,0,0,0,0,0,0,0,0,0,0,0,0,0,0,0,0,0,0,0,0,0,0,0
0,0,0,0,0,0,0,0,0,0,0,0,0,0,0,0,0,0,0,0,2.40641244627093e-06,0.000796840213419704,0.000917462045583795,0.00195597058951648,0.00369471341445798,0.00382170464184911,0.00253565663850738,0.00122910582854289,0.00135729421806782,0.000932032091317533,0.000511955335901412,0.000491824756192759,0.00126996393984367,0.00100770363007553,0.00100185604444832,6.61719839962987e-05,0.000888227202502485,0.000670007422420944,0.000501021663397014,0.000542932894250142,0.000634455250768955,0.000539978376314516,3.15472649669795e-05,5.57317336758711e-05,0,0,0.000272425367918041,0.000387557562853748,0.000438105066976969,0.000343131326129912,6.7570833438499e-05,9.38734800226892e-05,0,8.28844227741215e-05,0.000504987408385967,0.000229050040296955,0,0,0,0,0,0,0,0,0,0,0,0,0,0,0,0,0,0,0,0,0,0,0,0,0,0,0,0,0,0,0,0,0,0,0,0,0,0,0,0,0,0,0,0
0,0,0,0,0,0,0,0,0,0,0,0,0,0,0,0,0,0,0,0,0,3.81499674073044e-05,0.000505561676456263,0.00132294704473623,0.00255537568190691,0.0024372582072574,0.00413799169573641,0.00152604394281861,0.00216161677950022,0.00102256912693981,0.000321092080990756,0.000379004494008186,0.000851099222500036,0.000410376136976202,0.000348576997815211,0.00073932801426315,0.000535995739819099,0.000658905879192928,0.000658244405437702,0.000823767624905186,0.000413440944085872,0.000115184748917819,0.000147902874816848,0.000290416285801657,0.000771327462721798,0.000817484747133475,0,0,0.000427421570701026,0.000399390893649854,0.00033067014747446,0.000465532109450006,0.000220441514040658,2.1434853786545e-05,1.19002752196099e-06,0,0,0,0,0,0,0,0,0,0,0,0,0,0,0,0,0,0,0,0,0,0,0,0,0,0,0,0,0,0,0,0,0,0,0,0,0,0,0,0,0,0,0,0,0
0,0,0,0,0,0,0,0,0,0,0,0,0,0,0,0,0,0,0,0,0,0,0.000118627731091109,0.000537973794382957,0.00209333444117031,0.00160534817588468,0.00283722806679857,0.00225850683487279,0.00201163267519065,0.000348595063101082,0.0001907844880826,0.000664786758191067,0.00095522749960431,0.000309766840195097,0.000233918474312342,0.000254051818300123,0.00078381059952824,0.000600336607051169,0.000693429025541422,0.000408363332914128,0.000575669537600271,0.000543722242495754,0.000316792901078999,0.00033880812460598,0.000975239114376264,0.000615890633440264,0.00056224584724457,0.000706426266149159,0.000305460198466644,0.000285342716213883,0.000644212974989425,0.000324595364209295,0.000425729116614162,0.000296819489677083,0,0,0,0,0,0,0,0,0,0,0,0,0,0,0,0,0,0,0,0,0,0,0,0,0,0,0,0,0,0,0,0,0,0,0,0,0,0,0,0,0,0,0,0,0,0
0,0,0,0,0,0,0,0,0,0,0,0,0,0,0,0,0,0,0,0,0,0.000568893014140573,0.000407390937566067,0.000488922506753576,0.0021399917935355,0.00168465714279509,0.00171724301744632,0.00190263536788072,0.00236239232558526,0.000428874715454799,0.000968243097131981,0.000810172781850923,0.000300675568223505,0.000493598551066812,0.000658992393908121,0.000822839774588589,0.000429901908184195,0.000394668823331655,0.000388957042317126,0.000215593171243464,0.000397535778607173,0.000479510645082928,0.000679577068111525,0.000628377571251502,0.000965498703042692,0.000259288000534838,0.000796350166213418,0.000183238154613166,5.88836202892859e-05,0.000217408669120343,0.000599541313066679,0.000279858501185801,0.000439336771920797,0.000294397261896911,0,0,0,0,0,0,0,0,0,0,0,0,0,0,0,0,0,0,0,0,0,0,0,0,0,0,0,0,0,0,0,0,0,0,0,0,0,0,0,0,0,0,0,0,0,0
0,0,0,0,0,0,0,0,0,0,0,0,0,0,0,0,0,0,0,0,0,9.82472368722215e-05,8.11574410776961e-05,0.00062159713603835,0.00166613131260589,0.00186996750169243,0.00194487337219547,0.00182273463999856,0.000477536223241681,0.000814431581575466,0.0010627128258595,0.000726825754057265,0.000392875615279112,0.000610372933167287,0.000494670717456149,0.000127960456784782,0.000229620746987433,0.000179484146199749,0.000110391740157139,0.000338844912317104,0.00111019511370695,4.27430278622812e-05,0.000431311159762053,0.000426976063718818,0.000695566543139639,0.000154753018303923,0.000531950717665773,0.000452659457746491,0.000497062734577858,0.00103909536385337,0.000430621851053518,0.000646108364745273,0.000936807725679455,0.000785480087747365,0,0,0,0,0,0,0,0,0,0,0,0,0,0,0,0,0,0,0,0,0,0,0,0,0,0,0,0,0,0,0,0,0,0,0,0,0,0,0,0,0,0,0,0,0,0
0,0,0,0,0,0,0,0,0,0,0,0,0,0,0,0,0,0,0,0,0,0,0,0.000635437309687157,0.000772675938114989,0.00184495170003968,0.00294197008763711,0.00257640485576601,0.00100407792192491,0.00116594714157539,0.000388877700570478,0.00065548248673977,8.09814350107049e-05,0.000469524095891142,0.000541895212639811,0.000413437095614649,0.00119122521867228,0.000977753178102793,0.000496344771669533,0.000422586605021294,0.000439738909121557,0.000799717599574611,0.000408070276091846,0.00025588832283481,0.000289408144186524,0.000524591225779699,0.000665814174672107,0.000249933892101951,0.000479005755229777,0.000538737626984569,0.000318702906073234,0.00032925498279725,0.000355613363182723,0.000177790977996476,0.000321775382950211,1.35957419625966e-05,0,0,0,0,0,0,0,0,0,0,0,0,0,0,0,0,0,0,0,0,0,0,0,0,0,0,0,0,0,0,0,0,0,0,0,0,0,0,0,0,0,0,0,0
0,0,0,0,0,0,0,0,0,0,0,0,0,0,0,0,0,0,0,0,0,0,0,0.00103437112666992,0.00123470315421232,0.00117327735101134,0.00117850142512456,0.00150322205203836,0.000996351111948271,0.000990650094170843,0.000206996304730474,0.000245654877789367,0.000745915361745255,0.000321715606674366,0.000906531758454345,0.000726259686445029,0.00193736888228361,0.000817449653345183,0.000210074616258409,0.000363581452596353,0.000385494177711371,0.000344022084376062,9.75343297368736e-05,0.000523899733212066,0.000438939517795056,0.00082602779735466,0.000458342030417563,0.000136152549626466,5.92672005475025e-06,0.000139212901273952,0.000585514529645535,0.000828267825775716,0.000221099616169249,0.000417845539707518,0.000174513856715961,6.81155796725024e-06,0,0,0,0,0,0,0,0,0,0,0,0,0,0,0,0,0,0,0,0,0,0,0,0,0,0,0,0,0,0,0,0,0,0,0,0,0,0,0,0,0,0,0,0
0,0,0,0,0,0,0,0,0,0,0,0,0,0,0,0,0,0,0,0,0,0,0,0.000476964659733927,0.000868820745099617,0.00118092848948298,0.000465293977399613,0.00261410694725387,0.00228690294662464,0.00116230523205123,0.000296028121627584,0.000174432678148497,0.000719759394420025,0.00126269152892267,0.000631436342713122,0.000167809438004649,0.000386711587990912,0.00014015545454072,0,9.8233620192495e-05,0.000504135571449793,0.000563770164820876,0.000246082475081616,0.000250251908087766,0.000286401815741587,0.000276005858778333,5.1032661221183e-05,0.000158933466856084,0.000187456435785729,0.000605699835355736,0.000630939119907185,0.000565052815955239,0.000291065708987742,0,0,0,0,0,0,0,0,0,0,0,0,0,0,0,0,0,0,0,0,0,0,0,0,0,0,0,0,0,0,0,0,0,0,0,0,0,0,0,0,0,0,0,0,0,0,0
0,0,0,0,0,0,0,0,0,0,0,0,0,0,0,0,0,0,0,0,0,0,0,0.000173529970594395,0.000128311875379737,0.000768119510499278,0.00130717132080399,0.00218349029647539,0.000767889168819942,0.00110178599838343,0.00161295938141277,0.000217149049629921,0.000217295522926199,0.000984645549759548,0.000325134586519494,7.51162398659771e-05,2.35461665759347e-05,0.000820938566049047,0.000775844921541442,0.000209466971716988,0,0.000350917781389491,0.000434844230315733,4.45207653788198e-05,0.000221074256705273,0.000757692370655323,0.000381666330928641,0.000676425725590277,0.000449278121805153,0.000200431955259178,0.000582268619181389,0.000819708860559745,0.000250796664666002,0.000294715736848307,0,0,0,0,0,0,0,0,0,0,0,0,0,0,0,0,0,0,0,0,0,0,0,0,0,0,0,0,0,0,0,0,0,0,0,0,0,0,0,0,0,0,0,0,0,0
0,0,0,0,0,0,0,0,0,0,0,0,0,0,0,0,0,0,0,0,0,0,0,0,0,0.000427566804436245,0.00151010714237412,0.00152988860275925,0.000331005312583043,0.00115935406175107,0.000434733723953518,0.000411174935209123,0.000594183757981665,0.000133747453541282,0.000575158049911906,0.000497819995553701,0.000322745283618095,0.000792566309420655,0.00105499824509417,0.000577260471813307,0.000173834854179035,5.79623212250048e-06,0.000122760532967713,2.10226041569601e-05,8.44638774465839e-05,0.00016714495618189,0.000298034659602697,0.000709817973940883,0.000535764812090201,0.000327620882491887,0.00034713983021727,0.000533693845445956,0.000123432887704101,1.20998000293008e-05,0,0,0,0,0,0,0,0,0,0,0,0,0,0,0,0,0,0,0,0,0,0,0,0,0,0,0,0,0,0,0,0,0,0,0,0,0,0,0,0,0,0,0,0,0,0
0,0,0,0,0,0,0,0,0,0,0,0,0,0,0,0,0,0,0,0,0,0,0,0,0,0.000532823861153673,0.000911722441587427,0.000614612123031218,0.000891619056347845,0.000310977666408492,0.000401632773373763,0.00103636831300637,0.000784270253962414,0.000192050921472159,0.00114246236325972,0.000871407342458483,0.000891434460758179,0.000845813062051126,0.000605211355128795,0.000735497561053871,0.00143196876244768,0.000410283726407459,0.000225681835982037,7.87472629475776e-05,0.000315897258654657,3.02585750298627e-05,0.000209775185869434,0.00054339686977772,0.000439210491267311,0,0,0.000196956988849287,8.49300972192885e-05,0,0,0,0,0,0,0,0,0,0,0,0,0,0,0,0,0,0,0,0,0,0,0,0,0,0,0,0,0,0,0,0,0,0,0,0,0,0,0,0,0,0,0,0,0,0,0
0,0,0,0,0,0,0,0,0,0,0,0,0,0,0,0,0,0,0,0,0,0,0,0,3.1510419880621e-05,0.000244545190003984,0.000254038646561424,0.000629481771536957,0.000436085425506368,0.00042354350011832,0.000457561561382507,0.00113682157902039,0.00113994418793664,0.000476993088389869,0.000346089700758072,0.000533712578406989,0.000454481531709692,0.000575667469433802,0.000106800093054926,0.000572017150791468,0.000541658547816839,0.000433305737074498,0.000794872495257911,0.00020567540582625,5.41860724997535e-05,0.000252732508817431,0.000548795859264533,0.000955937944541786,0.000276544141242662,0,0,0,0,0,0,0,0,0,0,0,0,0,0,0,0,0,0,0,0,0,0,0,0,0,0,0,0,0,0,0,0,0,0,0,0,0,0,0,0,0,0,0,0,0,0,0,0,0,0,0
0,0,0,0,0,0,0,0,0,0,0,0,0,0,0,0,0,0,0,0,0,0,0,0,8.58895952849474e-05,0.000638054794830448,0,0.000438568193515926,0.00025436372934772,0.000161589945049351,0.000815740192838177,0.00107565792704592,0.000740122814250702,0.000172120175140216,0.000346772599859168,0.0011536510085631,0.000875003789790887,0.000720778408719753,0.000575814989073285,0.000336658148452222,0.000755598300695304,0.00085074741575298,0.000879325425596877,0.000487934537509352,0.000144766328293475,0.000309503304564987,0.000619683488434527,0.000107471179418247,0,0,0,0,0,0,0,0,0,0,0,0,0,0,0,0,0,0,0,0,0,0,0,0,0,0,0,0,0,0,0,0,0,0,0,0,0,0,0,0,0,0,0,0,0,0,0,0,0,0,0,0
0,0,0,0,0,0,0,0,0,0,0,0,0,0,0,0,0,0,0,0,0,0,0,0,0,0,0,2.78174347171585e-05,4.78206947657477e-06,0.000156382892420558,0.000405507274710295,0.000765131554357452,0.00045032402716565,0.000177899021955914,0.00068553923879422,0.000433815583915121,0.000770284325290551,0.00105238198082339,0.000843185366926085,0.00105200408806864,0.00052947743341085,0.00113454682711827,0.00110989404575569,3.30978136773818e-05,0,0,0.000311866542525765,0.000134154286682739,0,0,0,0,0,0,0,0,0,0,0,0,0,0,0,0,0,0,0,0,0,0,0,0,0,0,0,0,0,0,0,0,0,0,0,0,0,0,0,0,0,0,0,0,0,0,0,0,0,0,0,0
0,0,0,0,0,0,0,0,0,0,0,0,0,0,0,0,0,0,0,0,0,0,0,0,0,0,0,0,0,0.000315893816192989,1.85434008363578e-05,0.000192133262433738,0.000318563283741349,0.000267447359172727,0.000391506217072707,0.000243027665468067,0.000530247336823634,8.08946597962224e-05,0.000140012169512228,0.000460454987293724,0.000597643542703337,0.00159041209403402,0.000465661470965958,0.000139204815753147,0,0,0.000120883197729643,0.000129304223152318,0,0,0,0,0,0,0,0,0,0,0,0,0,0,0,0,0,0,0,0,0,0,0,0,0,0,0,0,0,0,0,0,0,0,0,0,0,0,0,0,0,0,0,0,0,0,0,0,0,0,0,0
0,0,0,0,0,0,0,0,0,0,0,0,0,0,0,0,0,0,0,0,0,0,0,0,0,0,0,0,0,0.000157557205400656,0.000376090046629294,0.000277266688308231,0.000367300940630657,0.00117563978470937,0.000639555193019275,0.000234721612436836,0.000620899306104636,0.000158987053953652,0.000468186881170922,0.000391372897145292,0,0.000249325394268853,0.000170413255490126,0,0,0,0,0,0,0,0,0,0,0,0,0,0,0,0,0,0,0,0,0,0,0,0,0,0,0,0,0,0,0,0,0,0,0,0,0,0,0,0,0,0,0,0,0,0,0,0,0,0,0,0,0,0,0,0,0
0,0,0,0,0,0,0,0,0,0,0,0,0,0,0,0,0,0,0,0,0,0,0,0,0,0,0,0,0,3.15733186427116e-05,9.59374368795695e-05,0.000203069241737478,0.000422846410485066,9.13910224072026e-05,0.000174151124867218,0,9.86099560236234e-06,1.11116113740969e-06,0.00026867657999767,0.000227393321088851,0,0.000487568195480824,0.000226022250061023,0,0,0,0,0,0,0,0,0,0,0,0,0,0,0,0,0,0,0,0,0,0,0,0,0,0,0,0,0,0,0,0,0,0,0,0,0,0,0,0,0,0,0,0,0,0,0,0,0,0,0,0,0,0,0,0,0
0,0,0,0,0,0,0,0,0,0,0,0,0,0,0,0,0,0,0,0,0,0,0,0,0,0,0,0,0,0,0,0.00013571825594989,0.000153942051565813,0,0,0,0,0,0,0,0,0.000153146258541577,0.000258039433435711,0,0,0,0,0,0,0,0,0,0,0,0,0,0,0,0,0,0,0,0,0,0,0,0,0,0,0,0,0,0,0,0,0,0,0,0,0,0,0,0,0,0,0,0,0,0,0,0,0,0,0,0,0,0,0,0,0
0,0,0,0,0,0,0,0,0,0,0,0,0,0,0,0,0,0,0,0,0,0,0,0,0,0,0,0,0,0,0,0,0,0,0,0,0,0,0,0,0,0,0,0,0,0,0,0,0,0,0,0,0,0,0,0,0,0,0,0,0,0,0,0,0,0,0,0,0,0,0,0,0,0,0,0,0,0,0,0,0,0,0,0,0,0,0,0,0,0,0,0,0,0,0,0,0,0,0,0
0,0,0,0,0,0,0,0,0,0,0,0,0,0,0,0,0,0,0,0,0,0,0,0,0,0,0,0,0,0,0,0,0,0,0,0,0,0,0,0,0,0,0,0,0,0,0,0,0,0,0,0,0,0,0,0,0,0,0,0,0,0,0,0,0,0,0,0,0,0,0,0,0,0,0,0,0,0,0,0,0,0,0,0,0,0,0,0,0,0,0,0,0,0,0,0,0,0,0,0
0,0,0,0,0,0,0,0,0,0,0,0,0,0,0,0,0,0,0,0,0,0,0,0,0,0,0,0,0,0,0,0,0,0,0,0,0,0,0,0,0,0,0,0,0,0,0,0,0,0,0,0,0,0,0,0,0,0,0,0,0,0,0,0,0,0,0,0,0,0,0,0,0,0,0,0,0,0,0,0,0,0,0,0,0,0,0,0,0,0,0,0,0,0,0,0,0,0,0,0
0,0,0,0,0,0,0,0,0,0,0,0,0,0,0,0,0,0,0,0,0,0,0,0,0,0,0,0,0,0,0,0,0,0,0,0,0,0,0,0,0,0,0,0,0,0,0,0,0,0,0,0,0,0,0,0,0,0,0,0,0,0,0,0,0,0,0,0,0,0,0,0,0,0,0,0,0,0,0,0,0,0,0,0,0,0,0,0,0,0,0,0,0,0,0,0,0,0,0,0
0,0,0,0,0,0,0,0,0,0,0,0,0,0,0,0,0,0,0,0,0,0,0,0,0,0,0,0,0,0,0,0,0,0,0,0,0,0,0,0,0,0,0,0,0,0,0,0,0,0,0,0,0,0,0,0,0,0,0,0,0,0,0,0,0,0,0,0,0,0,0,0,0,0,0,0,0,0,0,0,0,0,0,0,0,0,0,0,0,0,0,0,0,0,0,0,0,0,0,0
0,0,0,0,0,0,0,0,0,0,0,0,0,0,0,0,0,0,0,0,0,0,0,0,0,0,0,0,0,0,0,0,0,0,0,0,0,0,0,0,0,0,0,0,0,0,0,0,0,0,0,0,0,0,0,0,0,0,0,0,0,0,0,0,0,0,0,0,0,0,0,0,0,0,0,0,0,0,0,0,0,0,0,0,0,0,0,0,0,0,0,0,0,0,0,0,0,0,0,0
0,0,0,0,0,0,0,0,0,0,0,0,0,0,0,0,0,0,0,0,0,0,0,0,0,0,0,0,0,0,0,0,0,0,0,0,0,0,0,0,0,0,0,0,0,0,0,0,0,0,0,0,0,0,0,0,0,0,0,0,0,0,0,0,0,0,0,0,0,0,0,0,0,0,0,0,0,0,0,0,0,0,0,0,0,0,0,0,0,0,0,0,0,0,0,0,0,0,0,0
0,0,0,0,0,0,0,0,0,0,0,0,0,0,0,0,0,0,0,0,0,0,0,0,0,0,0,0,0,0,0,0,0,0,0,0,0,0,0,0,0,0,0,0,0,0,0,0,0,0,0,0,0,0,0,0,0,0,0,0,0,0,0,0,0,0,0,0,0,0,0,0,0,0,0,0,0,0,0,0,0,0,0,0,0,0,0,0,0,0,0,0,0,0,0,0,0,0,0,0
0,0,0,0,0,0,0,0,0,0,0,0,0,0,0,0,0,0,0,0,0,0,0,0,0,0,0,0,0,0,0,0,0,0,0,0,0,0,0,0,0,0,0,0,0,0,0,0,0,0,0,0,0,0,0,0,0,0,0,0,0,0,0,0,0,0,0,0,0,0,0,0,0,0,0,0,0,0,0,0,0,0,0,0,0,0,0,0,0,0,0,0,0,0,0,0,0,0,0,0
0,0,0,0,0,0,0,0,0,0,0,0,0,0,0,0,0,0,0,0,0,0,0,0,0,0,0,0,0,0,0,0,0,0,0,0,0,0,0,0,0,0,0,0,0,0,0,0,0,0,0,0,0,0,0,0,0,0,0,0,0,0,0,0,0,0,0,0,0,0,0,0,0,0,0,0,0,0,0,0,0,0,0,0,0,0,0,0,0,0,0,0,0,0,0,0,0,0,0,0
0,0,0,0,0,0,0,0,0,0,0,0,0,0,0,0,0,0,0,0,0,0,0,0,0,0,0,0,0,0,0,0,0,0,0,0,0,0,0,0,0,0,0,0,0,0,0,0,0,0,0,0,0,0,0,0,0,0,0,0,0,0,0,0,0,0,0,0,0,0,0,0,0,0,0,0,0,0,0,0,0,0,0,0,0,0,0,0,0,0,0,0,0,0,0,0,0,0,0,0
0,0,0,0,0,0,0,0,0,0,0,0,0,0,0,0,0,0,0,0,0,0,0,0,0,0,0,0,0,0,0,0,0,0,0,0,0,0,0,0,0,0,0,0,0,0,0,0,0,0,0,0,0,0,0,0,0,0,0,0,0,0,0,0,0,0,0,0,0,0,0,0,0,0,0,0,0,0,0,0,0,0,0,0,0,0,0,0,0,0,0,0,0,0,0,0,0,0,0,0
0,0,0,0,0,0,0,0,0,0,0,0,0,0,0,0,0,0,0,0,0,0,0,0,0,0,0,0,0,0,0,0,0,0,0,0,0,0,0,0,0,0,0,0,0,0,0,0,0,0,0,0,0,0,0,0,0,0,0,0,0,0,0,0,0,0,0,0,0,0,0,0,0,0,0,0,0,0,0,0,0,0,0,0,0,0,0,0,0,0,0,0,0,0,0,0,0,0,0,0
0,0,0,0,0,0,0,0,0,0,0,0,0,0,0,0,0,0,0,0,0,0,0,0,0,0,0,0,0,0,0,0,0,0,0,0,0,0,0,0,0,0,0,0,0,0,0,0,0,0,0,0,0,0,0,0,0,0,0,0,0,0,0,0,0,0,0,0,0,0,0,0,0,0,0,0,0,0,0,0,0,0,0,0,0,0,0,0,0,0,0,0,0,0,0,0,0,0,0,0
0,0,0,0,0,0,0,0,0,0,0,0,0,0,0,0,0,0,0,0,0,0,0,0,0,0,0,0,0,0,0,0,0,0,0,0,0,0,0,0,0,0,0,0,0,0,0,0,0,0,0,0,0,0,0,0,0,0,0,0,0,0,0,0,0,0,0,0,0,0,0,0,0,0,0,0,0,0,0,0,0,0,0,0,0,0,0,0,0,0,0,0,0,0,0,0,0,0,0,0
0,0,0,0,0,0,0,0,0,0,0,0,0,0,0,0,0,0,0,0,0,0,0,0,0,0,0,0,0,0,0,0,0,0,0,0,0,0,0,0,0,0,0,0,0,0,0,0,0,0,0,0,0,0,0,0,0,0,0,0,0,0,0,0,0,0,0,0,0,0,0,0,0,0,0,0,0,0,0,0,0,0,0,0,0,0,0,0,0,0,0,0,0,0,0,0,0,0,0,0
0,0,0,0,0,0,0,0,0,0,0,0,0,0,0,0,0,0,0,0,0,0,0,0,0,0,0,0,0,0,0,0,0,0,0,0,0,0,0,0,0,0,0,0,0,0,0,0,0,0,0,0,0,0,0,0,0,0,0,0,0,0,0,0,0,0,0,0,0,0,0,0,0,0,0,0,0,0,0,0,0,0,0,0,0,0,0,0,0,0,0,0,0,0,0,0,0,0,0,0
0,0,0,0,0,0,0,0,0,0,0,0,0,0,0,0,0,0,0,0,0,0,0,0,0,0,0,0,0,0,0,0,0,0,0,0,0,0,0,0,0,0,0,0,0,0,0,0,0,0,0,0,0,0,0,0,0,0,0,0,0,0,0,0,0,0,0,0,0,0,0,0,0,0,0,0,0,0,0,0,0,0,0,0,0,0,0,0,0,0,0,0,0,0,0,0,0,0,0,0
0,0,0,0,0,0,0,0,0,0,0,0,0,0,0,0,0,0,0,0,0,0,0,0,0,0,0,0,0,0,0,0,0,0,0,0,0,0,0,0,0,0,0,0,0,0,0,0,0,0,0,0,0,0,0,0,0,0,0,0,0,0,0,0,0,0,0,0,0,0,0,0,0,0,0,0,0,0,0,0,0,0,0,0,0,0,0,0,0,0,0,0,0,0,0,0,0,0,0,0
0,0,0,0,0,0,0,0,0,0,0,0,0,0,0,0,0,0,0,0,0,0,0,0,0,0,0,0,0,0,0,0,0,0,0,0,0,0,0,0,0,0,0,0,0,0,0,0,0,0,0,0,0,0,0,0,0,0,0,0,0,0,0,0,0,0,0,0,0,0,0,0,0,0,0,0,0,0,0,0,0,0,0,0,0,0,0,0,0,0,0,0,0,0,0,0,0,0,0,0
0,0,0,0,0,0,0,0,0,0,0,0,0,0,0,0,0,0,0,0,0,0,0,0,0,0,0,0,0,0,0,0,0,0,0,0,0,0,0,0,0,0,0,0,0,0,0,0,0,0,0,0,0,0,0,0,0,0,0,0,0,0,0,0,0,0,0,0,0,0,0,0,0,0,0,0,0,0,0,0,0,0,0,0,0,0,0,0,0,0,0,0,0,0,0,0,0,0,0,0
0,0,0,0,0,0,0,0,0,0,0,0,0,0,0,0,0,0,0,0,0,0,0,0,0,0,0,0,0,0,0,0,0,0,0,0,0,0,0,0,0,0,0,0,0,0,0,0,0,0,0,0,0,0,0,0,0,0,0,0,0,0,0,0,0,0,0,0,0,0,0,0,0,0,0,0,0,0,0,0,0,0,0,0,0,0,0,0,0,0,0,0,0,0,0,0,0,0,0,0
0,0,0,0,0,0,0,0,0,0,0,0,0,0,0,0,0,0,0,0,0,0,0,0,0,0,0,0,0,0,0,0,0,0,0,0,0,0,0,0,0,0,0,0,0,0,0,0,0,0,0,0,0,0,0,0,0,0,0,0,0,0,0,0,0,0,0,0,0,0,0,0,0,0,0,0,0,0,0,0,0,0,0,0,0,0,0,0,0,0,0,0,0,0,0,0,0,0,0,0
0,0,0,0,0,0,0,0,0,0,0,0,0,0,0,0,0,0,0,0,0,0,0,0,0,0,0,0,0,0,0,0,0,0,0,0,0,0,0,0,0,0,0,0,0,0,0,0,0,0,0,0,0,0,0,0,0,0,0,0,0,0,0,0,0,0,0,0,0,0,0,0,0,0,0,0,0,0,0,0,0,0,0,0,0,0,0,0,0,0,0,0,0,0,0,0,0,0,0,0
0,0,0,0,0,0,0,0,0,0,0,0,0,0,0,0,0,0,0,0,0,0,0,0,0,0,0,0,0,0,0,0,0,0,0,0,0,0,0,0,0,0,0,0,0,0,0,0,0,0,0,0,0,0,0,0,0,0,0,0,0,0,0,0,0,0,0,0,0,0,0,0,0,0,0,0,0,0,0,0,0,0,0,0,0,0,0,0,0,0,0,0,0,0,0,0,0,0,0,0
0,0,0,0,0,0,0,0,0,0,0,0,0,0,0,0,0,0,0,0,0,0,0,0,0,0,0,0,0,0,0,0,0,0,0,0,0,0,0,0,0,0,0,0,0,0,0,0,0,0,0,0,0,0,0,0,0,0,0,0,0,0,0,0,0,0,0,0,0,0,0,0,0,0,0,0,0,0,0,0,0,0,0,0,0,0,0,0,0,0,0,0,0,0,0,0,0,0,0,0
0,0,0,0,0,0,0,0,0,0,0,0,0,0,0,0,0,0,0,0,0,0,0,0,0,0,0,0,0,0,0,0,0,0,0,0,0,0,0,0,0,0,0,0,0,0,0,0,0,0,0,0,0,0,0,0,0,0,0,0,0,0,0,0,0,0,0,0,0,0,0,0,0,0,0,0,0,0,0,0,0,0,0,0,0,0,0,0,0,0,0,0,0,0,0,0,0,0,0,0
0,0,0,0,0,0,0,0,0,0,0,0,0,0,0,0,0,0,0,0,0,0,0,0,0,0,0,0,0,0,0,0,0,0,0,0,0,0,0,0,0,0,0,0,0,0,0,0,0,0,0,0,0,0,0,0,0,0,0,0,0,0,0,0,0,0,0,0,0,0,0,0,0,0,0,0,0,0,0,0,0,0,0,0,0,0,0,0,0,0,0,0,0,0,0,0,0,0,0,0
0,0,0,0,0,0,0,0,0,0,0,0,0,0,0,0,0,0,0,0,0,0,0,0,0,0,0,0,0,0,0,0,0,0,0,0,0,0,0,0,0,0,0,0,0,0,0,0,0,0,0,0,0,0,0,0,0,0,0,0,0,0,0,0,0,0,0,0,0,0,0,0,0,0,0,0,0,0,0,0,0,0,0,0,0,0,0,0,0,0,0,0,0,0,0,0,0,0,0,0
0,0,0,0,0,0,0,0,0,0,0,0,0,0,0,0,0,0,0,0,0,0,0,0,0,0,0,0,0,0,0,0,0,0,0,0,0,0,0,0,0,0,0,0,0,0,0,0,0,0,0,0,0,0,0,0,0,0,0,0,0,0,0,0,0,0,0,0,0,0,0,0,0,0,0,0,0,0,0,0,0,0,0,0,0,0,0,0,0,0,0,0,0,0,0,0,0,0,0,0
0,0,0,0,0,0,0,0,0,0,0,0,0,0,0,0,0,0,0,0,0,0,0,0,0,0,0,0,0,0,0,0,0,0,0,0,0,0,0,0,0,0,0,0,0,0,0,0,0,0,0,0,0,0,0,0,0,0,0,0,0,0,0,0,0,0,0,0,0,0,0,0,0,0,0,0,0,0,0,0,0,0,0,0,0,0,0,0,0,0,0,0,0,0,0,0,0,0,0,0
0,0,0,0,0,0,0,0,0,0,0,0,0,0,0,0,0,0,0,0,0,0,0,0,0,0,0,0,0,0,0,0,0,0,0,0,0,0,0,0,0,0,0,0,0,0,0,0,0,0,0,0,0,0,0,0,0,0,0,0,0,0,0,0,0,0,0,0,0,0,0,0,0,0,0,0,0,0,0,0,0,0,0,0,0,0,0,0,0,0,0,0,0,0,0,0,0,0,0,0
0,0,0,0,0,0,0,0,0,0,0,0,0,0,0,0,0,0,0,0,0,0,0,0,0,0,0,0,0,0,0,0,0,0,0,0,0,0,0,0,0,0,0,0,0,0,0,0,0,0,0,0,0,0,0,0,0,0,0,0,0,0,0,0,0,0,0,0,0,0,0,0,0,0,0,0,0,0,0,0,0,0,0,0,0,0,0,0,0,0,0,0,0,0,0,0,0,0,0,0
0,0,0,0,0,0,0,0,0,0,0,0,0,0,0,0,0,0,0,0,0,0,0,0,0,0,0,0,0,0,0,0,0,0,0,0,0,0,0,0,0,0,0,0,0,0,0,0,0,0,0,0,0,0,0,0,0,0,0,0,0,0,0,0,0,0,0,0,0,0,0,0,0,0,0,0,0,0,0,0,0,0,0,0,0,0,0,0,0,0,0,0,0,0,0,0,0,0,0,0
0,0,0,0,0,0,0,0,0,0,0,0,0,0,0,0,0,0,0,0,0,0,0,0,0,0,0,0,0,0,0,0,0,0,0,0,0,0,0,0,0,0,0,0,0,0,0,0,0,0,0,0,0,0,0,0,0,0,0,0,0,0,0,0,0,0,0,0,0,0,0,0,0,0,0,0,0,0,0,0,0,0,0,0,0,0,0,0,0,0,0,0,0,0,0,0,0,0,0,0
0,0,0,0,0,0,0,0,0,0,0,0,0,0,0,0,0,0,0,0,0,0,0,0,0,0,0,0,0,0,0,0,0,0,0,0,0,0,0,0,0,0,0,0,0,0,0,0,0,0,0,0,0,0,0,0,0,0,0,0,0,0,0,0,0,0,0,0,0,0,0,0,0,0,0,0,0,0,0,0,0,0,0,0,0,0,0,0,0,0,0,0,0,0,0,0,0,0,0,0
0,0,0,0,0,0,0,0,0,0,0,0,0,0,0,0,0,0,0,0,0,0,0,0,0,0,0,0,0,0,0,0,0,0,0,0,0,0,0,0,0,0,0,0,0,0,0,0,0,0,0,0,0,0,0,0,0,0,0,0,0,0,0,0,0,0,0,0,0,0,0,0,0,0,0,0,0,0,0,0,0,0,0,0,0,0,0,0,0,0,0,0,0,0,0,0,0,0,0,0
0,0,0,0,0,0,0,0,0,0,0,0,0,0,0,0,0,0,0,0,0,0,0,0,0,0,0,0,0,0,0,0,0,0,0,0,0,0,0,0,0,0,0,0,0,0,0,0,0,0,0,0,0,0,0,0,0,0,0,0,0,0,0,0,0,0,0,0,0,0,0,0,0,0,0,0,0,0,0,0,0,0,0,0,0,0,0,0,0,0,0,0,0,0,0,0,0,0,0,0
0,0,0,0,0,0,0,0,0,0,0,0,0,0,0,0,0,0,0,0,0,0,0,0,0,0,0,0,0,0,0,0,0,0,0,0,0,0,0,0,0,0,0,0,0,0,0,0,0,0,0,0,0,0,0,0,0,0,0,0,0,0,0,0,0,0,0,0,0,0,0,0,0,0,0,0,0,0,0,0,0,0,0,0,0,0,0,0,0,0,0,0,0,0,0,0,0,0,0,0
0,0,0,0,0,0,0,0,0,0,0,0,0,0,0,0,0,0,0,0,0,0,0,0,0,0,0,0,0,0,0,0,0,0,0,0,0,0,0,0,0,0,0,0,0,0,0,0,0,0,0,0,0,0,0,0,0,0,0,0,0,0,0,0,0,0,0,0,0,0,0,0,0,0,0,0,0,0,0,0,0,0,0,0,0,0,0,0,0,0,0,0,0,0,0,0,0,0,0,0
0,0,0,0,0,0,0,0,0,0,0,0,0,0,0,0,0,0,0,0,0,0,0,0,0,0,0,0,0,0,0,0,0,0,0,0,0,0,0,0,0,0,0,0,0,0,0,0,0,0,0,0,0,0,0,0,0,0,0,0,0,0,0,0,0,0,0,0,0,0,0,0,0,0,0,0,0,0,0,0,0,0,0,0,0,0,0,0,0,0,0,0,0,0,0,0,0,0,0,0
0,0,0,0,0,0,0,0,0,0,0,0,0,0,0,0,0,0,0,0,0,0,0,0,0,0,0,0,0,0,0,0,0,0,0,0,0,0,0,0,0,0,0,0,0,0,0,0,0,0,0,0,0,0,0,0,0,0,0,0,0,0,0,0,0,0,0,0,0,0,0,0,0,0,0,0,0,0,0,0,0,0,0,0,0,0,0,0,0,0,0,0,0,0,0,0,0,0,0,0
0,0,0,0,0,0,0,0,0,0,0,0,0,0,0,0,0,0,0,0,0,0,0,0,0,0,0,0,0,0,0,0,0,0,0,0,0,0,0,0,0,0,0,0,0,0,0,0,0,0,0,0,0,0,0,0,0,0,0,0,0,0,0,0,0,0,0,0,0,0,0,0,0,0,0,0,0,0,0,0,0,0,0,0,0,0,0,0,0,0,0,0,0,0,0,0,0,0,0,0
0,0,0,0,0,0,0,0,0,0,0,0,0,0,0,0,0,0,0,0,0,0,0,0,0,0,0,0,0,0,0,0,0,0,0,0,0,0,0,0,0,0,0,0,0,0,0,0,0,0,0,0,0,0,0,0,0,0,0,0,0,0,0,0,0,0,0,0,0,0,0,0,0,0,0,0,0,0,0,0,0,0,0,0,0,0,0,0,0,0,0,0,0,0,0,0,0,0,0,0
0,0,0,0,0,0,0,0,0,0,0,0,0,0,0,0,0,0,0,0,0,0,0,0,0,0,0,0,0,0,0,0,0,0,0,0,0,0,0,0,0,0,0,0,0,0,0,0,0,0,0,0,0,0,0,0,0,0,0,0,0,0,0,0,0,0,0,0,0,0,0,0,0,0,0,0,0,0,0,0,0,0,0,0,0,0,0,0,0,0,0,0,0,0,0,0,0,0,0,0
0,0,0,0,0,0,0,0,0,0,0,0,0,0,0,0,0,0,0,0,0,0,0,0,0,0,0,0,0,0,0,0,0,0,0,0,0,0,0,0,0,0,0,0,0,0,0,0,0,0,0,0,0,0,0,0,0,0,0,0,0,0,0,0,0,0,0,0,0,0,0,0,0,0,0,0,0,0,0,0,0,0,0,0,0,0,0,0,0,0,0,0,0,0,0,0,0,0,0,0
0,0,0,0,0,0,0,0,0,0,0,0,0,0,0,0,0,0,0,0,0,0,0,0,0,0,0,0,0,0,0,0,0,0,0,0,0,0,0,0,0,0,0,0,0,0,0,0,0,0,0,0,0,0,0,0,0,0,0,0,0,0,0,0,0,0,0,0,0,0,0,0,0,0,0,0,0,0,0,0,0,0,0,0,0,0,0,0,0,0,0,0,0,0,0,0,0,0,0,0
0,0,0,0,0,0,0,0,0,0,0,0,0,0,0,0,0,0,0,0,0,0,0,0,0,0,0,0,0,0,0,0,0,0,0,0,0,0,0,0,0,0,0,0,0,0,0,0,0,0,0,0,0,0,0,0,0,0,0,0,0,0,0,0,0,0,0,0,0,0,0,0,0,0,0,0,0,0,0,0,0,0,0,0,0,0,0,0,0,0,0,0,0,0,0,0,0,0,0,0
