0,0,0,0,0,0,0,0,0,0,0,0,0,0,0,0,0,0,0,0,0,0,0,0,0,0,0,0,0,0,0,0,0,0,0,0,0,0,0,0,0,0,0,0,0,0,0,0,0,0,0,0,0,0,0,0,0,0,0,0,0,0,0,0,0,0,0,0,0,0,0,0,0,0,0,0,0,0,0,0,0,0,0,0,0,0,0,0,0,0,0,0,0,0,0,0,0,0,0,0
0,0,0,0,0,0,0,0,0,0,0,0,0,0,0,0,0,0,0,0,0,0,0,0,0,0,0,0,0,0,0,0,0,0,0,0,0,0,0,0,0,0,0,0,0,0,0,0,0,0,0,0,0,0,0,0,0,0,0,0,0,0,0,0,0,0,0,0,0,0,0,0,0,0,0,0,0,0,0,0,0,0,0,0,0,0,0,0,0,0,0,0,0,0,0,0,0,0,0,0
0,0,0,0,0,0,0,0,0,0,0,0,0,0,0,0,0,0,0,0,0,0,0,0,0,0,0,0,0,0,0,0,0,0,0,0,0,0,0,0,0,0,0,0,0,0,0,0,0,0,0,0,0,0,0,0,0,0,0,0,0,0,0,0,0,0,0,0,0,0,0,0,0,0,0,0,0,0,0,0,0,0,0,0,0,0,0,0,0,0,0,0,0,0,0,0,0,0,0,0
0,0,0,0,0,0,0,0,0,0,0,0,0,0,0,0,0,0,0,0,0,0,0,0,0,0,0,0,0,0,0,0,0,0,0,0,0,0,0,0,0,0,0,0,0,0,0,0,0,0,0,0,0,0,0,0,0,0,0,0,0,0,0,0,0,0,0,0,0,0,0,0,0,0,0,0,0,0,0,0,0,0,0,0,0,0,0,0,0,0,0,0,0,0,0,0,0,0,0,0
0,0,0,0,0,0,0,0,0,0,0,0,0,0,0,0,0,0,0,0,0,0,0,0,0,0,0,0,0,0,0,0,0,0,0,0,0,0,0,0,0,0,0,0,0,0,0,0,0,0,0,0,0,0,0,0,0,0,0,0,0,0,0,0,0,0,0,0,0,0,0,0,0,0,0,0,0,0,0,0,0,0,0,0,0,0,0,0,0,0,0,0,0,0,0,0,0,0,0,0
0,0,0,0,0,0,0,0,0,0,0,0,0,0,0,0,0,0,0,0,0,0,0,0,0,0,0,0,0,0,0,0,0,0,0,0,0,0,0,0,0,0,0,0,0,0,0,0,0,0,0,0,0,0,0,0,0,0,0,0,0,0,0,0,0,0,0,0,0,0,0,0,0,0,0,0,0,0,0,0,0,0,0,0,0,0,0,0,0,0,0,0,0,0,0,0,0,0,0,0
0,0,0,0,0,0,0,0,0,0,0,0,0,0,0,0,0,0,0,0,0,0,0,0,0,0,0,0,0,0,0,0,0,0,0,0,0,0,0,0,0,0,0,0,0,0,0,0,0,0,0,0,0,0,0,0,0,0,0,0,0,0,0,0,0,0,0,0,0,0,0,0,0,0,0,0,0,0,0,0,0,0,0,0,0,0,0,0,0,0,0,0,0,0,0,0,0,0,0,0
0,0,0,0,0,0,0,0,0,0,0,0,0,0,0,0,0,0,0,0,0,0,0,0,0,0,0,0,0,0,0,0,0,0,0,0,0,0,0,0,0,0,0,0,0,0,0,0,0,0,0,0,0,0,0,0,0,0,0,0,0,0,0,0,0,0,0,0,0,0,0,0,0,0,0,0,0,0,0,0,0,0,0,0,0,0,0,0,0,0,0,0,0,0,0,0,0,0,0,0
0,0,0,0,0,0,0,0,0,0,0,0,0,0,0,0,0,0,0,0,0,0,0,0,0,0,0,0,0,0,0,0,0,0,0,0,0,0,0,0,0,0,0,0,0,0,0,0,0,0,0,0,0,0,0,0,0,0,0,0,0,0,0,0,0,0,0,0,0,0,0,0,0,0,0,0,0,0,0,0,0,0,0,0,0,0,0,0,0,0,0,0,0,0,0,0,0,0,0,0
0,0,0,0,0,0,0,0,0,0,0,0,0,0,0,0,0,0,0,0,0,0,0,0,0,0,0,0,0,0,0,0,0,0,0,0,0,0,0,0,0,0,0,0,0,0,0,0,0,0,0,0,0,0,0,0,0,0,0,0,0,0,0,0,0,0,0,0,0,0,0,0,0,0,0,0,0,0,0,0,0,0,0,0,0,0,0,0,0,0,0,0,0,0,0,0,0,0,0,0
0,0,0,0,0,0,0,0,0,0,0,0,0,0,0,0,0,0,0,0,0,0,0,0,0,0,0,0,0,0,0,0,0,0,0,0,0,0,0,0,0,0,0,0,0,0,0,0,0,0,0,0,0,0,0,0,0,0,0,0,0,0,0,0,0,0,0,0,0,0,0,0,0,0,0,0,0,0,0,0,0,0,0,0,0,0,0,0,0,0,0,0,0,0,0,0,0,0,0,0
0,0,0,0,0,0,0,0,0,0,0,0,0,0,0,0,0,0,0,0,0,0,0,0,0,0,0,0,0,0,0,0,0,0,0,0,0,0,0,0,0,0,0,0,0,0,0,0,0,0,0,0,0,0,0,0,0,0,0,0,0,0,0,0,0,0,0,0,0,0,0,0,0,0,0,0,0,0,0,0,0,0,0,0,0,0,0,0,0,0,0,0,0,0,0,0,0,0,0,0
0,0,0,0,0,0,0,0,0,0,0,0,0,0,0,0,0,0,0,0,0,0,0,0,0,0,0,0,0,0,0,0,0,0,0,0,0,0,0,0,0,0,0,0,0,0,0,0,0,0,0,0,0,0,0,0,0,0,0,0,0,0,0,0,0,0,0,0,0,0,0,0,0,0,0,0,0,0,0,0,0,0,0,0,0,0,0,0,0,0,0,0,0,0,0,0,0,0,0,0
0,0,0,0,0,0,0,0,0,0,0,0,0,0,0,0,0,0,0,0,0,0,0,0,0,0,0,0,0,0,0,0,0,0,0,0,0,0,0,0,0,0,0,0,0,0,0,0,0,0,0,0,0,0,0,0,0,0,0,0,0,0,0,0,0,0,0,0,0,0,0,0,0,0,0,0,0,0,0,0,0,0,0,0,0,0,0,0,0,0,0,0,0,0,0,0,0,0,0,0
0,0,0,0,0,0,0,0,0,0,0,0,0,0,0,0,0,0,0,0,0,0,0,0,0,0,0,0,0,0,0,0,0,0,0,0,0,0,0,0,0,0,0,0,0,0,0,0,0,0,0,0,0,0,0,0,0,0,0,0,0,0,0,0,0,0,0,0,0,0,0,0,0,0,0,0,0,0,0,0,0,0,0,0,0,0,0,0,0,0,0,0,0,0,0,0,0,0,0,0
0,0,0,0,0,0,0,0,0,0,0,0,0,0,0,0,0,0,0,0,0,0,0,0,0,0,0,0,0,0,0,0,0,0,0,0,0,0,0,0,0,0,0,0,0,0,0,0,0,0,0,0,0,0,0,0,0,0,0,0,0,0,0,0,0,0,0,0,0,0,0,0,0,0,0,0,0,0,0,0,0,0,0,0,0,0,0,0,0,0,0,0,0,0,0,0,0,0,0,0
0,0,0,0,0,0,0,0,0,0,0,0,0,0,0,0,0,0,0,0,0,0,0,0,0,0,0,0,0,0,0,0,0,0,0,0,0,0,0,0,0,0,0,0,0,0,0,0,0,0,0,0,0,0,0,0,0,0,0,0,0,0,0,0,0,0,0,0,0,0,0,0,0,0,0,0,0,0,0,0,0,0,0,0,0,0,0,0,0,0,0,0,0,0,0,0,0,0,0,0
0,0,0,0,0,0,0,0,0,0,0,0,0,0,0,0,0,0,0,0,0,0,0,0,0,0,0,0,0,0,0,0,0,0,0,0,0,0,0,0,0,0,0,0,0,0,0,0,0,0,0,0,0,0,0,0,0,0,0,0,0,0,0,0,0,0,0,0,0,0,0,0,0,0,0,0,0,0,0,0,0,0,0,0,0,0,0,0,0,0,0,0,0,0,0,0,0,0,0,0
0,0,0,0,0,0,0,0,0,0,0,0,0,0,0,0,0,0,0,0,0,0,0,0,0,0,0,0,0,0,0,0,0,0,0,0,0,0,0,0,0,0,0,0,0,0,0,0,0,0,0,0,0,0,0,0,0,0,0,0,0,0,0,0,0,0,0,0,0,0,0,0,0,0,0,0,0,0,0,0,0,0,0,0,0,0,0,0,0,0,0,0,0,0,0,0,0,0,0,0
0,0,0,0,0,0,0,0,0,0,0,0,0,0,0,0,0,0,0,0,0,0,0,0,0,0,0,0,0,0,0,0,0,0,0,0,0,0,0,0,0,0,0,0,0,0,0,0,0,0,0,0,0,0,0,0,0,0,0,0,0,0,0,0,0,0,0,0,0,0,0,0,0,0,0,0,0,0,0,0,0,0,0,0,0,0,0,0,0,0,0,0,0,0,0,0,0,0,0,0
0,0,0,0,0,0,0,0,0,0,0,0,0,0,0,0,0,0,0,0,0,0,0,0,0,0,0,0,0,0,0,0,0,0,0,0,0,0,0,0,0,0,0,0,0,0,0,0,0,0,0,0,0,0,0,0,0,0,0,0,0,0,0,0,0,0,0,0,0,0,0,0,0,0,0,0,0,0,0,0,0,0,0,0,0,0,0,0,0,0,0,0,0,0,0,0,0,0,0,0
0,0,0,0,0,0,0,0,0,0,0,0,0,0,0,0,0,0,0,0,0,0,0,0,0,0,0,0,0,0,0,0,0,0,0,0,0,0,0,0,0,0,0,0,0,0,0,0,0,0,0,0,0,0,0,0,0,0,0,0,0,0,0,0,0,0,0,0,0,0,0,0,0,0,0,0,0,0,0,0,0,0,0,0,0,0,0,0,0,0,0,0,0,0,0,0,0,0,0,0
0,0,0,0,0,0,0,0,0,0,0,0,0,0,0,0,0,0,0,0,0,0,0,0,0,0,0,0,0,0,0,0,0,0,0,0,0,0,0,0,0,0,0,0,0,0,0,0,0,0,0,0,0,0,0,0,0,0,0,0,0,0,0,0,0,0,0,0,0,0,0,0,0,0,0,0,0,0,0,0,0,0,0,0,0,0,0,0,0,0,0,0,0,0,0,0,0,0,0,0
0,0,0,0,0,0,0,0,0,0,0,0,0,0,0,0,0,0,0,0,0,0,0,0,0,0,0,0,0,0,0,0,0,0,0,0,0,0,0,0,0,0,0,0,0,0,0,0,0,0,0,0,0,0,0,0,0,0,0,0,0,0,0,0,0,0,0,0,0,0,0,0,0,0,0,0,0,0,0,0,0,0,0,0,0,0,0,0,0,0,0,0,0,0,0,0,0,0,0,0
0,0,0,0,0,0,0,0,0,0,0,0,0,0,0,0,0,0,0,0,0,0,0,0,0,0,0,0,0,0,0,0,0,0,0,0,0,0,0,0,0,0,0,0,0,0,0,0,0,0,0,0,0,0,0,0,0,0,0,0,0,0,0,0,0,0,0,0,0,0,0,0,0,0,0,0,0,0,0,0,0,0,0,0,0,0,0,0,0,0,0,0,0,0,0,0,0,0,0,0
0,0,0,0,0,0,0,0,0,0,0,0,0,0,0,0,0,0,0,0,0,0,0,0,0,0,0,0,0,0,0,0,0,0,0,0,0,0,0,0,0,0,0,0,0,0,0,0,0,0,0,0,0,0,0,0,0,0,0,0,0,0,0,0,0,0,0,0,0,0,0,0,0,0,0,0,0,0,0,0,0,0,0,0,0,0,0,0,0,0,0,0,0,0,0,0,0,0,0,0
0,0,0,0,0,0,0,0,0,0,0,0,0,0,0,0,0,0,0,0,0,0,0,0,0,0,0,0,0,0,0,0,0,0,0,0,0,0,0,0,0,0,0,0,0,0,0,0,0,0,0,0,0,0,0,0,0,0,0,0,0,0,0,0,0,0,0,0,0,0,0,0,0,0,0,0,0,0,0,0,0,0,0,0,0,0,0,0,0,0,0,0,0,0,0,0,0,0,0,0
0,0,0,0,0,0,0,0,0,0,0,0,0,0,0,0,0,0,0,0,0,0,0,0,0,0,0,0,0,0,0,0,0,0,0,0,0,0,0,0,0,0,0,0,0,0,0,0,0,0,0,0,0,0,0,0,0,0,0,0,0,0,0,0,0,0,0,0,0,0,0,0,0,0,0,0,0,0,0,0,0,0,0,0,0,0,0,0,0,0,0,0,0,0,0,0,0,0,0,0
0,0,0,0,0,0,0,0,0,0,0,0,0,0,0,0,0,0,0,0,0,0,0,0,0,0,0,0,0,0,0,0,0,0,0,0,0,0,0,0,0,0,0,0,0,0,0,0,0,0,0,0,0,0,0,0,0,0,0,0,0,0,0,0,0,0,0,0,0,0,0,0,0,0,0,0,0,0,0,0,0,0,0,0,0,0,0,0,0,0,0,0,0,0,0,0,0,0,0,0
0,0,0,0,0,0,0,0,0,0,0,0,0,0,0,0,0,0,0,0,0,0,0,0,0,0,0,0,0,0,0,0,0,0,0,0,0,0,0,0,0,0,0,0,0,0,0,0,0,0,0,0,0,0,0,0,0,0,0,0,0,0,0,0,0,0,0,0,0,0,0,0,0,0,0,0,0,0,0,0,0,0,0,0,0,0,0,0,0,0,0,0,0,0,0,0,0,0,0,0
0,0,0,0,0,0,0,0,0,0,0,0,0,0,0,0,0,0,0,0,0,0,0,0,0,0,0,0,0,0,0,0,0,0,0,0,0,0,0,0,0,0,0,0,0,0,0,0,0,0,0,0,0,0,0,0,0,0,0,0,0,0,0,0,0,0,0,0,0,0,0,0,0,0,0,0,0,0,0,0,0,0,0,0,0,0,0,0,0,0,0,0,0,0,0,0,0,0,0,0
0,0,0,0,0,0,0,0,0,0,0,0,0,0,0,0,0,0,0,0,0,0,0,0,0,0,0,0,0,0,0,0,0,0,0,0,0,0,0,0,0,0,0,0,0,0,0,0,0,0,0,0,0,0,0,0,0,0,0,0,0,0,0,0,0,0,0,0,0,0,0,0,0,0,0,0,0,0,0,0,0,0,0,0,0,0,0,0,0,0,0,0,0,0,0,0,0,0,0,0
0,0,0,0,0,0,0,0,0,0,0,0,0,0,0,0,0,0,0,0,0,0,0,0,0,0,0,0,0,0,0,0,0,0,0,0,0,0,0,0,0,0,0,0,0,0,0,0,0,0,0,0,0,0,0,0,0,0,0,0,0,0,0,0,0,0,0,0,0,0,0,0,0,0,0,0,0,0,0,0,0,0,0,0,0,0,0,0,0,0,0,0,0,0,0,0,0,0,0,0
0,0,0,0,0,0,0,0,0,0,0,0,0,0,0,0,0,0,0,0,0,0,0,0,0,0,0,0,0,0,0,0,0,0,0,0,0,0,0,0,0,0,0,0,0,0,0,0,0,0,0,0,0,0,0,0,0,0,0,0,0,0,0,0,0,0,0,0,0,0,0,0,0,0,0,0,0,0,0,0,0,0,0,0,0,0,0,0,0,0,0,0,0,0,0,0,0,0,0,0
0,0,0,0,0,0,0,0,0,0,0,0,0,0,0,0,0,0,0,0,0,0,0,0,0,0,0,0,0,0,0,0,0,0,0,0,0,0,0,0,0,0,0,0,0,0,0,0,0,0,0,0,0,0,0,0,0,0,0,0,0,0,0,0,0,0,0,0,0,0,0,0,0,0,0,0,0,0,0,0,0,0,0,0,0,0,0,0,0,0,0,0,0,0,0,0,0,0,0,0
0,0,0,0,0,0,0,0,0,0,0,0,0,0,0,0,0,0,0,0,0,0,0,0,0,0,0,0,0,0,0,0,0,0,0,0,0,0,0,0,0,0,0,0,0,0,0,0,0,0,0,0,0,0,0,0,0,0,0,0,0,0,0,0,0,0,0,0,0,0,0,0,0,0,0,0,0,0,0,0,0,0,0,0,0,0,0,0,0,0,0,0,0,0,0,0,0,0,0,0
0,0,0,0,0,0,0,0,0,0,0,0,0,0,0,0,0,0,0,0,0,0,0,0,0,0,0,0,0,0,0,0,0,0,0,0,0,0,0,0,0,0,0,0,0,0,0,0,0,0,0,0,0,0,0,0,0,0,0,0,0,0,0,0,0,0,0,0,0,0,0,0,0,0,0,0,0,0,0,0,0,0,0,0,0,0,0,0,0,0,0,0,0,0,0,0,0,0,0,0
0,0,0,0,0,0,0,0,0,0,0,0,0,0,0,0,0,0,0,0,0,0,0,0,0,0,0,0,0,0,0,0,0,0,0,0,0,0,0,0,0,0,0,0,0,0,0,0,0,0,0,0,0,0,0,0,0,0,0,0,0,0,0,0,0,0,0,0,0,0,0,0,0,0,0,0,0,0,0,0,0,0,0,0,0,0,0,0,0,0,0,0,0,0,0,0,0,0,0,0
0,0,0,0,0,0,0,0,0,0,0,0,0,0,0,0,0,0,0,0,0,0,0,0,0,0,0,0,0,0,0,0,0,0,0,0,0,0,0,0,0,0,0,0,0,0,0,0,0,0,0,0,0,0,0,0,0,0,0,0,0,0,0,0,0,0,0,0,0,0,0,0,0,0,0,0,0,0,0,0,0,0,0,0,0,0,0,0,0,0,0,0,0,0,0,0,0,0,0,0
0,0,0,0,0,0,0,0,0,0,0,0,0,0,0,0,0,0,0,0,0,0,0,0,0,0,0,0,0,0,0,0,0,0,0,0,0,0,0,0,0,0,0,0,0,0,0,0,0,0,0,0,0,0,0,0,0,0,0,0,0,0,0,0,0,0,0,0,0,0,0,0,0,0,0,0,0,0,0,0,0,0,0,0,0,0,0,0,0,0,0,0,0,0,0,0,0,0,0,0
0,0,0,0,0,0,0,0,0,0,0,0,0,0,0,0,0,0,0,0,0,0,0,0,0,0,0,0,0,0,0,0,0,0,0,0,0,0,0,0,0,0,0,0,0,0,0,0,0,0,0,0,0,0,0,0,0,0,0,0,0,0,0,0,0,0,0,0,0,0,0,0,0,0,0,0,0,0,0,0,0,0,0,0,0,0,0,0,0,0,0,0,0,0,0,0,0,0,0,0
0,0,0,0,0,0,0,0,0,0,0,0,0,0,0,0,0,0,0,0,0,0,0,0,0,0,0,0,0,0,0,0,0,0,0,0,0,0,0,0,0,0,0,0,0,0,0,0,0,0,0,0,0,0,0,0,0,0,0,0,0,0,0,0,0,0,0,0,0,0,0,0,0,0,0,0,0,0,0,0,0,0,0,0,0,0,0,0,0,0,0,0,0,0,0,0,0,0,0,0
0,0,0,0,0,0,0,0,0,0,0,0,0,0,0,0,0,0,0,0,0,0,0,0,0,0,0,0,0,0,0,0,0,0,0,0,0,0,0,0,0,0,0,0,0,0,0,0,0,0,0,0,0,0,0,0,0,0,0,0,0,0,0,0,0,0,0,0,0,0,0,0,0,0,0,0,0,0,0,0,0,0,0,0,0,0,0,0,0,0,0,0,0,0,0,0,0,0,0,0
0,0,0,0,0,0,0,0,0,0,0,0,0,0,0,0,0,0,0,0,0,0,0,0,0,0,0,0,0,0,0,0,0,0,0,0,0,0,0,0,0,0,0,0,0,0,0,0,0,0,0,0,0,0,0,0,0,0,0,0,0,0,0,0,0,0,0,0,0,0,0,0,0,0,0,0,0,0,0,0,0,0,0,0,0,0,0,0,0,0,0,0,0,0,0,0,0,0,0,0
0,0,0,0,0,0,0,0,0,0,0,0,0,0,0,0,0,0,0,0,0,0,0,0,0,0,0,0,0,0,0,0,0,0,0,0,0,0,0,0,0,0,0,0,0,0,0,0,0,0,0,0,0,0,0,0,0,0,0,0,0,0,0,0,0,0,0,0,0,0,0,0,0,0,0,0,0,0,0,0,0,0,0,0,0,0,0,0,0,0,0,0,0,0,0,0,0,0,0,0
0,0,0,0,0,0,0,0,0,0,0,0,0,0,0,0,0,0,0,0,0,0,0,0,0,0,0,0,0,0,0,0,0,0,0,0,0,0,0,0,0,0,0,0,0,0,0,0,0,0,0,0,0,0,0,0,0,0,0,0,0,0,0,0,0,0,0,0,0,0,0,0,0,0,0,0,0,0,0,0,0,0,0,0,0,0,0,0,0,0,0,0,0,0,0,0,0,0,0,0
0,0,0,0,0,0,0,0,0,0,0,0,0,0,0,0,0,0,0,0,0,0,0,0,0,0,0,0,0,0,0,0,0,0,0,0,0,0,0,0,0,0,0,0,0,0,0,0,0,0,0,0,0,0,0,0,0,0,0,0,0,0,0,0,0,0,0,0,0,0,0,0,0,0,0,0,0,0,0,0,0,0,0,0,0,0,0,0,0,0,0,0,0,0,0,0,0,0,0,0
0,0,0,0,0,0,0,0,0,0,0,0,0,0,0,0,0,0,0,0,0,0,0,0,0,0,0,0,0,0,0,0,0,0,0,0,4.9876935468937e-06,5.71716473627578e-06,0,0,0,0,0,0,0,0,0,0,0,0,0,0,0,0,0,0,0,0,0,0,0,0,0,0,0,0,0,0,0,0,0,0,0,0,0,0,0,0,0,0,0,0,0,0,0,0,0,0,0,0,0,0,0,0,0,0,0,0,0,0
0,0,0,0,0,0,0,0,0,0,0,0,0,0,0,0,0,0,0,0,0,0,0,0,0,0,0,0,0,0,0,0.000211372652931264,0.000274382368162477,0,0,0,0.000227976322181157,0.000359572169404463,0.000236287646789557,0,0,0,1.18774175388795e-05,3.42469743922719e-05,0,0,6.5235637926049e-05,4.80924413090221e-05,0,0,0,0,0,0,0,0,0,0,0,0,0,0,0,0,0,0,0,0,0,0,0,0,0,0,0,0,0,0,0,0,0,0,0,0,0,0,0,0,0,0,0,0,0,0,0,0,0,0,0,0
0,0,0,0,0,0,0,0,0,0,0,0,0,0,0,0,0,0,0,0,0,0,0,0,0,0,0,0,0,0,0,0.000101544240289851,4.19385264039708e-05,3.20330129504323e-05,0.000312506293724716,0.000579425415808501,0.000177336057897022,0.000581582524410664,0.000827471651635712,1.18613765341066e-05,0.000186999910765759,0.000216809253023166,0.000139275330410523,0.000385064403838513,0,0,0.000222581990177988,0.000164089930586941,0,0,0,0,0,0,0,0,0,0,0,0,0,0,0,0,0,0,0,0,0,0,0,0,0,0,0,0,0,0,0,0,0,0,0,0,0,0,0,0,0,0,0,0,0,0,0,0,0,0,0,0
0,0,0,0,0,0,0,0,0,0,0,0,0,0,0,0,0,0,0,0,0,0,0,0,0,0,0,0,4.04529417927532e-05,1.3935703267074e-05,2.07638411080795e-05,0.000526085449477676,0.000274057043639565,9.08361789579839e-05,0.000474725862868653,0.00119811046756846,0.000590720076963983,0.000721954510614861,0.000809163943983822,0.000392123223875412,0.000278027978486357,0.000217505919639126,0.000226499207707499,0.00054036602968227,0.000150182788575721,0,0,0,0,0,0,0,0,0,0,0,0,0,0,0,0,0,0,0,0,0,0,0,0,0,0,0,0,0,0,0,0,0,0,0,0,0,0,0,0,0,0,0,0,0,0,0,0,0,0,0,0,0,0,0
0,0,0,0,0,0,0,0,0,0,0,0,0,0,0,0,0,0,0,0,0,0,0,0,0,0,0,0,0.000331434809301755,0.000114176545638418,0.000393818170263355,0.00087530392365689,0.000196727297222289,0.000214838506413693,0.000427409049890066,0.000262331284768964,0.000325842011850355,0.000547633206069602,0.000495851316919887,0.000720419069947882,0.000909353947354452,0.000593528075090409,0.000236068462095981,0.000566533250502906,0.000193840598033858,0,0,0,0,0,0,0,0,0,0,0,0,0,0,0,0,0,0,0,0,0,0,0,0,0,0,0,0,0,0,0,0,0,0,0,0,0,0,0,0,0,0,0,0,0,0,0,0,0,0,0,0,0,0,0
0,0,0,0,0,0,0,0,0,0,0,0,0,0,0,0,0,0,0,0,0,0,0,0,0,0,0,0,0,8.72607898263158e-05,0.000795727677898568,0.00104552305780422,0.000699692983494992,0.00102466988783182,0.000683108173904795,0.00113715856084816,0.00076022256557044,0.000574563688982321,0.000543131714821478,0.000443860535485625,0.000995712642003072,0.000762258268199677,0.000437572961603276,0.00073202523795603,0.000163901970845065,9.10878149875488e-05,0.000250721701023494,0.000224013771997054,0,0,0,0,0,0,0,0,0,0,0,0,0,0,0,0,0,0,0,0,0,0,0,0,0,0,0,0,0,0,0,0,0,0,0,0,0,0,0,0,0,0,0,0,0,0,0,0,0,0,0,0
0,0,0,0,0,0,0,0,0,0,0,0,0,0,0,0,0,0,0,0,0,0,0,0,0,0,1.92437337402565e-05,0.000110054337102143,0.000389479107002245,0.000838199209069066,0.000861435057596682,0.0012674616526453,0.00130236993158005,0.00106576051101495,0.00212016771676417,0.00201868804525442,0.000817391608450749,0.000413562368608228,0.000751389368526062,0.000713908737052759,0.000365344652001092,0.000577707970846274,0.000611193395311155,0.000401664392057117,0.000836707314888438,0.000103021255043245,0.000262664203653189,0.000491321003536704,0.000514217063343554,4.90618290721986e-05,0,3.04255839612469e-07,8.60815468648439e-08,0,0,0,0,0,0,0,0,0,0,0,0,0,0,0,0,0,0,0,0,0,0,0,0,0,0,0,0,0,0,0,0,0,0,0,0,0,0,0,0,0,0,0,0,0,0,0
0,0,0,0,0,0,0,0,0,0,0,0,0,0,0,0,0,0,0,0,0,0,0,0,0,0,0.000202238701471305,0.000962373994523231,0.000503684474232496,0.00085605815185817,0.00104761753574742,0.000788455775590614,0.000823856581483922,0.000758922981167849,0.000918144116554582,0.00105772175172631,0.000957841815416178,0.000364276961596081,0.000244185307848793,0.000612990997751446,0.000697080001949311,0.000345636728998428,0.000293485871132202,0.000562226855038038,0.00136874931183361,0.000560537356981025,0.000351516110550497,0.000326225364920618,0.000177221939233018,0.000115762177961486,0.000144627605147545,0.000401207195075261,0.000110179485942975,0,0,0,0,0,0,0,0,0,0,0,0,0,0,0,0,0,0,0,0,0,0,0,0,0,0,0,0,0,0,0,0,0,0,0,0,0,0,0,0,0,0,0,0,0,0,0
0,0,0,0,0,0,0,0,0,0,0,0,0,0,0,0,0,0,0,0,0,0,0,0,0,0,0.000272243066122551,0.00031431236237809,0.000955085077121419,0.00119323648366784,0.00153412410550619,0.00097818055808206,0.00124958904778899,0.000550814554951196,3.23005393457541e-05,0.000222730355159721,0.00063794295745228,0.00080038633688023,0.000368859568480942,5.7150056656305e-05,6.61891875823341e-05,0.000168550481862349,0.00118422385343608,0.000461954807586408,0.000532124331359051,0.000842141614141378,0.000459033209007775,0.000277946720484323,0.00026825270525928,0.000808165008100596,0.000975080921180426,8.6922420978394e-05,0,0,0,0,0,0,0,0,0,0,0,0,0,0,0,0,0,0,0,0,0,0,0,0,0,0,0,0,0,0,0,0,0,0,0,0,0,0,0,0,0,0,0,0,0,0,0,0
0,0,0,0,0,0,0,0,0,0,0,0,0,0,0,0,0,0,0,0,0,0,0,0,0.000329871001779158,0.000345416005692953,0.00112189029380193,0.00150320944545203,0.00145935285048299,0.00117294623320534,0.00218309375353302,0.000946368474836235,0.000375222987560926,0.00063813814992311,0.000308921000446225,0.000104816929818741,0.000698479076384658,0.000739646720503782,0.0011243997740269,0.000315454823321142,0.000594934022666533,3.6245875327383e-05,0.000242976486528026,0.000103143318488757,0.000493262817804483,0.000579268568947227,0.000394871810060019,0.000127518725890361,6.12469866590623e-05,0.000495044987141244,7.7771916756944e-05,0,0,2.18173595247645e-06,1.50187071930784e-05,0,0,0,0,0,0,0,0,0,0,0,0,0,0,0,0,0,0,0,0,0,0,0,0,0,0,0,0,0,0,0,0,0,0,0,0,0,0,0,0,0,0,0,0,0
0,0,0,0,0,0,0,0,0,0,0,0,0,0,0,0,0,0,0,0,0,0,0,0,0.000140695275586136,0.000471004456998527,0.00152488972416894,0.00173688572833122,0.00175761375543603,0.000540178353947134,0.000477981432543541,0.000768824129505928,0.000317062029878241,0.000948067303109196,0.00101203921869811,0.000390355794873134,0.000681294589975384,0.000168096022966315,0.000674498315836133,0.00102700080417607,8.72291818960864e-05,0,0,0.000182610923329487,0.000343493475111107,0.000126561051919758,0.000835700373822934,0.00040143908800243,0.000845568822312267,0.00113935989636605,0.000554456517381511,7.57813463615605e-06,6.63525547870884e-05,0.000389036502668271,0.000421560370043072,0,0,0,0,0,0,0,0,0,0,0,0,0,0,0,0,0,0,0,0,0,0,0,0,0,0,0,0,0,0,0,0,0,0,0,0,0,0,0,0,0,0,0,0,0
0,0,0,0,0,0,0,0,0,0,0,0,0,0,0,0,0,0,0,0,0,0,0.000274192059897682,0.000288911604341334,0.000719998232174682,0.000611746952167829,0.00142605826302123,0.00159446802363173,0.000543916712484144,0.000788931564084227,0.000747893527577654,0.00194985978790865,0.000155964368377275,0.00070097641486026,0.000788093821222749,0.000178018980207822,0.000333736581772722,0.000556516408546356,8.94696768396873e-05,0.000681124919132639,0.000154604527126841,0,0,0.000311557915367669,0.000431629691136216,0.000237139019105979,0.000484733961956816,0.000200556481163404,0.000511720964571396,0.000653311483007989,0.000790431052814497,0.000764726437960153,5.89824575548999e-05,0.000578119288705232,0,0,0,0,0,0,0,0,0,0,0,0,0,0,0,0,0,0,0,0,0,0,0,0,0,0,0,0,0,0,0,0,0,0,0,0,0,0,0,0,0,0,0,0,0,0
0,0,0,0,0,0,0,0,0,0,0,0,0,0,0,0,0,0,0,0,0,0,0.000363525388088305,0.000454042154308531,0.00203324912234386,0.0014237781267826,0.00172616970069359,0.000888827507882779,0.000828474470506994,0.000164027394516454,6.27998645594254e-05,0.000365960479958947,0.00070001848976385,0.000861609391822066,0.00013349863309557,0.000114771831981602,0.000614736889889793,0.000415185207837138,0.000855936081046587,0.00117904224945668,0.000736729473855908,0.000267876498382526,0.000185933519599358,0.00014585962719603,0.000520850974027097,4.98348940145948e-05,0.000422065827415856,0.000569944654797904,0.00035369236122681,0.000490577671804322,0.000139985667498701,0.000356980600088142,2.9502258546682e-05,0,0,0,0,0,0,0,0,0,0,0,0,0,0,0,0,0,0,0,0,0,0,0,0,0,0,0,0,0,0,0,0,0,0,0,0,0,0,0,0,0,0,0,0,0,0,0
0,0,0,0,0,0,0,0,0,0,0,0,0,0,0,0,0,0,0,0,0,0,0.000120419852522111,7.94039204188561e-05,0.000685372886715622,0.00142845619454384,0.00162388166404519,0.000468908426968221,0.000685044740574093,0.000249740830252336,9.07646376445454e-05,0.000615018712299225,0.00138306052914756,0.000317873225800533,0.000563872941921749,0.000134839253910849,0.000782251702328359,0.00112847753152489,0.00090792804990971,0.000712182748163603,0.000183802139837826,0.000330915912943443,0.000189652734405225,0.000459991051160265,9.35811636467685e-05,0.000188511666780379,0.000407928429658434,0.000377929496963444,0.0006225225758552,0.000119367301717683,0.000137140025094634,0.000237038958059117,0.000159252801353236,4.88764326386615e-05,0,0,0,0,0,0,0,0,0,0,0,0,0,0,0,0,0,0,0,0,0,0,0,0,0,0,0,0,0,0,0,0,0,0,0,0,0,0,0,0,0,0,0,0,0,0
0,0,0,0,0,0,0,0,0,0,0,0,0,0,0,0,0,0,0,0,0,0,0.000259957425976646,0.000679942441202616,0.000828124550784,0.00245563655320712,0.00166142437688858,0.000462783441950068,0.00152731887120821,0.000737092632300341,0.00102295487065643,0.000778648555095387,0.000505904657105951,6.17710998603885e-05,0.000523650973674045,0.000621051257059023,0.00132830607134032,0.000573817220415367,0.000813690398820103,0.000311962714482564,0.000486401555928373,0.000443509463215465,0.00042607763951454,0.000453954099778165,0.00119160720728414,0.000683938925204576,7.27436829080227e-05,0.000222671639318035,0.000531956910577247,0.000221634880620624,0.000336736102944754,0.000515819438006752,0.000914065713454565,0.000201233764669661,0,7.00776160115481e-05,0.000129869144544984,0,0,0,0,0,0,0,0,0,0,0,0,0,0,0,0,0,0,0,0,0,0,0,0,0,0,0,0,0,0,0,0,0,0,0,0,0,0,0,0,0,0,0
0,0,0,0,0,0,0,0,0,0,0,0,0,0,0,0,0,0,0,0,0,0,0.000475524755277569,0.0014145750730183,0.000794488357351371,0.00206220599132286,0.0017742560876721,0.00220450757989698,0.00231804028237812,0.00150739270904809,0.00143578223473798,0.000336800876102959,0,0,2.52974541645915e-05,8.03639581141936e-05,0.000270175572289734,0.000135128764762394,0.000629073603865197,0.000811608988143717,0.000812092629820902,0.00072838391599135,0.000620157670218134,0.000539688589164519,0.00103133684540534,0.0012864603225173,0.00047427738303237,0.000188984940200637,0.000642891396386285,0.000455875792658211,0.000649881684847534,0.000308825130830254,0.000754586736151239,0.000420007418580095,7.99885607518122e-06,0.000137047436177304,0.000194890166842472,0,0,0,0,0,0,0,0,0,0,0,0,0,0,0,0,0,0,0,0,0,0,0,0,0,0,0,0,0,0,0,0,0,0,0,0,0,0,0,0,0,0,0
0,0,0,0,0,0,0,0,0,0,0,0,0,0,0,0,0,0,0,0,0,0,9.776765631619e-05,0.00140456770418672,0.00198430002237522,0.00251660202387813,0.00311278695917146,0.0016706476406199,0.00150844132209265,0.000489764858698893,0.00115925833010199,0.000767460507520397,0.000400366129031887,0.000346575280003064,0.000155747230682995,0.000291653491387194,0.000438627825559621,0.000559655016983098,0.00113931411934023,0.000244575752347653,0.000239599519986076,0.000618144364420013,0.000144222052823616,0.000304902600756771,0.000537892041171536,0.000759533913046288,0.000361599520312493,4.30004106938032e-05,0.000410390458308443,0.000379513101629178,0.000265697067539247,1.53291592473957e-06,0.000724862989242607,0.000413578891931053,0.000305226620398104,0.000381383120092284,0,0,0,0,0,0,0,0,0,0,0,0,0,0,0,0,0,0,0,0,0,0,0,0,0,0,0,0,0,0,0,0,0,0,0,0,0,0,0,0,0,0,0,0
0,0,0,0,0,0,0,0,0,0,0,0,0,0,0,0,0,0,0,0,0,0,0.000294022304644814,0.00138688620396867,0.00132962849889179,0.00225849480095397,0.0021972022600867,0.00169290520183212,0.00078529289335737,0.000993071428331931,0.00156662868418423,0.000696526278475359,0.000237522872047617,0.000545782528263444,0.00108583146902844,0.000798933262811288,0.00041561977011528,0.000125363599474142,0.000603874139025461,0.000127639942001827,0.00038244795205213,0.000375633251175987,0.000534627498347735,0.00016455921393166,0.000316080930629416,0.000162899371036183,0.000306207924155947,4.0074473122884e-05,0.000412382555031531,0.000575445800454744,0.000251209144885424,0.000104470255462893,5.56557752088552e-05,0.000212955196022062,0.000378874510688595,0.000148680649174212,0,0,0,0,0,0,0,0,0,0,0,0,0,0,0,0,0,0,0,0,0,0,0,0,0,0,0,0,0,0,0,0,0,0,0,0,0,0,0,0,0,0,0,0
0,0,0,0,0,0,0,0,0,0,0,0,0,0,0,0,0,0,0,0,0,0.000269019001052118,0.000221665058133389,0.0014698728883415,0.0016522778760677,0.00200408935591665,0.00234502000306714,0.00120605733017263,0.0015643369686246,0.000542592323963282,0.0009370198160293,0.000327612416175365,0.000517568964828419,0.00097905675722839,0.000401274602415346,0.000362439417290794,0.000441162658718619,0.00013772105067786,0.00028368044076033,0,0,2.00993743568102e-05,0.000416184548077168,0.000104257510428551,0.000388103312425044,0.000959996590475357,0.00012998051391715,0.000659592287783406,0.000733532260502187,0.000212092900195754,0,0.000221742337906928,0.000118131631421324,0.000339784853478402,0.000359822521655501,0.000395380223622083,0.000166477632828133,0,0,0,0,0,0,0,0,0,0,0,0,0,0,0,0,0,0,0,0,0,0,0,0,0,0,0,0,0,0,0,0,0,0,0,0,0,0,0,0,0,0,0
0,0,0,0,0,0,0,0,0,0,0,0,0,0,0,0,0,0,0,0,0,0.000135714683864134,0.000292962168331338,0.0016869919585965,0.00489898776902604,0.00221462831454021,0.00157494096196716,0.00225223262322793,0.00236521671037385,0.00081589334323037,0.00142421087816559,0.00155351578728862,0.00101213103960919,0.00110664101757144,0.00054358699316644,0.000911153827889439,0.000893158723853155,3.77159416271883e-05,0.000212528875771357,0.000158725831164088,0.000533097719737686,2.44991143248849e-06,0.000203990659262747,0.000412249698848544,0.000242570021207747,0.000362877681146827,0.000447259462872108,0.000708291658442596,0.000409037170497719,0.000283109026785263,0.00016470911123741,0.000450219337229396,5.46118135413126e-05,0.000926181796063182,0.000342341233576548,0.000162503305715074,4.45879716774064e-05,0,0,0,0,0,0,0,0,0,0,0,0,0,0,0,0,0,0,0,0,0,0,0,0,0,0,0,0,0,0,0,0,0,0,0,0,0,0,0,0,0,0,0
0,0,0,0,0,0,0,0,0,0,0,0,0,0,0,0,0,0,0,0,0,5.87358149257912e-05,0.000670152978536902,0.000691871000226554,0.00274456517211223,0.00272479042805034,0.0029079377880329,0.00178562700767937,0.00203131363631565,0.00147023321840746,0.00210665779516018,0.00191160108293728,0.000326406924280586,0.000999280141014979,0.000817436077482402,0.000550715258120615,0.000820388810690219,0.000252336271141685,0.000339220940996194,6.74633256649453e-05,0.000393456524635714,0.000455661578496481,0.000456184828313849,0.000480148346996978,0.000309919904056235,0,0.000226736637602235,0.000614652440756885,0.000677737142161113,0.000607923238564674,0.000214559797774574,0.000336534750509944,0.00017228244846793,0.000399229360484877,3.50915350190268e-05,0.000418629235108885,9.31041885187085e-06,0,0,0,0,0,0,0,0,0,0,0,0,0,0,0,0,0,0,0,0,0,0,0,0,0,0,0,0,0,0,0,0,0,0,0,0,0,0,0,0,0,0,0
0,0,0,0,0,0,0,0,0,0,0,0,0,0,0,0,0,0,0,0,0,0.00040825694026744,0.00084503227109914,0.0010843134483336,0.00261465046587403,0.00549320185423054,0.00373047295026776,0.00100009444688282,0.00247292890797329,0.00314043375485087,0.00205589933863876,0.00166947979451423,0.000898898014548275,0.00135357371709228,0.000540840053603477,0.000567173684022321,0.00130042091067471,0.000756190899661457,0.000494441827077751,0,0.000188593110376349,0.000639557411347013,0.000632518787097897,0.000457310132695849,0.000127130553349854,3.2997249087881e-05,0.000332319881251382,0.000356607510202089,9.60247246578459e-05,0.000121878296923946,0.000448555015848108,0.000855911646782197,6.37563844373565e-05,0.000557904386515822,0.0001785409782858,5.7088486449069e-05,0,0,0,0,0,0,0,0,0,0,0,0,0,0,0,0,0,0,0,0,0,0,0,0,0,0,0,0,0,0,0,0,0,0,0,0,0,0,0,0,0,0,0,0
0,0,0,0,0,0,0,0,0,0,0,0,0,0,0,0,0,0,0,0,0,0.000123959432991298,0.000885452349572977,0.00278201832243709,0.00308374158669901,0.00304363578742954,0.00294760046182647,0.0028504171897688,0.00123418515548937,0.00193423683053948,0.00148884005404188,0.00112271068282023,0.00117815491852278,0.00176895482644968,0.000893783637256693,0.000236509122106185,0.000723276411647856,0.000622201146636177,0.0001635057184695,0.000441282007570437,0.000696680291105893,0.000560922919640285,0.000459805022031118,0.000487591178039342,0.00126353394091648,0.000106245748334873,0.000414928952922413,0.000352595152306891,0.000307476285035562,0.000476565203236742,0.000895067831198903,0.00042093980453999,0.000265668024088179,0.00196167297129965,0.000568768219402751,0.000134977083775101,0,0,0,0,0,0,0,0,0,0,0,0,0,0,0,0,0,0,0,0,0,0,0,0,0,0,0,0,0,0,0,0,0,0,0,0,0,0,0,0,0,0,0,0
0,0,0,0,0,0,0,0,0,0,0,0,0,0,0,0,0,0,0,0,0,0.000493512513754078,0.00138039102282102,0.00205718257635602,0.00333198501948871,0.00191072067786638,0.00402760515331263,0.00439141728812806,0.00226618558832631,0.00215695345548351,0.00260976730451667,0.00259031856868582,0.00257490680197602,0.00328489788569819,0.00197764641986044,0.000657846801721374,0.000930157629772344,0.00176929796391441,0.000542284232164168,0.000662307410150585,0.000810161571351438,0.000548519048432553,0.000331677881765245,0.0007833092354168,0.000642383613234628,0.000372203751890605,0.000554675200791717,0.00144283656614315,0.00049661253230523,0.000172206433351183,0.000451367056359534,0.000201843589310057,0.000452108160256955,0.000516902158977311,0.000262857581551651,0,0,0,0,0,0,0,0,0,0,0,0,0,0,0,0,0,0,0,0,0,0,0,0,0,0,0,0,0,0,0,0,0,0,0,0,0,0,0,0,0,0,0,0,0
0,0,0,0,0,0,0,0,0,0,0,0,0,0,0,0,0,0,0,0,0,0.000435201457022834,0.000407064594289772,0.00277877203440016,0.00311470574254669,0.00299274763687119,0.00399415935553608,0.00483646617906834,0.00376024366535192,0.00252255631281841,0.00215581819755246,0.00296030555557496,0.00376723001208855,0.00364290786514666,0.00181721816261223,0.00122199824578169,0.00142802403945492,0.000453295864077683,0.000600222812571453,0.000717181144636946,0.000144459804633828,0.00105895684159837,0.000390864305546711,0.000344117520733308,0.000157033807563823,0.000332938801517768,0.000379815337826457,0.000505540761294092,0.00049295550237484,0.000425264207446626,0.000700047281174323,0.000335679648031481,0.000955055207286471,0.00090109540956204,0.000428795532413748,0.000447055467531333,5.78173088683497e-05,0,0,0,0,0,0,0,0,0,0,0,0,0,0,0,0,0,0,0,0,0,0,0,0,0,0,0,0,0,0,0,0,0,0,0,0,0,0,0,0,0,0,0
0,0,0,0,0,0,0,0,0,0,0,0,0,0,0,0,0,0,0,0,1.3722843330802e-06,0.000212923449290075,0.000537402275937103,0.00172313195872042,0.00220854132619726,0.00423941558555157,0.00543126312823778,0.00243698094175247,0.0039847089937277,0.00241375939027696,0.00301074217453572,0.00383916332186637,0.00248781773339728,0.00311307184512899,0.00265318576797798,0.00148937528455983,0.00114142666926778,0,0.000252565686176078,0.000856725202175254,0.000503336532782966,0.00165158270027655,0.000430186526643241,0.000344308155326666,0.000745640625131057,0.000451065904562987,0.000165737568615144,0.000269097588005048,0.000165630613785033,0.000719098769638913,0.00159887279825431,0.000582888383600203,0.00100023360365927,0.00068757036166656,0.000296528557239086,0.000233171591837808,3.6631542109676e-05,0,0,0,0,0,0,0,0,0,0,0,0,0,0,0,0,0,0,0,0,0,0,0,0,0,0,0,0,0,0,0,0,0,0,0,0,0,0,0,0,0,0,0
0,0,0,0,0,0,0,0,0,0,0,0,0,0,0,0,0,0,0,0,1.12654603182184e-05,0.000434441452942638,0,0.000587392042538668,0.00188679938810321,0.0032497513147953,0.00451171391500825,0.00469839572685787,0.00461847777784869,0.00245288470661536,0.00314242714396516,0.00483001146709526,0.00300651647655232,0.00158468482773576,0.0027863395475234,0.00184694738822567,0.0015395277279324,0.00150420548483886,0.000300417077027967,0.000526223456119122,0.00157482114503423,0.00126895220936583,0.000449400748455242,0.00105907832665864,0.00168983339081277,0.000963512903414735,0.000709492781148272,0.000278675740321381,0.000629440958633388,0.000865958673933696,0.000371311028402355,0.000351533590396283,0.0005512847221978,0.000164746482452041,0,0,0,0,0,0,0,0,0,0,0,0,0,0,0,0,0,0,0,0,0,0,0,0,0,0,0,0,0,0,0,0,0,0,0,0,0,0,0,0,0,0,0,0,0,0
0,0,0,0,0,0,0,0,0,0,0,0,0,0,0,0,0,0,0,0,0,0,0.000333633682067175,0.000174160281929366,0.00102259013778112,0.0032119159465578,0.00451718576349191,0.00398622406891002,0.00394287187728131,0.00333727433384326,0.00394567492336578,0.0026645126120936,0.00262408008795719,0.00104842209640153,0.00196604359825729,0.00149952303370648,0.00164126176788052,0.00157615228179556,0.0010154298540539,0.000205730776852878,0.000410706181926082,0.000365914715110892,0.000695719365079627,0.00150255794294443,0.00104944716004624,0.00119505332843766,0.000862156952676563,0.000414765590205627,0.00203079772034533,0.00148137174411469,0.000658020649486161,0.000731611951200014,0.000321132374667072,3.82598415525179e-05,0,0,0,0,0,0,0,0,0,0,0,0,0,0,0,0,0,0,0,0,0,0,0,0,0,0,0,0,0,0,0,0,0,0,0,0,0,0,0,0,0,0,0,0,0,0
0,0,0,0,0,0,0,0,0,0,0,0,0,0,0,0,0,0,0,0,0,0,0.000587931334970472,0.000231133808617372,0.00115587958008491,0.0014559826228402,0.00392919541708055,0.00481636660443246,0.00380204505594497,0.00255457507386948,0.00343331926830407,0.00346705962618345,0.00301105839755972,0.00172177193062732,0.00259819251957759,0.00180537997356541,0.00102998825628655,0.00114545068954263,0.00121112310276308,0.000934813832735958,0.000703342621518542,0.000307364074232651,0.000370227645614938,0.000598253986523926,0.000699929615826108,0.000562453505372125,0.000271861555296407,0.000444708240324485,0.00132502993165024,0.00102338790533976,0.000864123189772578,0.000139946965483991,0.000125639091400044,1.49686923803665e-05,0,0,0,0,0,0,0,0,0,0,0,0,0,0,0,0,0,0,0,0,0,0,0,0,0,0,0,0,0,0,0,0,0,0,0,0,0,0,0,0,0,0,0,0,0,0
0,0,0,0,0,0,0,0,0,0,0,0,0,0,0,0,0,0,0,0,0,0,0.000393029671089929,0.000345458195130664,0.000472483270518689,0.00137082843375208,0.00337114490043109,0.00297089764675355,0.0026186701406183,0.00345001056762803,0.00320886667965681,0.00308565378576707,0.00284849106552728,0.00236857808063233,0.00238912915836003,0.00150416317799659,0.00122407698299612,0.000561492005425598,0.000815739974884234,0.000789768701020676,0.000450102549375278,0.000499360330763865,0.0013493884920444,0.000590576686619545,0.000538048740977053,0.00035338574928602,0.000118999420231232,0.000360809167843326,0.00148076270226378,0.0015751825368162,0.000835308014124922,0.000449595961222148,0.000185133335450791,0.000383126423411521,0.000111891739515398,0,0,0,0,0,0,0,0,0,0,0,0,0,0,0,0,0,0,0,0,0,0,0,0,0,0,0,0,0,0,0,0,0,0,0,0,0,0,0,0,0,0,0,0,0
0,0,0,0,0,0,0,0,0,0,0,0,0,0,0,0,0,0,0,0,0,0,7.74563313308684e-05,0.000191075951927279,0.000353385886073246,0.00151839336952246,0.00123578328604259,0.00276146342677946,0.003871829227095,0.00284934236704076,0.0036969087131808,0.00439774432993641,0.00341161119666879,0.00241176697351747,0.00206289627463418,0.00141495308013941,0.00228523121398669,0.00103883743247803,0.000512809314538904,0.00153124793783395,0.00132200465456804,0.00137725598370024,0.000740611872703629,0.00069148206892766,0.00116869621275511,0.00139774343157758,0.000940249038705264,0.000118552894005184,0.00101809019789973,0.000642140438011544,0.000329813067547578,0.000470656102635281,0.000338194900161602,3.85576441992202e-06,1.12607265315984e-06,0,0,0,0,0,0,0,0,0,0,0,0,0,0,0,0,0,0,0,0,0,0,0,0,0,0,0,0,0,0,0,0,0,0,0,0,0,0,0,0,0,0,0,0,0
0,0,0,0,0,0,0,0,0,0,0,0,0,0,0,0,0,0,0,0,0,0,0,1.60184037904073e-05,0.000185200484863654,0.000512166292145954,0.00086291067122099,0.00268051108982164,0.00348986379093026,0.00379739065194184,0.00421283939849076,0.00648268864413091,0.00422835118524713,0.00274773730219719,0.00263726162856559,0.00241910748419356,0.00166973683743773,0.00164145163364787,0.00168340761809797,0.000532055301814386,0.000979581676349986,0.00157529128401164,0.00199276935185185,0.00156432853564472,0.00165065693817882,0.00152801809725834,0.00131513577097434,0.000641344138429441,0.000830909534831449,0.000179439309282228,0,0,0,0,0,0,0,0,0,0,0,0,0,0,0,0,0,0,0,0,0,0,0,0,0,0,0,0,0,0,0,0,0,0,0,0,0,0,0,0,0,0,0,0,0,0,0,0,0,0
0,0,0,0,0,0,0,0,0,0,0,0,0,0,0,0,0,0,0,0,0,0,0,0,0.000135664585172247,0.000127994720863891,0.000515148298039607,0.00196449507443669,0.00338628465088959,0.00351548587460885,0.00342409206243131,0.00570432440805304,0.00299498042845691,0.00309774006708925,0.00395145736496222,0.00319498848711976,0.00318976980417713,0.00322315159859493,0.00216863099046783,0.00118943996956351,0.00150703485236776,0.00113769872583856,0.00180516398465792,0.00117630848187242,0.000829384741646217,0.00109034582899483,0.000604437483186168,0.000920530777043949,0.000663446276688393,0.000166195639265708,0,0,0.000378548753710314,9.03612006699733e-05,0,0,0,0,0,0,0,0,0,0,0,0,0,0,0,0,0,0,0,0,0,0,0,0,0,0,0,0,0,0,0,0,0,0,0,0,0,0,0,0,0,0,0,0,0,0
0,0,0,0,0,0,0,0,0,0,0,0,0,0,0,0,0,0,0,0,0,0,0,0,0,5.20793675133827e-05,0.000511170348199365,0.00105589734544428,0.000924322899309523,0.00128348104926362,0.0020438860993939,0.00268052564426224,0.00210149216156099,0.00226306080202234,0.00354492430500837,0.00357906853716926,0.00292125907666813,0.0035981439535904,0.00280700766443689,0.00136021527652959,0.00239049002004018,0.00189778884546041,0.00161159796565521,0.00149230906478346,0.00195271085373297,0.000730101774934979,0.000100723398270912,0.000233920785846112,9.60210643455885e-05,2.74215505780981e-05,0,0,2.50988444843175e-05,5.99120113539571e-06,0,0,0,0,0,0,0,0,0,0,0,0,0,0,0,0,0,0,0,0,0,0,0,0,0,0,0,0,0,0,0,0,0,0,0,0,0,0,0,0,0,0,0,0,0,0
0,0,0,0,0,0,0,0,0,0,0,0,0,0,0,0,0,0,0,0,0,0,0,0,0,0.000162844849451387,0.000258534689073341,3.98818985450215e-05,0.000127716693268641,0.000851302452539704,0.00132084886068747,0.00143889423534473,0.00180655074929053,0.00179086651453983,0.00287400535001107,0.00220974461019444,0.000837092910983926,0.00188648706459792,0.00103369806307384,0.00227087002009317,0.00229211314709523,0.00212723973533625,0.00153227168392924,0.000604496098576922,0.000601712678568747,0.000918825135493502,0.000386795275528781,0,0,0,0,0,0,0,0,0,0,0,0,0,0,0,0,0,0,0,0,0,0,0,0,0,0,0,0,0,0,0,0,0,0,0,0,0,0,0,0,0,0,0,0,0,0,0,0,0,0,0,0,0
0,0,0,0,0,0,0,0,0,0,0,0,0,0,0,0,0,0,0,0,0,0,0,0,0,0,0,0.000354605241393087,2.04102565784305e-05,0.000274930028534492,0.00037176965076454,0.000391354846675257,0.000632055687975817,0.000342110847614443,0.000974785415098284,0.000324734508900991,0.000593134742633583,0.000714531023575773,0.000333957078196134,0.00134305325765382,0.0010461768050502,0.000272441638267941,0.00101449827739664,0.000142218364619753,0,0.000261714626319498,0.000115955583962209,0,0,0,0,0,0,0,0,0,0,0,0,0,0,0,0,0,0,0,0,0,0,0,0,0,0,0,0,0,0,0,0,0,0,0,0,0,0,0,0,0,0,0,0,0,0,0,0,0,0,0,0,0
0,0,0,0,0,0,0,0,0,0,0,0,0,0,0,0,0,0,0,0,0,0,0,0,0,0,0,0.000118182207807238,6.80229422124426e-06,0,0,4.91251059083356e-05,0.000528595034582003,0.000291371065839378,0.000278490541245377,0.0013397416379799,0.000240029349892342,0.000173044005657894,5.84107894283885e-05,0.000221376187987643,0.000443187146345037,5.73923130166212e-05,4.19206355022724e-05,1.03358113549916e-05,0,0,0,0,0,0,0,0,0,0,0,0,0,0,0,0,0,0,0,0,0,0,0,0,0,0,0,0,0,0,0,0,0,0,0,0,0,0,0,0,0,0,0,0,0,0,0,0,0,0,0,0,0,0,0,0
0,0,0,0,0,0,0,0,0,0,0,0,0,0,0,0,0,0,0,0,0,0,0,0,0,0,0,0,0,0,0,0.00025501577982945,0.000164223776225028,0,0,0.000221459873502748,6.66277666563997e-05,0,0,0.000242873929834283,7.14787542148824e-05,3.90796057179755e-06,0,0,0,7.56591194595457e-05,6.09973022795872e-05,0,0,0,0,0,0,0,0,0,0,0,0,0,0,0,0,0,0,0,0,0,0,0,0,0,0,0,0,0,0,0,0,0,0,0,0,0,0,0,0,0,0,0,0,0,0,0,0,0,0,0,0,0
0,0,0,0,0,0,0,0,0,0,0,0,0,0,0,0,0,0,0,0,0,0,0,0,0,0,0,0,0,0,0,0,0,0,0,0,0,0,0,0,0,0,0,0,0,0.000201163288505934,0.000162180289754934,0,0,0,0,0,0,0,0,0,0,0,0,0,0,0,0,0,0,0,0,0,0,0,0,0,0,0,0,0,0,0,0,0,0,0,0,0,0,0,0,0,0,0,0,0,0,0,0,0,0,0,0,0
0,0,0,0,0,0,0,0,0,0,0,0,0,0,0,0,0,0,0,0,0,0,0,0,0,0,0,0,0,0,0,0,0,0,0,0,0,0,0,0,0,0,0,0,0,0,0,0,0,0,0,0,0,0,0,0,0,0,0,0,0,0,0,0,0,0,0,0,0,0,0,0,0,0,0,0,0,0,0,0,0,0,0,0,0,0,0,0,0,0,0,0,0,0,0,0,0,0,0,0
0,0,0,0,0,0,0,0,0,0,0,0,0,0,0,0,0,0,0,0,0,0,0,0,0,0,0,0,0,0,0,0,0,0,0,0,0,0,0,0,0,0,0,0,0,0,0,0,0,0,0,0,0,0,0,0,0,0,0,0,0,0,0,0,0,0,0,0,0,0,0,0,0,0,0,0,0,0,0,0,0,0,0,0,0,0,0,0,0,0,0,0,0,0,0,0,0,0,0,0
0,0,0,0,0,0,0,0,0,0,0,0,0,0,0,0,0,0,0,0,0,0,0,0,0,0,0,0,0,0,0,0,0,0,0,0,0,0,0,0,0,0,0,0,0,0,0,0,0,0,0,0,0,0,0,0,0,0,0,0,0,0,0,0,0,0,0,0,0,0,0,0,0,0,0,0,0,0,0,0,0,0,0,0,0,0,0,0,0,0,0,0,0,0,0,0,0,0,0,0
0,0,0,0,0,0,0,0,0,0,0,0,0,0,0,0,0,0,0,0,0,0,0,0,0,0,0,0,0,0,0,0,0,0,0,0,0,0,0,0,0,0,0,0,0,0,0,0,0,0,0,0,0,0,0,0,0,0,0,0,0,0,0,0,0,0,0,0,0,0,0,0,0,0,0,0,0,0,0,0,0,0,0,0,0,0,0,0,0,0,0,0,0,0,0,0,0,0,0,0
0,0,0,0,0,0,0,0,0,0,0,0,0,0,0,0,0,0,0,0,0,0,0,0,0,0,0,0,0,0,0,0,0,0,0,0,0,0,0,0,0,0,0,0,0,0,0,0,0,0,0,0,0,0,0,0,0,0,0,0,0,0,0,0,0,0,0,0,0,0,0,0,0,0,0,0,0,0,0,0,0,0,0,0,0,0,0,0,0,0,0,0,0,0,0,0,0,0,0,0
0,0,0,0,0,0,0,0,0,0,0,0,0,0,0,0,0,0,0,0,0,0,0,0,0,0,0,0,0,0,0,0,0,0,0,0,0,0,0,0,0,0,0,0,0,0,0,0,0,0,0,0,0,0,0,0,0,0,0,0,0,0,0,0,0,0,0,0,0,0,0,0,0,0,0,0,0,0,0,0,0,0,0,0,0,0,0,0,0,0,0,0,0,0,0,0,0,0,0,0
0,0,0,0,0,0,0,0,0,0,0,0,0,0,0,0,0,0,0,0,0,0,0,0,0,0,0,0,0,0,0,0,0,0,0,0,0,0,0,0,0,0,0,0,0,0,0,0,0,0,0,0,0,0,0,0,0,0,0,0,0,0,0,0,0,0,0,0,0,0,0,0,0,0,0,0,0,0,0,0,0,0,0,0,0,0,0,0,0,0,0,0,0,0,0,0,0,0,0,0
0,0,0,0,0,0,0,0,0,0,0,0,0,0,0,0,0,0,0,0,0,0,0,0,0,0,0,0,0,0,0,0,0,0,0,0,0,0,0,0,0,0,0,0,0,0,0,0,0,0,0,0,0,0,0,0,0,0,0,0,0,0,0,0,0,0,0,0,0,0,0,0,0,0,0,0,0,0,0,0,0,0,0,0,0,0,0,0,0,0,0,0,0,0,0,0,0,0,0,0
0,0,0,0,0,0,0,0,0,0,0,0,0,0,0,0,0,0,0,0,0,0,0,0,0,0,0,0,0,0,0,0,0,0,0,0,0,0,0,0,0,0,0,0,0,0,0,0,0,0,0,0,0,0,0,0,0,0,0,0,0,0,0,0,0,0,0,0,0,0,0,0,0,0,0,0,0,0,0,0,0,0,0,0,0,0,0,0,0,0,0,0,0,0,0,0,0,0,0,0
0,0,0,0,0,0,0,0,0,0,0,0,0,0,0,0,0,0,0,0,0,0,0,0,0,0,0,0,0,0,0,0,0,0,0,0,0,0,0,0,0,0,0,0,0,0,0,0,0,0,0,0,0,0,0,0,0,0,0,0,0,0,0,0,0,0,0,0,0,0,0,0,0,0,0,0,0,0,0,0,0,0,0,0,0,0,0,0,0,0,0,0,0,0,0,0,0,0,0,0
0,0,0,0,0,0,0,0,0,0,0,0,0,0,0,0,0,0,0,0,0,0,0,0,0,0,0,0,0,0,0,0,0,0,0,0,0,0,0,0,0,0,0,0,0,0,0,0,0,0,0,0,0,0,0,0,0,0,0,0,0,0,0,0,0,0,0,0,0,0,0,0,0,0,0,0,0,0,0,0,0,0,0,0,0,0,0,0,0,0,0,0,0,0,0,0,0,0,0,0
0,0,0,0,0,0,0,0,0,0,0,0,0,0,0,0,0,0,0,0,0,0,0,0,0,0,0,0,0,0,0,0,0,0,0,0,0,0,0,0,0,0,0,0,0,0,0,0,0,0,0,0,0,0,0,0,0,0,0,0,0,0,0,0,0,0,0,0,0,0,0,0,0,0,0,0,0,0,0,0,0,0,0,0,0,0,0,0,0,0,0,0,0,0,0,0,0,0,0,0
0,0,0,0,0,0,0,0,0,0,0,0,0,0,0,0,0,0,0,0,0,0,0,0,0,0,0,0,0,0,0,0,0,0,0,0,0,0,0,0,0,0,0,0,0,0,0,0,0,0,0,0,0,0,0,0,0,0,0,0,0,0,0,0,0,0,0,0,0,0,0,0,0,0,0,0,0,0,0,0,0,0,0,0,0,0,0,0,0,0,0,0,0,0,0,0,0,0,0,0
0,0,0,0,0,0,0,0,0,0,0,0,0,0,0,0,0,0,0,0,0,0,0,0,0,0,0,0,0,0,0,0,0,0,0,0,0,0,0,0,0,0,0,0,0,0,0,0,0,0,0,0,0,0,0,0,0,0,0,0,0,0,0,0,0,0,0,0,0,0,0,0,0,0,0,0,0,0,0,0,0,0,0,0,0,0,0,0,0,0,0,0,0,0,0,0,0,0,0,0
