0,0,0,0,0,0,0,0,0,0,0,0,0,0,0,0,0,0,0,0,0,0,0,0,0,0,0,0,0,0,0,0,0,0,0,0,0,0,0,0,0,0,0,0,0,0,0,0,0,0,0,0,0,0,0,0,0,0,0,0,0,0,0,0,0,0,0,0,0,0,0,0,0,0,0,0,0,0,0,0,0,0,0,0,0,0,0,0,0,0,0,0,0,0,0,0,0,0,0,0
0,0,0,0,0,0,0,0,0,0,0,0,0,0,0,0,0,0,0,0,0,0,0,0,0,0,0,0,0,0,0,0,0,0,0,0,0,0,0,0,0,0,0,0,0,0,0,0,0,0,0,0,0,0,0,0,0,0,0,0,0,0,0,0,0,0,0,0,0,0,0,0,0,0,0,0,0,0,0,0,0,0,0,0,0,0,0,0,0,0,0,0,0,0,0,0,0,0,0,0
0,0,0,0,0,0,0,0,0,0,0,0,0,0,0,0,0,0,0,0,0,0,0,0,0,0,0,0,0,0,0,0,0,0,0,0,0,0,0,0,0,0,0,0,0,0,0,0,0,0,0,0,0,0,0,0,0,0,0,0,0,0,0,0,0,0,0,0,0,0,0,0,0,0,0,0,0,0,0,0,0,0,0,0,0,0,0,0,0,0,0,0,0,0,0,0,0,0,0,0
0,0,0,0,0,0,0,0,0,0,0,0,0,0,0,0,0,0,0,0,0,0,0,0,0,0,0,0,0,0,0,0,0,0,0,0,0,0,0,0,0,0,0,0,0,0,0,0,0,0,0,0,0,0,0,0,0,0,0,0,0,0,0,0,0,0,0,0,0,0,0,0,0,0,0,0,0,0,0,0,0,0,0,0,0,0,0,0,0,0,0,0,0,0,0,0,0,0,0,0
0,0,0,0,0,0,0,0,0,0,0,0,0,0,0,0,0,0,0,0,0,0,0,0,0,0,0,0,0,0,0,0,0,0,0,0,0,0,0,0,0,0,0,0,0,0,0,0,0,0,0,0,0,0,0,0,0,0,0,0,0,0,0,0,0,0,0,0,0,0,0,0,0,0,0,0,0,0,0,0,0,0,0,0,0,0,0,0,0,0,0,0,0,0,0,0,0,0,0,0
0,0,0,0,0,0,0,0,0,0,0,0,0,0,0,0,0,0,0,0,0,0,0,0,0,0,0,0,0,0,0,0,0,0,0,0,0,0,0,0,0,0,0,0,0,0,0,0,0,0,0,0,0,0,0,0,0,0,0,0,0,0,0,0,0,0,0,0,0,0,0,0,0,0,0,0,0,0,0,0,0,0,0,0,0,0,0,0,0,0,0,0,0,0,0,0,0,0,0,0
0,0,0,0,0,0,0,0,0,0,0,0,0,0,0,0,0,0,0,0,0,0,0,0,0,0,0,0,0,0,0,0,0,0,0,0,0,0,0,0,0,0,0,0,0,0,0,0,0,0,0,0,0,0,0,0,0,0,0,0,0,0,0,0,0,0,0,0,0,0,0,0,0,0,0,0,0,0,0,0,0,0,0,0,0,0,0,0,0,0,0,0,0,0,0,0,0,0,0,0
0,0,0,0,0,0,0,0,0,0,0,0,0,0,0,0,0,0,0,0,0,0,0,0,0,0,0,0,0,0,0,0,0,0,0,0,0,0,0,0,0,0,0,0,0,0,0,0,0,0,0,0,0,0,0,0,0,0,0,0,0,0,0,0,0,0,0,0,0,0,0,0,0,0,0,0,0,0,0,0,0,0,0,0,0,0,0,0,0,0,0,0,0,0,0,0,0,0,0,0
0,0,0,0,0,0,0,0,0,0,0,0,0,0,0,0,0,0,0,0,0,0,0,0,0,0,0,0,0,0,0,0,0,0,0,0,0,0,0,0,0,0,0,0,0,0,0,0,0,0,0,0,0,0,0,0,0,0,0,0,0,0,0,0,0,0,0,0,0,0,0,0,0,0,0,0,0,0,0,0,0,0,0,0,0,0,0,0,0,0,0,0,0,0,0,0,0,0,0,0
0,0,0,0,0,0,0,0,0,0,0,0,0,0,0,0,0,0,0,0,0,0,0,0,0,0,0,0,0,0,0,0,0,0,0,0,0,0,0,0,0,0,0,0,0,0,0,0,0,0,0,0,0,0,0,0,0,0,0,0,0,0,0,0,0,0,0,0,0,0,0,0,0,0,0,0,0,0,0,0,0,0,0,0,0,0,0,0,0,0,0,0,0,0,0,0,0,0,0,0
0,0,0,0,0,0,0,0,0,0,0,0,0,0,0,0,0,0,0,0,0,0,0,0,0,0,0,0,0,0,0,0,0,0,0,0,0,0,0,0,0,0,0,0,0,0,0,0,0,0,0,0,0,0,0,0,0,0,0,0,0,0,0,0,0,0,0,0,0,0,0,0,0,0,0,0,0,0,0,0,0,0,0,0,0,0,0,0,0,0,0,0,0,0,0,0,0,0,0,0
0,0,0,0,0,0,0,0,0,0,0,0,0,0,0,0,0,0,0,0,0,0,0,0,0,0,0,0,0,0,0,0,0,0,0,0,0,0,0,0,0,0,0,0,0,0,0,0,0,0,0,0,0,0,0,0,0,0,0,0,0,0,0,0,0,0,0,0,0,0,0,0,0,0,0,0,0,0,0,0,0,0,0,0,0,0,0,0,0,0,0,0,0,0,0,0,0,0,0,0
0,0,0,0,0,0,0,0,0,0,0,0,0,0,0,0,0,0,0,0,0,0,0,0,0,0,0,0,0,0,0,0,0,0,0,0,0,0,0,0,0,0,0,0,0,0,0,0,0,0,0,0,0,0,0,0,0,0,0,0,0,0,0,0,0,0,0,0,0,0,0,0,0,0,0,0,0,0,0,0,0,0,0,0,0,0,0,0,0,0,0,0,0,0,0,0,0,0,0,0
0,0,0,0,0,0,0,0,0,0,0,0,0,0,0,0,0,0,0,0,0,0,0,0,0,0,0,0,0,0,0,0,0,0,0,0,0,0,0,0,0,0,0,0,0,0,0,0,0,0,0,0,0,0,0,0,0,0,0,0,0,0,0,0,0,0,0,0,0,0,0,0,0,0,0,0,0,0,0,0,0,0,0,0,0,0,0,0,0,0,0,0,0,0,0,0,0,0,0,0
0,0,0,0,0,0,0,0,0,0,0,0,0,0,0,0,0,0,0,0,0,0,0,0,0,0,0,0,0,0,0,0,0,0,0,0,0,0,0,0,0,0,0,0,0,0,0,0,0,0,0,0,0,0,0,0,0,0,0,0,0,0,0,0,0,0,0,0,0,0,0,0,0,0,0,0,0,0,0,0,0,0,0,0,0,0,0,0,0,0,0,0,0,0,0,0,0,0,0,0
0,0,0,0,0,0,0,0,0,0,0,0,0,0,0,0,0,0,0,0,0,0,0,0,0,0,0,0,0,0,0,0,0,0,0,0,0,0,0,0,0,0,0,0,0,0,0,0,0,0,0,0,0,0,0,0,0,0,0,0,0,0,0,0,0,0,0,0,0,0,0,0,0,0,0,0,0,0,0,0,0,0,0,0,0,0,0,0,0,0,0,0,0,0,0,0,0,0,0,0
0,0,0,0,0,0,0,0,0,0,0,0,0,0,0,0,0,0,0,0,0,0,0,0,0,0,0,0,0,0,0,0,0,0,0,0,0,0,0,0,0,0,0,0,0,0,0,0,0,0,0,0,0,0,0,0,0,0,0,0,0,0,0,0,0,0,0,0,0,0,0,0,0,0,0,0,0,0,0,0,0,0,0,0,0,0,0,0,0,0,0,0,0,0,0,0,0,0,0,0
0,0,0,0,0,0,0,0,0,0,0,0,0,0,0,0,0,0,0,0,0,0,0,0,0,0,0,0,0,0,0,0,0,0,0,0,0,0,0,0,0,0,0,0,0,0,0,0,0,0,0,0,0,0,0,0,0,0,0,0,0,0,0,0,0,0,0,0,0,0,0,0,0,0,0,0,0,0,0,0,0,0,0,0,0,0,0,0,0,0,0,0,0,0,0,0,0,0,0,0
0,0,0,0,0,0,0,0,0,0,0,0,0,0,0,0,0,0,0,0,0,0,0,0,0,0,0,0,0,0,0,0,0,0,0,0,0,0,0,0,0,0,0,0,0,0,0,0,0,0,0,0,0,0,0,0,0,0,0,0,0,0,0,0,0,0,0,0,0,0,0,0,0,0,0,0,0,0,0,0,0,0,0,0,0,0,0,0,0,0,0,0,0,0,0,0,0,0,0,0
0,0,0,0,0,0,0,0,0,0,0,0,0,0,0,0,0,0,0,0,0,0,0,0,0,0,0,0,0,0,0,0,0,0,0,0,0,0,0,0,0,0,0,0,0,0,0,0,0,0,0,0,0,0,0,0,0,0,0,0,0,0,0,0,0,0,0,0,0,0,0,0,0,0,0,0,0,0,0,0,0,0,0,0,0,0,0,0,0,0,0,0,0,0,0,0,0,0,0,0
0,0,0,0,0,0,0,0,0,0,0,0,0,0,0,0,0,0,0,0,0,0,0,0,0,0,0,0,0,0,0,0,0,0,0,0,0,0,0,0,0,0,0,0,0,0,0,0,0,0,0,0,0,0,0,0,0,0,0,0,0,0,0,0,0,0,0,0,0,0,0,0,0,0,0,0,0,0,0,0,0,0,0,0,0,0,0,0,0,0,0,0,0,0,0,0,0,0,0,0
0,0,0,0,0,0,0,0,0,0,0,0,0,0,0,0,0,0,0,0,0,0,0,0,0,0,0,0,0,0,0,0,0,0,0,0,0,0,0,0,0,0,0,0,0,0,0,0,0,0,0,0,0,0,0,0,0,0,0,0,0,0,0,0,0,0,0,0,0,0,0,0,0,0,0,0,0,0,0,0,0,0,0,0,0,0,0,0,0,0,0,0,0,0,0,0,0,0,0,0
0,0,0,0,0,0,0,0,0,0,0,0,0,0,0,0,0,0,0,0,0,0,0,0,0,0,0,0,0,0,0,0,0,0,0,0,0,0,0,0,0,0,0,0,0,0,0,0,0,0,0,0,0,0,0,0,0,0,0,0,0,0,0,0,0,0,0,0,0,0,0,0,0,0,0,0,0,0,0,0,0,0,0,0,0,0,0,0,0,0,0,0,0,0,0,0,0,0,0,0
0,0,0,0,0,0,0,0,0,0,0,0,0,0,0,0,0,0,0,0,0,0,0,0,0,0,0,0,0,0,0,0,0,0,0,0,0,0,0,0,0,0,0,0,0,0,0,0,0,0,0,0,0,0,0,0,0,0,0,0,0,0,0,0,0,0,0,0,0,0,0,0,0,0,0,0,0,0,0,0,0,0,0,0,0,0,0,0,0,0,0,0,0,0,0,0,0,0,0,0
0,0,0,0,0,0,0,0,0,0,0,0,0,0,0,0,0,0,0,0,0,0,0,0,0,0,0,0,0,0,0,0,0,0,0,0,0,0,0,0,0,0,0,0,0,0,0,0,0,0,0,0,0,0,0,0,0,0,0,0,0,0,0,0,0,0,0,0,0,0,0,0,0,0,0,0,0,0,0,0,0,0,0,0,0,0,0,0,0,0,0,0,0,0,0,0,0,0,0,0
0,0,0,0,0,0,0,0,0,0,0,0,0,0,0,0,0,0,0,0,0,0,0,0,0,0,0,0,0,0,0,0,0,0,0,0,0,0,0,0,0,0,0,0,0,0,0,0,0,0,0,0,0,0,0,0,0,0,0,0,0,0,0,0,0,0,0,0,0,0,0,0,0,0,0,0,0,0,0,0,0,0,0,0,0,0,0,0,0,0,0,0,0,0,0,0,0,0,0,0
0,0,0,0,0,0,0,0,0,0,0,0,0,0,0,0,0,0,0,0,0,0,0,0,0,0,0,0,0,0,0,0,0,0,0,0,0,0,0,0,0,0,0,0,0,0,0,0,0,0,0,0,0,0,0,0,0,0,0,0,0,0,0,0,0,0,0,0,0,0,0,0,0,0,0,0,0,0,0,0,0,0,0,0,0,0,0,0,0,0,0,0,0,0,0,0,0,0,0,0
0,0,0,0,0,0,0,0,0,0,0,0,0,0,0,0,0,0,0,0,0,0,0,0,0,0,0,0,0,0,0,0,0,0,0,0,0,0,0,0,0,0,0,0,0,0,0,0,0,0,0,0,0,0,0,0,0,0,0,0,0,0,0,0,0,0,0,0,0,0,0,0,0,0,0,0,0,0,0,0,0,0,0,0,0,0,0,0,0,0,0,0,0,0,0,0,0,0,0,0
0,0,0,0,0,0,0,0,0,0,0,0,0,0,0,0,0,0,0,0,0,0,0,0,0,0,0,0,0,0,0,0,0,0,0,0,0,0,0,0,0,0,0,0,0,0,0,0,0,0,0,0,0,0,0,0,0,0,0,0,0,0,0,0,0,0,0,0,0,0,0,0,0,0,0,0,0,0,0,0,0,0,0,0,0,0,0,0,0,0,0,0,0,0,0,0,0,0,0,0
0,0,0,0,0,0,0,0,0,0,0,0,0,0,0,0,0,0,0,0,0,0,0,0,0,0,0,0,0,0,0,0,0,0,0,0,0,0,0,0,0,0,0,0,0,0,0,0,0,0,0,0,0,0,0,0,0,0,0,0,0,0,0,0,0,0,0,0,0,0,0,0,0,0,0,0,0,0,0,0,0,0,0,0,0,0,0,0,0,0,0,0,0,0,0,0,0,0,0,0
0,0,0,0,0,0,0,0,0,0,0,0,0,0,0,0,0,0,0,0,0,0,0,0,0,0,0,0,0,0,0,0,0,0,0,0,0,0,0,0,0,0,0,0,0,0,0,0,0,0,0,0,0,0,0,0,0,0,0,0,0,0,0,0,0,0,0,0,0,0,0,0,0,0,0,0,0,0,0,0,0,0,0,0,0,0,0,0,0,0,0,0,0,0,0,0,0,0,0,0
0,0,0,0,0,0,0,0,0,0,0,0,0,0,0,0,0,0,0,0,0,0,0,0,0,0,0,0,0,0,0,0,0,0,0,0,0,0,0,0,0,0,0,0,0,0,0,0,0,0,0,0,0,0,0,0,0,0,0,0,0,0,0,0,0,0,0,0,0,0,0,0,0,0,0,0,0,0,0,0,0,0,0,0,0,0,0,0,0,0,0,0,0,0,0,0,0,0,0,0
0,0,0,0,0,0,0,0,0,0,0,0,0,0,0,0,0,0,0,0,0,0,0,0,0,0,0,0,0,0,0,0,0,0,0,0,0,0,0,0,0,0,0,0,0,0,0,0,0,0,0,0,0,0,0,0,0,0,0,0,0,0,0,0,0,0,0,0,0,0,0,0,0,0,0,0,0,0,0,0,0,0,0,0,0,0,0,0,0,0,0,0,0,0,0,0,0,0,0,0
0,0,0,0,0,0,0,0,0,0,0,0,0,0,0,0,0,0,0,0,0,0,0,0,0,0,0,0,0,0,0,0,0,0,0,0,0,0,0,0,0,0,0,0,0,0,0,0,0,0,0,0,0,0,0,0,0,0,0,0,0,0,0,0,0,0,0,0,0,0,0,0,0,0,0,0,0,0,0,0,0,0,0,0,0,0,0,0,0,0,0,0,0,0,0,0,0,0,0,0
0,0,0,0,0,0,0,0,0,0,0,0,0,0,0,0,0,0,0,0,0,0,0,0,0,0,0,0,0,0,0,0,0,0,0,0,0,0,0,0,0,0,0,0,0,0,0,0,0,1.47772846613391e-05,4.55733689059658e-05,0,0,0,0,0,0,0,0,0,0,0,0,0,0,0,0,0,0,0,0,0,0,0,0,0,0,0,0,0,0,0,0,0,0,0,0,0,0,0,0,0,0,0,0,0,0,0,0,0
0,0,0,0,0,0,0,0,0,0,0,0,0,0,0,0,0,0,0,0,0,0,0,0,0,0,0,0,0,0,0,0,0,0,0,0,0,0,0,0,0,0,0,0,0,0,0,6.78368926885326e-05,0.000175795903501076,0.000317454172214847,0.000456722679868169,0,0,0,0,0,0,0,0,0,0,0,0,0,0,0,0,0,0,0,0,0,0,0,0,0,0,0,0,0,0,0,0,0,0,0,0,0,0,0,0,0,0,0,0,0,0,0,0,0
0,0,0,0,0,0,0,0,0,0,0,0,0,0,0,0,0,0,0,0,0,0,0,0,0,0,0,0,0,0,0,0,0,0,0,0,0,0,0,0,0,0,0,0,0,0,0,7.13826494861963e-05,0.000184984554324195,0.000106953333341357,0.000220917600129182,0,0,0,0,0.000254783398087334,9.46998590479169e-05,0,0,0,0,0,0,0,0,0,0,0,0,0,0,0,0,0,0,0,0,0,0,0,0,0,0,0,0,0,0,0,0,0,0,0,0,0,0,0,0,0,0,0
0,0,0,0,0,0,0,0,0,0,0,0,0,0,0,0,0,0,0,0,0,0,0,0,0,0,0,0,0,0,0,0,0,0,0,0,0,0,0,0,0,0,0,0,0,0,8.2064494677594e-05,5.83213207886314e-06,1.20816066677606e-05,4.88358156679723e-05,0.000331000631418882,0,0,0,0,0.000494152981828065,0.000567719098710933,0.000330493960022619,4.39692147367612e-05,0.000189164058458232,0.00010901355564264,0,0,0,0,0,0,0,0,0,0,0,0,0,0,0,0,0,0,0,0,0,0,0,0,0,0,0,0,0,0,0,0,0,0,0,0,0,0,0
0,0,0,0,0,0,0,0,0,0,0,0,0,0,0,0,0,0,0,0,0,0,0,0,0,0,0,0,0,0,0,0,0,0,0,0,0,0,0,0,0,0,0,0,0,0,0.000384759419424236,2.73439538193064e-05,9.91332935234076e-05,0.000346550213601117,0,0.000376492669224909,0.000369088116327031,0,0,0.000479345008321053,0.000426102757841322,0.000325199455129322,0.000190846710161737,0.000134287340011472,7.37861424020316e-05,0,0,0,0,0,0,0,0,0,0,0,0,0,0,0,0,0,0,0,0,0,0,0,0,0,0,0,0,0,0,0,0,0,0,0,0,0,0,0
0,0,0,0,0,0,0,0,0,0,0,0,0,0,0,0,0,0,0,0,0,0,0,0,0,0,0,0,0,0,0,0,0,0,0,0,0,0,0,0,0,0,0,0.000354638362474475,0.000512387948109076,5.63725474870763e-05,0,0,0,8.64358644852485e-05,0.000621400686359432,0.0009218564580426,0.000341285953286455,0,0,0.000321546832639031,0.000725794499280352,0.000179143963219642,0.00104223518968372,0.000311858495546341,1.97952025178151e-05,4.65571852947849e-05,0,0.000202711943218396,4.97695583420928e-05,0,0,0,0,0,0,0,0,0,0,0,0,0,0,0,0,0,0,0,0,0,0,0,0,0,0,0,0,0,0,0,0,0,0,0
0,0,0,0,0,0,0,0,0,0,0,0,0,0,0,0,0,0,0,0,0,0,0,0,0,0,0,0,0,0,0,0,0,0,0,0,0,0,0,0.000225817110066487,0.000103414078189399,1.61590316559158e-05,0.000149501327149428,0.00018988984043396,0.00034706105974416,3.96502417512531e-05,0,0.000116496349400345,0.000390332682250927,0.000389366967408023,0.000298857175749906,5.69065316495958e-06,3.20294290554843e-05,0.000107853091056856,0.000115455591817471,2.96558336424278e-05,0.000498814614493004,0.00081834335707025,0.000432225878415834,0.000205720308253833,0.000251022305755935,0.000304275594275086,0,0.000622810158135004,0.000185508775428206,0,0,0,0,0,0,0,0,0,0,0,0,0,0,0,0,0,0,0,0,0,0,0,0,0,0,0,0,0,0,0,0,0,0,0
0,0,0,0,0,0,0,0,0,0,0,0,0,0,0,0,0,0,0,0,0,0,0,0,0,0,0,0,0,0,0,0,0,0,0,0,0,0,0,0.000117128999114058,5.36398126300564e-05,0.000110946275612301,0.000415202303976921,0.000343075159231727,0.000122982622475821,0.000248209414232183,0.000925500003872748,0.000267555122630971,0.000737593985892012,0.000211294551240885,0.000420539211883374,6.58590490199129e-05,8.02686429814191e-05,0.000281078223333708,0.000295690649137464,6.59313756288766e-05,0.000569215496247913,0.000183412399580238,0.000976366697698718,0.000671508643512771,0.000108524001185266,0.000259636589610548,0.000201363542504239,0.000422311588205218,1.68879766710827e-05,0,0,0.000250044361896287,6.65219223852594e-06,0,0,0,0,0,0,0,0,0,0,0,0,0,0,0,0,0,0,0,0,0,0,0,0,0,0,0,0,0,0,0
0,0,0,0,0,0,0,0,0,0,0,0,0,0,0,0,0,0,0,0,0,0,0,0,0,0,0,0,0,0,0,0,0,0,0,0,0,0,0,0,5.24675431505343e-05,0.00021576779746443,0.000182469257441067,2.70328407868951e-05,0.000176048431734671,0.000409983087195807,0.000126802989318297,7.92263076047919e-05,0.000270134479964367,0.000360802842193311,0.000309430719437755,0.000915763168337613,0.000296157457903237,8.70573506107839e-05,9.47628093446071e-05,0.000278731662429463,0.000183036516229844,0.000124963405306295,0.000323167692793102,0.000223007265816737,1.66631960356318e-06,2.19648368570475e-05,1.70350310281655e-05,8.24504713853027e-06,3.94627767051349e-05,0.000249058230512854,2.36298854055316e-05,0.000236998330864146,6.30511500104129e-06,0,0,0,0,0,0,0,0,0,0,0,0,0,0,0,0,0,0,0,0,0,0,0,0,0,0,0,0,0,0,0
0,0,0,0,0,0,0,0,0,0,0,0,0,0,0,0,0,0,0,0,0,0,0,0,0,0,0,0,0,0,0,0,0,0,0,0,0,0,0,0,0.000325838695903004,0.000369785176968546,0.00037756908589662,0.000790608196220711,0.000676426640544572,0.00117990776948422,0.000652329665424312,0.000681450981664995,0.000404830702960913,0.000631994904324546,0.000257702416424202,0.000203522916416478,0.000974176727150856,0.000678480817635497,0.000430490798456022,0.000145966288952143,0.000187237253763265,7.02638911889853e-05,0,8.04442269613042e-05,0.000116192151847365,0,0.000137912340574594,0.000700128797453975,0.000577705886207076,0.00122283511350753,0.000459148294985148,0.000176934348226636,0,0,0,0,0,0,0,0,0,0,0,0,0,0,0,0,0,0,0,0,0,0,0,0,0,0,0,0,0,0,0,0
0,0,0,0,0,0,0,0,0,0,0,0,0,0,0,0,0,0,0,0,0,0,0,0,0,0,0,0,0,0,0,0,0,0,0,0,0,0,0,0.000554848139936885,0.000685558292470308,0.00131839841045054,0.000388029636439232,0.000469392307323052,0.00141690615222284,0.00134242285016527,0.00145504573652103,0.000327615220757497,0.000196657887634353,0.00109827454350873,0.00101898635817461,0.000203241497627452,0.00073862387915646,0.000399462817025995,0.000293838269195376,5.55789262915545e-05,0.000441840383006914,0.000232605497407246,3.5349875179295e-06,0.000182161568947583,0.000179257125014121,0.000345138333990108,0.000412251033960348,0.000643259801336738,0.000523947971244713,0.000161180639468207,0.000138830744207271,0.000175177426484246,9.65188506787091e-06,0,0,0,0,0,0,0,0,0,0,0,0,0,0,0,0,0,0,0,0,0,0,0,0,0,0,0,0,0,0,0
0,0,0,0,0,0,0,0,0,0,0,0,0,0,0,0,0,0,0,0,0,0,0,0,0,0,0,0,0,0,0,0,0,0,0,0,0,4.05523688547913e-05,0.000341684593161756,0.00111430769440145,0.000735838189627326,0.000962727030131232,0.000395251176228472,0.000143692073169765,0.000867939366063062,0.000960837851908034,0.000491328332067581,0.000114913672518729,0.000280142645915889,4.67578357181135e-05,0.00063970108729556,0.000400626354943036,8.94311048934466e-06,0.000753690786792774,0.000419329583001374,1.90228228304947e-05,0.000158254265839317,0.00023075276497908,0.000301413892400091,0.00048481838485346,1.26831015900122e-05,0.000140687933378748,0.000475731516906477,0.000415242644121239,0.000546101417354862,1.44907158394467e-05,0,0.000146349769951616,0.000453289149541892,1.14702433617214e-05,0,0,0,0,0,0,0,0,0,0,0,0,0,0,0,0,0,0,0,0,0,0,0,0,0,0,0,0,0,0
0,0,0,0,0,0,0,0,0,0,0,0,0,0,0,0,0,0,0,0,0,0,0,0,0,0,0,0,0,0,0,0,0,0,0,0,0,0.000145103486441598,0.000695527631912287,0.000533587710293433,0.00133048752460896,0.000815888834586636,0.000565352214576444,0.000590121404184669,0.000251435916040986,0.000123655254995025,0.000225765070745654,0.00018394506923758,0.000183422120047011,1.14978937224636e-05,0.000139859865136589,0.00082990377026852,0.000179727988393302,0.00072354453862247,0.000537596399330452,1.53867870497055e-05,0,0.000508606017404973,0.00070491974755198,0.000274138596411405,0.000523435438258682,0.000500747888893178,0.000240116845853462,0.000255199028095949,0.000737508664801119,0.000392661022342428,0.000453656094485618,0,0.000454762037109634,7.71886957711425e-05,0,0,0,0,0,0,0,0,0,0,0,0,0,0,0,0,0,0,0,0,0,0,0,0,0,0,0,0,0,0
0,0,0,0,0,0,0,0,0,0,0,0,0,0,0,0,0,0,0,0,0,0,0,0,0,0,0,0,0,0,0,0,0,0,0,0,2.81662087431961e-05,7.85612493413323e-05,0.000355807155950776,0.000598438806436386,0.000639936644350111,0.000835474735233008,0.000521889649674691,0.000193745492477154,0.000228711883319643,9.86270692409308e-05,0.000217552788825948,0.000360989586976443,0.00102390556449222,0.000241526792732849,0.00054979798616956,0.000990931185406414,0.000616673770086595,0.000713515210440569,0.000365851734222021,0.000731454867319423,0.000584826779467864,9.51846766953771e-05,0.000348069825695832,0.000499419798958522,0.000432523741018565,0.000934257896789727,0.00032845974550136,0.000351758257752253,0.000571236049759495,0.000723992512647532,0.00011148754587836,0,0.000410744168378969,0.000428672619906797,4.33650702867996e-06,0,0,0,0,0,0,0,0,0,0,0,0,0,0,0,0,0,0,0,0,0,0,0,0,0,0,0,0,0
0,0,0,0,0,0,0,0,0,0,0,0,0,0,0,0,0,0,0,0,0,0,0,0,0,0,0,0,0,0,0,0,0,0,0,0,0.000313350247813252,0.00016440259474116,0.000146925602522613,0.00077470709200982,0.00132392290146764,0.000853494567019738,0.00059142533603168,0.000282678278240602,0.000373050760487602,0.000292191217287768,0.000364052758773158,0.000830988407739999,0.000662112877278734,3.21381323186356e-05,0.000615776113829301,0.000314381031660573,0.000779815051641434,0.000259367709960442,0.000641815803613499,0.000739651033176273,0.000889674573969004,0.000130012306720665,2.85726581752076e-05,9.54525051624822e-05,0.0005942872023892,0.00089859391171497,0.000987411041648991,0.000309340184482428,0.000640774833660394,0.000532705339932275,0.000117911705779197,0,0.000138814871119469,0.000821929485861837,3.86340712776228e-05,0,0,0,0,0,0,0,0,0,0,0,0,0,0,0,0,0,0,0,0,0,0,0,0,0,0,0,0,0
0,0,0,0,0,0,0,0,0,0,0,0,0,0,0,0,0,0,0,0,0,0,0,0,0,0,0,0,0,0,0,0,0,0,0,0,0,1.29331124869601e-05,0.00043437410066942,0.00113626994143523,0.0013890455852929,0.000880748261444713,0.000805650305024923,0.00123911960503767,0.000791424781243959,0.00104405476258524,0.000585076801223505,0.000608962405795026,0.000828473340496356,0,0,0,0.000460206282614834,0.000229344052417838,0.000603248088030539,0.00095257190439419,0.00117003041382478,0.000778781600897119,7.79187882514325e-05,0.000256302683710914,0.000460749361156641,0.000601292178409324,0.000971541529327693,0.000396648704260199,7.63047637665622e-05,0.000361578445928456,0.000605197070230249,3.89008212525549e-05,0.000147601011870686,0,8.80084863787797e-05,2.60058238669242e-05,0,0,0,0,0,0,0,0,0,0,0,0,0,0,0,0,0,0,0,0,0,0,0,0,0,0,0,0
0,0,0,0,0,0,0,0,0,0,0,0,0,0,0,0,0,0,0,0,0,0,0,0,0,0,0,0,0,0,0,0,0,0,0,0.000253929715448695,0.000743298104124197,0.000514725309788706,0.000908959372566,0.000983209612052328,0.000580706473932181,0.00153163600918855,0.000501948058635343,0.00131130606989203,0.000852305657208423,0.00140961757697838,0.000515043145313302,0.000586913072748652,0.000655792155831499,0.000384375351092925,0,3.95590287506155e-05,0.000672451056941917,0.000369950004215037,0.000710367943483738,1.68436329853801e-05,0.000376018624712653,0.000902597924263057,0.000369633733331292,0.000272522222097013,0.000540119344664449,2.47725852559715e-05,0.000198887842233972,0.000126133272744886,0.00170158395553341,0.000718087561083514,0.000232721773896892,6.53898996511079e-05,0.000248108267225651,5.89862116736878e-05,0.00034858930573484,8.80404910688103e-05,0,0,0,0,0,0,0,0,0,0,0,0,0,0,0,0,0,0,0,0,0,0,0,0,0,0,0,0
0,0,0,0,0,0,0,0,0,0,0,0,0,0,0,0,0,0,0,0,0,0,0,0,0,0,0,0,0,0,0,0,0,0,0,0.000235345277112703,0.00105686020402227,0.000652633290000176,0.00102435518600965,0.000546043844531582,0.000905506625870849,0.00142643020918324,0.00114919984756258,0.000460726675076587,0.000552433550424958,0.00056249723975055,0.00032811135140462,6.33292553162593e-05,0.000427785147842643,0.000408511195153598,0.000271649348783445,8.63708821004396e-05,0.000295721988159944,0.000434054053777814,8.75026481592604e-05,0,0.00024346299305916,0.000232911802036359,0.00122952685622636,0.000298043764919281,8.22846645274357e-05,0.000220940009008251,0.000389829110626258,0.000174144381804192,0.000741821180314516,0.00024959232093974,7.07415217820271e-05,1.58998432757315e-05,0.000227814273488192,0.000702516503779335,0.000576846202768668,0.000227175586921067,0,0,0,0,0,0,0,0,0,0,0,0,0,0,0,0,0,0,0,0,0,0,0,0,0,0,0,0
0,0,0,0,0,0,0,0,0,0,0,0,0,0,0,0,0,0,0,0,0,0,0,0,0,0,0,0,0,0,0,0,0,0,0,0.000300449433725256,0.000383397872739419,0.00121395451178665,0.00189212462290471,0.000766706196661956,0.00177035321044644,0.000918949758838741,0.000553663503821649,0.000705175947470227,0.00112269259167302,0.000414041163080913,0.00022868399842199,0,0.000607379126086475,0.00101953483657956,0.000382910760534663,0.000324560284967174,0.000269258727564958,0.000359426993903739,1.21657129334102e-05,0.000947280928434767,0.00154488960844468,0.00063490970546929,0.000673141830606206,0.000532553354650125,0.000151438389469252,0.00066790077540755,0.000497125881401795,0.000334890405780425,0.000295610887207945,0.000596953462867282,0.000527342859774185,0.000369880954468029,0.00039425520095428,5.72775495697931e-05,6.92105223291859e-06,6.05071421637506e-06,0,0,0,0,0,0,0,0,0,0,0,0,0,0,0,0,0,0,0,0,0,0,0,0,0,0,0,0
0,0,0,0,0,0,0,0,0,0,0,0,0,0,0,0,0,0,0,0,0,0,0,0,0,0,0,0,0,0,0,0,0,0,0,0.000270409290503838,0.000266489278594197,0.00130185128542619,0.00276154410660277,0.00097834376410409,0.00188646293906657,0.00117949566077619,0.0014984391617494,0.00107481233901707,0.000169807509394514,0.000597150098440019,0.000300899694612282,8.89081364647576e-05,0.000335973450845334,0.000571033157500265,0.000326591486712131,0.000817274285889495,7.75135692965771e-05,0.00079208597508455,0.000500539225345766,0.000697675395328167,0.000596832897188593,0.000532221623815315,0.00092412286418789,0.000675202304594266,0.00105415041585327,5.34269536157639e-05,1.70055020255103e-05,0.00015228041669384,5.3040732815899e-05,0.000217483830285173,0.000582140575032664,0.000692426494471779,0.000129093958251613,0,0.000136610319989742,6.38223315761127e-05,0,0,0,0,0,0,0,0,0,0,0,0,0,0,0,0,0,0,0,0,0,0,0,0,0,0,0,0
0,0,0,0,0,0,0,0,0,0,0,0,0,0,0,0,0,0,0,0,0,0,0,0,0,0,0,0,0,0,0,0,5.03582564437006e-06,6.14474550504874e-05,7.2139217549933e-05,0.000410878375655346,0.000128681098475147,0.00189784639245952,0.00436150457344512,0.0021231942247486,0.00101494630356834,0.000819455323154862,0.00111132775585125,0.00202227330702565,0.000700388867527124,6.85093333180338e-05,5.84434015153796e-05,0.000285289541988189,0.000493192745649029,0,8.63673544909978e-05,0.000137569725429283,0.000782637819764724,0.00114988586211759,0.000367089423626206,8.00203162828259e-05,0.000587029686295556,0.000243208627335602,0.000186187110455019,0.000432645250702865,0.000532662152709486,0.000103882978939125,2.1564286697632e-05,0,0,0.000132071401166944,0.0011903877718818,0.000478306272513875,0.000304212777917677,9.67033777838552e-05,0.000522574029962485,9.5389082027182e-05,0,0,0,0,0,0,0,0,0,0,0,0,0,0,0,0,0,0,0,0,0,0,0,0,0,0,0,0
0,0,0,0,0,0,0,0,0,0,0,0,0,0,0,0,0,0,0,0,0,0,0,0,0,0,0,0,0,0,0,0,3.2837046991709e-05,0.000400679672313434,0.000166776838958673,0.000711611573831015,0.000491220412321094,0.00238816973742969,0.00279618327025579,0.00269222993952506,0.000848359984442971,0.00185478449877428,0.000988261720109595,0.00117463226184596,0.000784862304301143,0.000742334809373802,0.000323936684277255,0.000575613426133558,0.000243912242739997,0.000428577280158602,0.000145677861848555,0.000641228210203956,0.000921186763794532,0.000720469692895902,0.000452011759906484,0.000239509206479872,0.000547472051045667,0.000220769914981351,0.000640695317105979,0.000594734056151506,0.000459792170124335,0.000432877621335066,0.00010782817682552,0,0,0,0,5.14781820280125e-05,0.000388445269344401,9.5949561494875e-05,8.49470994270402e-05,0,0,0,0,0,0,0,0,0,0,0,0,0,0,0,0,0,0,0,0,0,0,0,0,0,0,0,0,0
0,0,0,0,0,0,0,0,0,0,0,0,0,0,0,0,0,0,0,0,0,0,0,0,0,0,0,0,0,0,0,0,0,0,0.000355250850217179,0.00029469734946051,0.000762568423620074,0.00154746402006411,0.00214998781102089,0.00296189196265196,0.00130179401355572,0.00158874903270211,0.00107852048251603,0.000459265574067539,0.00101223949555093,0.000544603097707917,0.000278227391566365,0.00068138252858474,0.000621345773280006,0.000163608385779616,0.000500430758750671,0.000746795836616348,0.000863837541912697,0.000839513907901018,0.000404546056475908,0.000159967941316206,0.00051308713209805,0.000913362509228275,0.000359431711819944,0.000568391851396469,0.000244675742914474,0.000419735331829764,0.000412469246099066,0.000634751031230266,0.000205177176964722,5.19211219689552e-05,0.00045945132677817,0.000607072521175442,0.000218837212024223,0,0,0.00014471467343435,9.33511147976422e-05,0,0,0,0,0,0,0,0,0,0,0,0,0,0,0,0,0,0,0,0,0,0,0,0,0,0,0
0,0,0,0,0,0,0,0,0,0,0,0,0,0,0,0,0,0,0,0,0,0,0,0,0,0,0,0,0,0,0,0,3.49264260387196e-05,4.13716122062409e-05,1.47223589207293e-05,0.000418734504810018,0.00221342272099694,0.00363821665100088,0.00254054352372152,0.00252517151565496,0.00189092026880792,0.000581679955500965,0.00076452531688549,0.00149049417812684,0.000482148923299462,0.00103074663800607,0.000438870955672297,0.000365719448491372,0.000702407611395434,0.000460638526984718,0.000193870829401756,0.000241993905961402,0.000140902541226874,0.000321173697488317,4.11196082183783e-05,0.00088065444435818,0.000426356324969446,0.000920314776836215,0.00053380996363379,0.000543503463507915,0.000247714060207065,0.00048198907262219,0.000235340568796588,0.000754307406536851,0.000489607894872802,0.000153685374485737,0.000885323246293809,0.000598152014067657,0.000283826041173719,7.55473904829378e-06,0,0.00015922373474492,0.000102710477023087,0,0,0,0,0,0,0,0,0,0,0,0,0,0,0,0,0,0,0,0,0,0,0,0,0,0,0
0,0,0,0,0,0,0,0,0,0,0,0,0,0,0,0,0,0,0,0,0,0,0,0,0,0,0,0,0,0,0,0,0.000212887030601037,0.000809950559138953,0.000300854296683331,0.000780166292584607,0.00221652916671811,0.00274401019151525,0.00324573794211553,0.00293253551809998,0.00240343336817713,0.000594924301934823,0.00159663930181052,0.00165246664090127,0.00107362303983462,0.00177708211994174,0.00091860968308558,0.000450948014471109,0.000679832683857968,0.000711044721909618,0,8.05371198672931e-05,0.000300098737510547,0.000227591860604898,0.000322427801724983,0.00037167609279309,0.000298835312026386,0.000602423638153462,0.000423774566912216,0.000577176631690707,0.000806200879599837,0.000481683629615355,0.000230912713376305,0.000381990128854932,0.000365184447558981,0.00031266189552365,0.000719712586975479,0.000440473587397486,0.000436326939158234,0.000130231562779212,0.000321685279317679,0,0,0,0,0,0,0,0,0,0,0,0,0,0,0,0,0,0,0,0,0,0,0,0,0,0,0,0,0
0,0,0,0,0,0,0,0,0,0,0,0,0,0,0,0,0,0,0,0,0,0,0,0,0,0,0,0,0,0,0,0,2.91568941688907e-06,0.000228575184249437,0.000186751555592327,0.000816498769084269,0.00160450632390153,0.00332425009966494,0.00290037459747764,0.00337763845187722,0.00248847214331998,0.00207728211537532,0.00300488767802316,0.00141592054202439,0.00238747935207507,0.00251020514531763,0.00281155924578483,0.00122180303893639,0.00129816391989663,0.000459282426187136,0.000305356520294716,0.000751059649906693,0.0012309320705951,0.000349634903672198,8.80780091401831e-05,0.000883152458542016,0.00084623916542522,0.000296236297476779,0.000107872240897647,0.000526319864778898,0.000524895249174557,0.000891091557656696,0.000999000265577998,0.000787802648833746,0.000781506553736003,0.00120183172577499,0.000838309378706369,0.000660762368703189,0.000797414417727191,0.000228036077473004,5.26532540581547e-05,0,0,0,0,0,0,0,0,0,0,0,0,0,0,0,0,0,0,0,0,0,0,0,0,0,0,0,0,0
0,0,0,0,0,0,0,0,0,0,0,0,0,0,0,0,0,0,0,0,0,0,0,0,0,0,0,0,0,0,0,0,0,0,6.92483126460854e-05,0.000765410144343657,0.00215402965796918,0.00370355181846696,0.00312225832974682,0.00484084691239427,0.00343160282540892,0.0034515192178926,0.00318258119756999,0.00316688441898424,0.00356535120579825,0.00259092123028665,0.00191775698131888,0.001962775710676,0.000709914889516366,0.000653198852014296,0.00100171471101502,0.000280464307459739,0.000282080604017113,0.000563877190708517,0.000460224812827196,0.000260559244454569,0.000167058642248161,0.000481392191829805,0.000390986416465108,8.54286309581676e-05,0.000405900795328256,0.000686881627106485,0.000415216824184751,0.000617297268746469,0.000827324799209128,0.000972336825852659,0.00066400254587183,0.000314805253514333,0.00023377280736403,0.000238405689653842,0,0,0,0,0,0,0,0,0,0,0,0,0,0,0,0,0,0,0,0,0,0,0,0,0,0,0,0,0,0
0,0,0,0,0,0,0,0,0,0,0,0,0,0,0,0,0,0,0,0,0,0,0,0,0,0,0,0,0,0,0,0,0,0.000229121026319087,0.000463517939331079,0.000898086032388853,0.00235450583950131,0.00292182646202315,0.00299521169494774,0.0041673778319927,0.00559106158943125,0.00333823015666044,0.00335616698878416,0.00256988633721024,0.00326777962079675,0.00399388291836812,0.00265783609413896,0.0010976056185245,0.000925705136101796,0.000919386568967782,0,6.81638423369836e-05,0.000529595519521991,0.000436147853464443,0.0011975366236096,0.00103643658448713,0.000443570539049805,0.000552078241417179,0.00017225719887922,0.000404015779902009,0.000839358452421265,0.0011214838404554,0.000959335481805782,0.000292758533312271,0.000544033902341661,0.000272243782559783,8.73762833460355e-06,0.000684515184316613,0.000684638417798494,0.000152677662222087,0,0,0,0,0,0,0,0,0,0,0,0,0,0,0,0,0,0,0,0,0,0,0,0,0,0,0,0,0,0
0,0,0,0,0,0,0,0,0,0,0,0,0,0,0,0,0,0,0,0,0,0,0,0,0,0,0,0,0,0,0,0,0,3.2976284462615e-05,0.000205759005366618,0.00159881039271345,0.00294085224018502,0.00309950795739276,0.00293841622514203,0.00470910145161217,0.00473563518669352,0.00365938345086264,0.00525580987591446,0.00425455027120177,0.00463551847526494,0.00453844414316582,0.00327891761528663,0.00193257100286713,0.00169670449228787,0.00111416174750798,0.000425763184288787,0.000402725239289931,0.000833298472084529,0.000829811787652871,0.00131290261940273,0.00202913003355236,0.00152543544657594,0.00110067335049981,0.000594973777162247,0.000309951466997225,0.000278149831683784,0.000501321230576893,0.000571354930050827,0.000332251238968044,0.00103722166071239,0.000348464405639775,8.10805059985862e-05,0.000374123029513786,0,0,0,0,0,0,0,0,0,0,0,0,0,0,0,0,0,0,0,0,0,0,0,0,0,0,0,0,0,0,0,0
0,0,0,0,0,0,0,0,0,0,0,0,0,0,0,0,0,0,0,0,0,0,0,0,0,0,0,0,0,0,0,0,0,0,3.8421190313574e-05,0.000895011314466477,0.00193995589590622,0.00288796882769175,0.00520595920104375,0.00509581345527695,0.00479052269112486,0.00344093591484504,0.00463251726954965,0.00440221978048854,0.00277473727539566,0.00469238748840638,0.00204539106202489,0.00115718658295299,0.00160253112190978,0.00155453373091477,0.000785020693791884,0.000212477789916219,0.000278083800114687,0.000445284424424206,0.000873206784523844,0.00107599376247363,0.001197795447499,0.000909040019112847,0.00108298518313144,0.00054972775977457,0.000157924302119012,0.000273661280597506,0.000406003908164134,0.000317151307409749,4.08536500373491e-05,0.000513684132566761,0.000309347427673173,0,0,0,0,0,0,0,0,0,0,0,0,0,0,0,0,0,0,0,0,0,0,0,0,0,0,0,0,0,0,0,0,0
0,0,0,0,0,0,0,0,0,0,0,0,0,0,0,0,0,0,0,0,0,0,0,0,0,0,0,0,0,0,0,0,0,3.20144094146106e-05,1.13202837987923e-05,0.000870594431593846,0.0010341951846407,0.0036288919918673,0.00584800471584805,0.00488280435588591,0.00545779709683825,0.00489691720231599,0.00511078425056102,0.00437647575105661,0.00337906504647789,0.00312929672608822,0.00280649343535941,0.000800172259197475,0.00165312199844759,0.00151731646261861,0.000552507935208793,3.74995561050033e-05,0.000739570770506889,0.000662297955441175,0.000522589897089732,0.000467872741034031,0.000490000053106609,0.000780992054569772,0.00156330751024394,0.00147275621148383,0.000832717779686835,0.00199359847271149,0.00134722953993361,0,6.03712130830319e-05,0.000327749296472051,0.000519955653638701,0,0,0,0,0,0,0,0,0,0,0,0,0,0,0,0,0,0,0,0,0,0,0,0,0,0,0,0,0,0,0,0,0
0,0,0,0,0,0,0,0,0,0,0,0,0,0,0,0,0,0,0,0,0,0,0,0,0,0,0,0,0,0,0,0,0,0.000453492856365234,0.000305873242057438,0.000739326960411902,0.00123342124961377,0.00212451529855495,0.00354941198138469,0.00569878552448202,0.00583474488861343,0.00669691341673949,0.00524886033990965,0.002807641650731,0.00434600186987964,0.00376247850350157,0.00330615326274486,0.0035624402951867,0.00260722625243017,0.00129569927184443,0.00120979794341657,0.000742854751064027,0.00141190208566726,0.00065827034508365,0.000249234661702793,0.000405301157873762,0.000208602859095239,0.00111188124159614,0.00134630774049625,0.00181995173591935,0.00231070936992223,0.00133893469523618,0.000802015189946523,0.000390391133556767,4.09715157283136e-05,4.54074377108027e-05,0.000151846297645711,0,0,0,0,0,0,0,0,0,0,0,0,0,0,0,0,0,0,0,0,0,0,0,0,0,0,0,0,0,0,0,0,0
0,0,0,0,0,0,0,0,0,0,0,0,0,0,0,0,0,0,0,0,0,0,0,0,0,0,0,0,0,0,0,0,0,0,0.000128990564064991,0.000366990150510297,0.00188512676802178,0.00232243540169882,0.00423335594258378,0.00549367148395577,0.00568897099260181,0.00461945638204045,0.00367951639594809,0.00535877982371796,0.00392955117059468,0.00259439646994221,0.00371359713839207,0.00202275828240756,0.00336166482246472,0.0025971065397537,0.00399595974764195,0.00221632658384794,0.00128249413744688,0.00124485754554991,0.00135856748277986,0.0017895291821013,0.000633083167969206,0.00047065785945761,0.000644463465050082,0.000501309783840534,0.00238323786047227,0.00151762799206614,0.000492920073780097,0.000512975946023992,0.000305775781314567,0.000193082971692033,0,0,0,0,0,0,0,0,0,0,0,0,0,0,0,0,0,0,0,0,0,0,0,0,0,0,0,0,0,0,0,0,0,0
0,0,0,0,0,0,0,0,0,0,0,0,0,0,0,0,0,0,0,0,0,0,0,0,0,0,0,0,0,0,0,0,0,0,0,0,0.00068668868323434,0.0014042790277624,0.00189861332245594,0.00371682427717804,0.00548311122597132,0.00530861441023786,0.00425557518737586,0.00409295711317335,0.00385646730682671,0.00214421223085195,0.00355183518763871,0.00478720910798571,0.00300711828982779,0.00284085627387929,0.0033191268612137,0.00243725415764131,0.00174093883293552,0.00228074070651849,0.00165490822561476,0.00151671544682332,0.00130164859476903,0.0012418342353048,0.00139735010650213,0.00055206147551842,0.00073140381085913,0.00096438119355919,0.000386746186216798,0.000252691696959351,3.49950106588829e-05,0,0,0,0,0,0,0,0,0,0,0,0,0,0,0,0,0,0,0,0,0,0,0,0,0,0,0,0,0,0,0,0,0,0,0
0,0,0,0,0,0,0,0,0,0,0,0,0,0,0,0,0,0,0,0,0,0,0,0,0,0,0,0,0,0,0,0,0,0,0,0,7.70779506724567e-05,0.000511356064677497,0.00157088475782427,0.00181848390895597,0.00187961996247982,0.00307734435800478,0.00370850825661226,0.0037808331212579,0.0048885683701618,0.00331147699100031,0.00238533375299043,0.00330165181307343,0.00313904109668762,0.00344816472272256,0.00219652507823305,0.00179036779587405,0.00154499366530489,0.00250146733423481,0.00140169829867698,0.00209920782180093,0.00130586093322851,0.000868270789465644,0.000714652851312344,0.000766988067946069,0.00023392695204503,0.000101925947999045,0.000126470277982531,3.67695062848094e-05,0,0,0,0,0,0,0,0,0,0,0,0,0,0,0,0,0,0,0,0,0,0,0,0,0,0,0,0,0,0,0,0,0,0,0,0
0,0,0,0,0,0,0,0,0,0,0,0,0,0,0,0,0,0,0,0,0,0,0,0,0,0,0,0,0,0,0,0,0,0,0,0,0,0.000116794081230029,0.000456649713024063,0.00031669779838558,0.00168031748907287,0.00147394984731754,0.00205886367609055,0.00379277693981015,0.00262117377297583,0.00339706143654027,0.00292621587889427,0.00216673737237776,0.00188954585597405,0.00212137969019623,0.000927034274261599,0.00106058675035051,0.000802040913654367,0.000854711325948796,0.00066147362551299,0.00112992767574565,0.000365203023946661,0.000503410288491045,0.000880233034577224,0.000235768040024103,0,0,0.000260905503448939,7.58547122837213e-05,0,0,0,0,0,0,0,0,0,0,0,0,0,0,0,0,0,0,0,0,0,0,0,0,0,0,0,0,0,0,0,0,0,0,0,0
0,0,0,0,0,0,0,0,0,0,0,0,0,0,0,0,0,0,0,0,0,0,0,0,0,0,0,0,0,0,0,0,0,0,0,0,0,7.69242475188503e-05,0.00045371042413233,0.000215291539496019,0.000482052722363842,0.000831266627060427,0.000604001555575895,0.00140272411192434,0.00085833814132892,0.00145317222413819,0.00144498549855635,0.000434055983790252,0.000553508767136922,0.000941851038813376,0.00213571915215463,0.00065573662726134,0.000792000660243081,0.000544879400515088,0.000431246193673431,0.000214584692407163,1.43009048039012e-05,1.24821859011589e-05,8.58069631090989e-05,0.000109142906491035,0,0,0,0,0,0,0,0,0,0,0,0,0,0,0,0,0,0,0,0,0,0,0,0,0,0,0,0,0,0,0,0,0,0,0,0,0,0,0,0
0,0,0,0,0,0,0,0,0,0,0,0,0,0,0,0,0,0,0,0,0,0,0,0,0,0,0,0,0,0,0,0,0,0,0,0,0,0,0,0,0.000174849331709177,0.000383593632466025,4.48957479484852e-05,0.000307276218094342,0.000247363615655289,0.000301194063220828,0.00104572812649649,0.000487580466552825,0.00015595084629598,0.000558670061235032,0.000550296053382417,0.000129630174557252,0.00053878390137688,0.000203523857108811,8.61745607949542e-06,0,0,0,0,0,0,0,0,0,0,0,0,0,0,0,0,0,0,0,0,0,0,0,0,0,0,0,0,0,0,0,0,0,0,0,0,0,0,0,0,0,0,0,0,0
0,0,0,0,0,0,0,0,0,0,0,0,0,0,0,0,0,0,0,0,0,0,0,0,0,0,0,0,0,0,0,0,0,0,0,0,0,0,0,0,0,0,0,4.88563133729868e-05,2.82297483843054e-05,0,0.000430157166120632,0.000195810038023173,0,2.6232357989926e-05,1.64080584571023e-06,0,0,0,0,0,0,0,0,0,0,0,0,0,0,0,0,0,0,0,0,0,0,0,0,0,0,0,0,0,0,0,0,0,0,0,0,0,0,0,0,0,0,0,0,0,0,0,0,0
0,0,0,0,0,0,0,0,0,0,0,0,0,0,0,0,0,0,0,0,0,0,0,0,0,0,0,0,0,0,0,0,0,0,0,0,0,0,0,0,0,0,0,0,0,0,7.31562396210298e-05,1.93325023045129e-05,0,0,0,0,0,0,0,0,0,0,0,0,0,0,0,0,0,0,0,0,0,0,0,0,0,0,0,0,0,0,0,0,0,0,0,0,0,0,0,0,0,0,0,0,0,0,0,0,0,0,0,0
0,0,0,0,0,0,0,0,0,0,0,0,0,0,0,0,0,0,0,0,0,0,0,0,0,0,0,0,0,0,0,0,0,0,0,0,0,0,0,0,0,0,0,0,0,0,0,0,0,0,0,0,0,0,0,0,0,0,0,0,0,0,0,0,0,0,0,0,0,0,0,0,0,0,0,0,0,0,0,0,0,0,0,0,0,0,0,0,0,0,0,0,0,0,0,0,0,0,0,0
0,0,0,0,0,0,0,0,0,0,0,0,0,0,0,0,0,0,0,0,0,0,0,0,0,0,0,0,0,0,0,0,0,0,0,0,0,0,0,0,0,0,0,0,0,0,0,0,0,0,0,0,0,0,0,0,0,0,0,0,0,0,0,0,0,0,0,0,0,0,0,0,0,0,0,0,0,0,0,0,0,0,0,0,0,0,0,0,0,0,0,0,0,0,0,0,0,0,0,0
0,0,0,0,0,0,0,0,0,0,0,0,0,0,0,0,0,0,0,0,0,0,0,0,0,0,0,0,0,0,0,0,0,0,0,0,0,0,0,0,0,0,0,0,0,0,0,0,0,0,0,0,0,0,0,0,0,0,0,0,0,0,0,0,0,0,0,0,0,0,0,0,0,0,0,0,0,0,0,0,0,0,0,0,0,0,0,0,0,0,0,0,0,0,0,0,0,0,0,0
0,0,0,0,0,0,0,0,0,0,0,0,0,0,0,0,0,0,0,0,0,0,0,0,0,0,0,0,0,0,0,0,0,0,0,0,0,0,0,0,0,0,0,0,0,0,0,0,0,0,0,0,0,0,0,0,0,0,0,0,0,0,0,0,0,0,0,0,0,0,0,0,0,0,0,0,0,0,0,0,0,0,0,0,0,0,0,0,0,0,0,0,0,0,0,0,0,0,0,0
0,0,0,0,0,0,0,0,0,0,0,0,0,0,0,0,0,0,0,0,0,0,0,0,0,0,0,0,0,0,0,0,0,0,0,0,0,0,0,0,0,0,0,0,0,0,0,0,0,0,0,0,0,0,0,0,0,0,0,0,0,0,0,0,0,0,0,0,0,0,0,0,0,0,0,0,0,0,0,0,0,0,0,0,0,0,0,0,0,0,0,0,0,0,0,0,0,0,0,0
0,0,0,0,0,0,0,0,0,0,0,0,0,0,0,0,0,0,0,0,0,0,0,0,0,0,0,0,0,0,0,0,0,0,0,0,0,0,0,0,0,0,0,0,0,0,0,0,0,0,0,0,0,0,0,0,0,0,0,0,0,0,0,0,0,0,0,0,0,0,0,0,0,0,0,0,0,0,0,0,0,0,0,0,0,0,0,0,0,0,0,0,0,0,0,0,0,0,0,0
0,0,0,0,0,0,0,0,0,0,0,0,0,0,0,0,0,0,0,0,0,0,0,0,0,0,0,0,0,0,0,0,0,0,0,0,0,0,0,0,0,0,0,0,0,0,0,0,0,0,0,0,0,0,0,0,0,0,0,0,0,0,0,0,0,0,0,0,0,0,0,0,0,0,0,0,0,0,0,0,0,0,0,0,0,0,0,0,0,0,0,0,0,0,0,0,0,0,0,0
0,0,0,0,0,0,0,0,0,0,0,0,0,0,0,0,0,0,0,0,0,0,0,0,0,0,0,0,0,0,0,0,0,0,0,0,0,0,0,0,0,0,0,0,0,0,0,0,0,0,0,0,0,0,0,0,0,0,0,0,0,0,0,0,0,0,0,0,0,0,0,0,0,0,0,0,0,0,0,0,0,0,0,0,0,0,0,0,0,0,0,0,0,0,0,0,0,0,0,0
0,0,0,0,0,0,0,0,0,0,0,0,0,0,0,0,0,0,0,0,0,0,0,0,0,0,0,0,0,0,0,0,0,0,0,0,0,0,0,0,0,0,0,0,0,0,0,0,0,0,0,0,0,0,0,0,0,0,0,0,0,0,0,0,0,0,0,0,0,0,0,0,0,0,0,0,0,0,0,0,0,0,0,0,0,0,0,0,0,0,0,0,0,0,0,0,0,0,0,0
0,0,0,0,0,0,0,0,0,0,0,0,0,0,0,0,0,0,0,0,0,0,0,0,0,0,0,0,0,0,0,0,0,0,0,0,0,0,0,0,0,0,0,0,0,0,0,0,0,0,0,0,0,0,0,0,0,0,0,0,0,0,0,0,0,0,0,0,0,0,0,0,0,0,0,0,0,0,0,0,0,0,0,0,0,0,0,0,0,0,0,0,0,0,0,0,0,0,0,0
0,0,0,0,0,0,0,0,0,0,0,0,0,0,0,0,0,0,0,0,0,0,0,0,0,0,0,0,0,0,0,0,0,0,0,0,0,0,0,0,0,0,0,0,0,0,0,0,0,0,0,0,0,0,0,0,0,0,0,0,0,0,0,0,0,0,0,0,0,0,0,0,0,0,0,0,0,0,0,0,0,0,0,0,0,0,0,0,0,0,0,0,0,0,0,0,0,0,0,0
0,0,0,0,0,0,0,0,0,0,0,0,0,0,0,0,0,0,0,0,0,0,0,0,0,0,0,0,0,0,0,0,0,0,0,0,0,0,0,0,0,0,0,0,0,0,0,0,0,0,0,0,0,0,0,0,0,0,0,0,0,0,0,0,0,0,0,0,0,0,0,0,0,0,0,0,0,0,0,0,0,0,0,0,0,0,0,0,0,0,0,0,0,0,0,0,0,0,0,0
0,0,0,0,0,0,0,0,0,0,0,0,0,0,0,0,0,0,0,0,0,0,0,0,0,0,0,0,0,0,0,0,0,0,0,0,0,0,0,0,0,0,0,0,0,0,0,0,0,0,0,0,0,0,0,0,0,0,0,0,0,0,0,0,0,0,0,0,0,0,0,0,0,0,0,0,0,0,0,0,0,0,0,0,0,0,0,0,0,0,0,0,0,0,0,0,0,0,0,0
0,0,0,0,0,0,0,0,0,0,0,0,0,0,0,0,0,0,0,0,0,0,0,0,0,0,0,0,0,0,0,0,0,0,0,0,0,0,0,0,0,0,0,0,0,0,0,0,0,0,0,0,0,0,0,0,0,0,0,0,0,0,0,0,0,0,0,0,0,0,0,0,0,0,0,0,0,0,0,0,0,0,0,0,0,0,0,0,0,0,0,0,0,0,0,0,0,0,0,0
0,0,0,0,0,0,0,0,0,0,0,0,0,0,0,0,0,0,0,0,0,0,0,0,0,0,0,0,0,0,0,0,0,0,0,0,0,0,0,0,0,0,0,0,0,0,0,0,0,0,0,0,0,0,0,0,0,0,0,0,0,0,0,0,0,0,0,0,0,0,0,0,0,0,0,0,0,0,0,0,0,0,0,0,0,0,0,0,0,0,0,0,0,0,0,0,0,0,0,0
0,0,0,0,0,0,0,0,0,0,0,0,0,0,0,0,0,0,0,0,0,0,0,0,0,0,0,0,0,0,0,0,0,0,0,0,0,0,0,0,0,0,0,0,0,0,0,0,0,0,0,0,0,0,0,0,0,0,0,0,0,0,0,0,0,0,0,0,0,0,0,0,0,0,0,0,0,0,0,0,0,0,0,0,0,0,0,0,0,0,0,0,0,0,0,0,0,0,0,0
0,0,0,0,0,0,0,0,0,0,0,0,0,0,0,0,0,0,0,0,0,0,0,0,0,0,0,0,0,0,0,0,0,0,0,0,0,0,0,0,0,0,0,0,0,0,0,0,0,0,0,0,0,0,0,0,0,0,0,0,0,0,0,0,0,0,0,0,0,0,0,0,0,0,0,0,0,0,0,0,0,0,0,0,0,0,0,0,0,0,0,0,0,0,0,0,0,0,0,0
0,0,0,0,0,0,0,0,0,0,0,0,0,0,0,0,0,0,0,0,0,0,0,0,0,0,0,0,0,0,0,0,0,0,0,0,0,0,0,0,0,0,0,0,0,0,0,0,0,0,0,0,0,0,0,0,0,0,0,0,0,0,0,0,0,0,0,0,0,0,0,0,0,0,0,0,0,0,0,0,0,0,0,0,0,0,0,0,0,0,0,0,0,0,0,0,0,0,0,0
0,0,0,0,0,0,0,0,0,0,0,0,0,0,0,0,0,0,0,0,0,0,0,0,0,0,0,0,0,0,0,0,0,0,0,0,0,0,0,0,0,0,0,0,0,0,0,0,0,0,0,0,0,0,0,0,0,0,0,0,0,0,0,0,0,0,0,0,0,0,0,0,0,0,0,0,0,0,0,0,0,0,0,0,0,0,0,0,0,0,0,0,0,0,0,0,0,0,0,0
0,0,0,0,0,0,0,0,0,0,0,0,0,0,0,0,0,0,0,0,0,0,0,0,0,0,0,0,0,0,0,0,0,0,0,0,0,0,0,0,0,0,0,0,0,0,0,0,0,0,0,0,0,0,0,0,0,0,0,0,0,0,0,0,0,0,0,0,0,0,0,0,0,0,0,0,0,0,0,0,0,0,0,0,0,0,0,0,0,0,0,0,0,0,0,0,0,0,0,0
0,0,0,0,0,0,0,0,0,0,0,0,0,0,0,0,0,0,0,0,0,0,0,0,0,0,0,0,0,0,0,0,0,0,0,0,0,0,0,0,0,0,0,0,0,0,0,0,0,0,0,0,0,0,0,0,0,0,0,0,0,0,0,0,0,0,0,0,0,0,0,0,0,0,0,0,0,0,0,0,0,0,0,0,0,0,0,0,0,0,0,0,0,0,0,0,0,0,0,0
0,0,0,0,0,0,0,0,0,0,0,0,0,0,0,0,0,0,0,0,0,0,0,0,0,0,0,0,0,0,0,0,0,0,0,0,0,0,0,0,0,0,0,0,0,0,0,0,0,0,0,0,0,0,0,0,0,0,0,0,0,0,0,0,0,0,0,0,0,0,0,0,0,0,0,0,0,0,0,0,0,0,0,0,0,0,0,0,0,0,0,0,0,0,0,0,0,0,0,0
0,0,0,0,0,0,0,0,0,0,0,0,0,0,0,0,0,0,0,0,0,0,0,0,0,0,0,0,0,0,0,0,0,0,0,0,0,0,0,0,0,0,0,0,0,0,0,0,0,0,0,0,0,0,0,0,0,0,0,0,0,0,0,0,0,0,0,0,0,0,0,0,0,0,0,0,0,0,0,0,0,0,0,0,0,0,0,0,0,0,0,0,0,0,0,0,0,0,0,0
0,0,0,0,0,0,0,0,0,0,0,0,0,0,0,0,0,0,0,0,0,0,0,0,0,0,0,0,0,0,0,0,0,0,0,0,0,0,0,0,0,0,0,0,0,0,0,0,0,0,0,0,0,0,0,0,0,0,0,0,0,0,0,0,0,0,0,0,0,0,0,0,0,0,0,0,0,0,0,0,0,0,0,0,0,0,0,0,0,0,0,0,0,0,0,0,0,0,0,0
0,0,0,0,0,0,0,0,0,0,0,0,0,0,0,0,0,0,0,0,0,0,0,0,0,0,0,0,0,0,0,0,0,0,0,0,0,0,0,0,0,0,0,0,0,0,0,0,0,0,0,0,0,0,0,0,0,0,0,0,0,0,0,0,0,0,0,0,0,0,0,0,0,0,0,0,0,0,0,0,0,0,0,0,0,0,0,0,0,0,0,0,0,0,0,0,0,0,0,0
0,0,0,0,0,0,0,0,0,0,0,0,0,0,0,0,0,0,0,0,0,0,0,0,0,0,0,0,0,0,0,0,0,0,0,0,0,0,0,0,0,0,0,0,0,0,0,0,0,0,0,0,0,0,0,0,0,0,0,0,0,0,0,0,0,0,0,0,0,0,0,0,0,0,0,0,0,0,0,0,0,0,0,0,0,0,0,0,0,0,0,0,0,0,0,0,0,0,0,0
