0,0,0,0,0,0,0,0,0,0,0,0,0,0,0,0,0,0,0,0,0,0,0,0,0,0,0,0,0,0,0,0,0,0,0,0,0,0,0,0,0,0,0,0,0,0,0,0,0,0,0,0,0,0,0,0,0,0,0,0,0,0,0,0,0,0,0,0,0,0,0,0,0,0,0,0,0,0,0,0,0,0,0,0,0,0,0,0,0,0,0,0,0,0,0,0,0,0,0,0
0,0,0,0,0,0,0,0,0,0,0,0,0,0,0,0,0,0,0,0,0,0,0,0,0,0,0,0,0,0,0,0,0,0,0,0,0,0,0,0,0,0,0,0,0,0,0,0,0,0,0,0,0,0,0,0,0,0,0,0,0,0,0,0,0,0,0,0,0,0,0,0,0,0,0,0,0,0,0,0,0,0,0,0,0,0,0,0,0,0,0,0,0,0,0,0,0,0,0,0
0,0,0,0,0,0,0,0,0,0,0,0,0,0,0,0,0,0,0,0,0,0,0,0,0,0,0,0,0,0,0,0,0,0,0,0,0,0,0,0,0,0,0,0,0,0,0,0,0,0,0,0,0,0,0,0,0,0,0,0,0,0,0,0,0,0,0,0,0,0,0,0,0,0,0,0,0,0,0,0,0,0,0,0,0,0,0,0,0,0,0,0,0,0,0,0,0,0,0,0
0,0,0,0,0,0,0,0,0,0,0,0,0,0,0,0,0,0,0,0,0,0,0,0,0,0,0,0,0,0,0,0,0,0,0,0,0,0,0,0,0,0,0,0,0,0,0,0,0,0,0,0,0,0,0,0,0,0,0,0,0,0,0,0,0,0,0,0,0,0,0,0,0,0,0,0,0,0,0,0,0,0,0,0,0,0,0,0,0,0,0,0,0,0,0,0,0,0,0,0
0,0,0,0,0,0,0,0,0,0,0,0,0,0,0,0,0,0,0,0,0,0,0,0,0,0,0,0,0,0,0,0,0,0,0,0,0,0,0,0,0,0,0,0,0,0,0,0,0,0,0,0,0,0,0,0,0,0,0,0,0,0,0,0,0,0,0,0,0,0,0,0,0,0,0,0,0,0,0,0,0,0,0,0,0,0,0,0,0,0,0,0,0,0,0,0,0,0,0,0
0,0,0,0,0,0,0,0,0,0,0,0,0,0,0,0,0,0,0,0,0,0,0,0,0,0,0,0,0,0,0,0,0,0,0,0,0,0,0,0,0,0,0,0,0,0,0,0,0,0,0,0,0,0,0,0,0,0,0,0,0,0,0,0,0,0,0,0,0,0,0,0,0,0,0,0,0,0,0,0,0,0,0,0,0,0,0,0,0,0,0,0,0,0,0,0,0,0,0,0
0,0,0,0,0,0,0,0,0,0,0,0,0,0,0,0,0,0,0,0,0,0,0,0,0,0,0,0,0,0,0,0,0,0,0,0,0,0,0,0,0,0,0,0,0,0,0,0,0,0,0,0,0,0,0,0,0,0,0,0,0,0,0,0,0,0,0,0,0,0,0,0,0,0,0,0,0,0,0,0,0,0,0,0,0,0,0,0,0,0,0,0,0,0,0,0,0,0,0,0
0,0,0,0,0,0,0,0,0,0,0,0,0,0,0,0,0,0,0,0,0,0,0,0,0,0,0,0,0,0,0,0,0,0,0,0,0,0,0,0,0,0,0,0,0,0,0,0,0,0,0,0,0,0,0,0,0,0,0,0,0,0,0,0,0,0,0,0,0,0,0,0,0,0,0,0,0,0,0,0,0,0,0,0,0,0,0,0,0,0,0,0,0,0,0,0,0,0,0,0
0,0,0,0,0,0,0,0,0,0,0,0,0,0,0,0,0,0,0,0,0,0,0,0,0,0,0,0,0,0,0,0,0,0,0,0,0,0,0,0,0,0,0,0,0,0,0,0,0,0,0,0,0,0,0,0,0,0,0,0,0,0,0,0,0,0,0,0,0,0,0,0,0,0,0,0,0,0,0,0,0,0,0,0,0,0,0,0,0,0,0,0,0,0,0,0,0,0,0,0
0,0,0,0,0,0,0,0,0,0,0,0,0,0,0,0,0,0,0,0,0,0,0,0,0,0,0,0,0,0,0,0,0,0,0,0,0,0,0,0,0,0,0,0,0,0,0,0,0,0,0,0,0,0,0,0,0,0,0,0,0,0,0,0,0,0,0,0,0,0,0,0,0,0,0,0,0,0,0,0,0,0,0,0,0,0,0,0,0,0,0,0,0,0,0,0,0,0,0,0
0,0,0,0,0,0,0,0,0,0,0,0,0,0,0,0,0,0,0,0,0,0,0,0,0,0,0,0,0,0,0,0,0,0,0,0,0,0,0,0,0,0,0,0,0,0,0,0,0,0,0,0,0,0,0,0,0,0,0,0,0,0,0,0,0,0,0,0,0,0,0,0,0,0,0,0,0,0,0,0,0,0,0,0,0,0,0,0,0,0,0,0,0,0,0,0,0,0,0,0
0,0,0,0,0,0,0,0,0,0,0,0,0,0,0,0,0,0,0,0,0,0,0,0,0,0,0,0,0,0,0,0,0,0,0,0,0,0,0,0,0,0,0,0,0,0,0,0,0,0,0,0,0,0,0,0,0,0,0,0,0,0,0,0,0,0,0,0,0,0,0,0,0,0,0,0,0,0,0,0,0,0,0,0,0,0,0,0,0,0,0,0,0,0,0,0,0,0,0,0
0,0,0,0,0,0,0,0,0,0,0,0,0,0,0,0,0,0,0,0,0,0,0,0,0,0,0,0,0,0,0,0,0,0,0,0,0,0,0,0,0,0,0,0,0,0,0,0,0,0,0,0,0,0,0,0,0,0,0,0,0,0,0,0,0,0,0,0,0,0,0,0,0,0,0,0,0,0,0,0,0,0,0,0,0,0,0,0,0,0,0,0,0,0,0,0,0,0,0,0
0,0,0,0,0,0,0,0,0,0,0,0,0,0,0,0,0,0,0,0,0,0,0,0,0,0,0,0,0,0,0,0,0,0,0,0,0,0,0,0,0,0,0,0,0,0,0,0,0,0,0,0,0,0,0,0,0,0,0,0,0,0,0,0,0,0,0,0,0,0,0,0,0,0,0,0,0,0,0,0,0,0,0,0,0,0,0,0,0,0,0,0,0,0,0,0,0,0,0,0
0,0,0,0,0,0,0,0,0,0,0,0,0,0,0,0,0,0,0,0,0,0,0,0,0,0,0,0,0,0,0,0,0,0,0,0,0,0,0,0,0,0,0,0,0,0,0,0,0,0,0,0,0,0,0,0,0,0,0,0,0,0,0,0,0,0,0,0,0,0,0,0,0,0,0,0,0,0,0,0,0,0,0,0,0,0,0,0,0,0,0,0,0,0,0,0,0,0,0,0
0,0,0,0,0,0,0,0,0,0,0,0,0,0,0,0,0,0,0,0,0,0,0,0,0,0,0,0,0,0,0,0,0,0,0,0,0,0,0,0,0,0,0,0,0,0,0,0,0,0,0,0,0,0,0,0,0,0,0,0,0,0,0,0,0,0,0,0,0,0,0,0,0,0,0,0,0,0,0,0,0,0,0,0,0,0,0,0,0,0,0,0,0,0,0,0,0,0,0,0
0,0,0,0,0,0,0,0,0,0,0,0,0,0,0,0,0,0,0,0,0,0,0,0,0,0,0,0,0,0,0,0,0,0,0,0,0,0,0,0,0,0,0,0,0,0,0,0,0,0,0,0,0,0,0,0,0,0,0,0,0,0,0,0,0,0,0,0,0,0,0,0,0,0,0,0,0,0,0,0,0,0,0,0,0,0,0,0,0,0,0,0,0,0,0,0,0,0,0,0
0,0,0,0,0,0,0,0,0,0,0,0,0,0,0,0,0,0,0,0,0,0,0,0,0,0,0,0,0,0,0,0,0,0,0,0,0,0,0,0,0,0,0,0,0,0,0,0,0,0,0,0,0,0,0,0,0,0,0,0,0,0,0,0,0,0,0,0,0,0,0,0,0,0,0,0,0,0,0,0,0,0,0,0,0,0,0,0,0,0,0,0,0,0,0,0,0,0,0,0
0,0,0,0,0,0,0,0,0,0,0,0,0,0,0,0,0,0,0,0,0,0,0,0,0,0,0,0,0,0,0,0,0,0,0,0,0,0,0,0,0,0,0,0,0,0,0,0,0,0,0,0,0,0,0,0,0,0,0,0,0,0,0,0,0,0,0,0,0,0,0,0,0,0,0,0,0,0,0,0,0,0,0,0,0,0,0,0,0,0,0,0,0,0,0,0,0,0,0,0
0,0,0,0,0,0,0,0,0,0,0,0,0,0,0,0,0,0,0,0,0,0,0,0,0,0,0,0,0,0,0,0,0,0,0,0,0,0,0,0,0,0,0,0,0,0,0,0,0,0,0,0,0,0,0,0,0,0,0,0,0,0,0,0,0,0,0,0,0,0,0,0,0,0,0,0,0,0,0,0,0,0,0,0,0,0,0,0,0,0,0,0,0,0,0,0,0,0,0,0
0,0,0,0,0,0,0,0,0,0,0,0,0,0,0,0,0,0,0,0,0,0,0,0,0,0,0,0,0,0,0,0,0,0,0,0,0,0,0,0,0,0,0,0,0,0,0,0,0,0,0,0,0,0,0,0,0,0,0,0,0,0,0,0,0,0,0,0,0,0,0,0,0,0,0,0,0,0,0,0,0,0,0,0,0,0,0,0,0,0,0,0,0,0,0,0,0,0,0,0
0,0,0,0,0,0,0,0,0,0,0,0,0,0,0,0,0,0,0,0,0,0,0,0,0,0,0,0,0,0,0,0,0,0,0,0,0,0,0,0,0,0,0,0,0,0,0,0,0,0,0,0,0,0,0,0,0,0,0,0,0,0,0,0,0,0,0,0,0,0,0,0,0,0,0,0,0,0,0,0,0,0,0,0,0,0,0,0,0,0,0,0,0,0,0,0,0,0,0,0
0,0,0,0,0,0,0,0,0,0,0,0,0,0,0,0,0,0,0,0,0,0,0,0,0,0,0,0,0,0,0,0,0,0,0,0,0,0,0,0,0,0,0,0,0,0,0,0,0,0,0,0,0,0,0,0,0,0,0,0,0,0,0,0,0,0,0,0,0,0,0,0,0,0,0,0,0,0,0,0,0,0,0,0,0,0,0,0,0,0,0,0,0,0,0,0,0,0,0,0
0,0,0,0,0,0,0,0,0,0,0,0,0,0,0,0,0,0,0,0,0,0,0,0,0,0,0,0,0,0,0,0,0,0,0,0,0,0,0,0,0,0,0,0,0,0,0,0,0,0,0,0,0,0,0,0,0,0,0,0,0,0,0,0,0,0,0,0,0,0,0,0,0,0,0,0,0,0,0,0,0,0,0,0,0,0,0,0,0,0,0,0,0,0,0,0,0,0,0,0
0,0,0,0,0,0,0,0,0,0,0,0,0,0,0,0,0,0,0,0,0,0,0,0,0,0,0,0,0,0,0,0,0,0,0,0,0,0,0,0,0,0,0,0,0,0,0,0,0,0,0,0,0,0,0,0,0,0,0,0,0,0,0,0,0,0,0,0,0,0,0,0,0,0,0,0,0,0,0,0,0,0,0,0,0,0,0,0,0,0,0,0,0,0,0,0,0,0,0,0
0,0,0,0,0,0,0,0,0,0,0,0,0,0,0,0,0,0,0,0,0,0,0,0,0,0,0,0,0,0,0,0,0,0,0,0,0,0,0,0,0,0,0,0,0,0,0,0,0,0,0,0,0,0,0,0,0,0,0,0,0,0,0,0,0,0,0,0,0,0,0,0,0,0,0,0,0,0,0,0,0,0,0,0,0,0,0,0,0,0,0,0,0,0,0,0,0,0,0,0
0,0,0,0,0,0,0,0,0,0,0,0,0,0,0,0,0,0,0,0,0,0,0,0,0,0,0,0,0,0,0,0,0,0,0,0,0,0,0,0,0,0,0,0,0,0,0,0,0,0,0,0,0,0,0,0,0,0,0,0,0,0,0,0,0,0,0,0,0,0,0,0,0,0,0,0,0,0,0,0,0,0,0,0,0,0,0,0,0,0,0,0,0,0,0,0,0,0,0,0
0,0,0,0,0,0,0,0,0,0,0,0,0,0,0,0,0,0,0,0,0,0,0,0,0,0,0,0,0,0,0,0,0,0,0,0,0,0,0,0,0,0,0,0,0,0,0,0,0,0,0,0,0,0,0,0,0,0,0,0,0,0,0,0,0,0,0,0,0,0,0,0,0,0,0,0,0,0,0,0,0,0,0,0,0,0,0,0,0,0,0,0,0,0,0,0,0,0,0,0
0,0,0,0,0,0,0,0,0,0,0,0,0,0,0,0,0,0,0,0,0,0,0,0,0,0,0,0,0,0,0,0,0,0,0,0,0,0,0,0,0,0,0,0,0,0,0,0,0,0,0,0,0,0,0,0,0,0,0,0,0,0,0,0,0,0,0,0,0,0,0,0,0,0,0,0,0,0,0,0,0,0,0,0,0,0,0,0,0,0,0,0,0,0,0,0,0,0,0,0
0,0,0,0,0,0,0,0,0,0,0,0,0,0,0,0,0,0,0,0,0,0,0,0,0,0,0,0,0,0,0,0,0,0,0,0,0,0,0,0,0,0,0,0,0,0,0,0,0,0,0,0,0,0,0,0,0,0,0,0,0,0,0,0,0,0,0,0,0,0,0,0,0,0,0,0,0,0,0,0,0,0,0,0,0,0,0,0,0,0,0,0,0,0,0,0,0,0,0,0
0,0,0,0,0,0,0,0,0,0,0,0,0,0,0,0,0,0,0,0,0,0,0,0,0,0,0,0,0,0,0,0,0,0,0,0,0,0,0,0,0,0,0,0,0,0,0,0,0,0,0,0,0,0,0,0,0,0,0,0,0,0,0,0,0,0,0,0,0,0,0,0,0,0,0,0,0,0,0,0,0,0,0,0,0,0,0,0,0,0,0,0,0,0,0,0,0,0,0,0
0,0,0,0,0,0,0,0,0,0,0,0,0,0,0,0,0,0,0,0,0,0,0,0,0,0,0,0,0,0,0,0,0,0,0,0,0,0,0,0,0,0,0,0,0,0,0,0,0,0,0,0,0,0,0,0,0,0,0,0,0,0,0,0,0,0,0,0,0,0,0,0,0,0,0,0,0,0,0,0,0,0,0,0,0,0,0,0,0,0,0,0,0,0,0,0,0,0,0,0
0,0,0,0,0,0,0,0,0,0,0,0,0,0,0,0,0,0,0,0,0,0,0,0,0,0,0,0,0,0,0,0,0,0,0,0,0,0,0,0,0,0,0,0,0,0,0,0,0,0,0,0,0,0,0,0,0,0,0,0,0,0,0,0,0,0,0,0,0,0,0,0,0,0,0,0,0,0,0,0,0,0,0,0,0,0,0,0,0,0,0,0,0,0,0,0,0,0,0,0
0,0,0,0,0,0,0,0,0,0,0,0,0,0,0,0,0,0,0,0,0,0,0,0,0,0,0,0,0,0,0,0,0,0,0,0,0,0,0,0,0,0,0,0,0,0,0,0,0,0,0,0,0,0,0,0,0,0,0,0,0,0,0,0,0,0,0,0,0,0,0,0,0,0,0,0,0,0,0,0,0,0,0,0,0,0,0,0,0,0,0,0,0,0,0,0,0,0,0,0
0,0,0,0,0,0,0,0,0,0,0,0,0,0,0,0,0,0,0,0,0,0,0,0,0,0,0,0,0,0,0,0,0,0,0,0,0,0,0,0,0,0,0,0,0,0,0,0,0,0,0,0,0,0,0,0,0,0,0,0,0,0,0,0,0,0,0,0,0,0,0,0,0,0,0,0,0,0,0,0,0,0,0,0,0,0,0,0,0,0,0,0,0,0,0,0,0,0,0,0
0,0,0,0,0,0,0,0,0,0,0,0,0,0,0,0,0,0,0,0,0,0,0,0,0,0,0,0,0,0,0,0,0,0,0,0,0,0,0,0,0,0,0,0,0,0,0,0,0,0,0,0,0,0,0,0,0,0,0,0,0,0,0,0,0,0,0,0,0,0,0,0,0,0,0,0,0,0,0,0,0,0,0,0,0,0,0,0,0,0,0,0,0,0,0,0,0,0,0,0
0,0,0,0,0,0,0,0,0,0,0,0,0,0,0,0,0,0,0,0,0,0,0,0,0,0,0,0,0,0,0,0,0,0,0,0,0,0,0,0,0,0,0,0,0,0,0,0,0,0,0,0,0,0,0,0,0,0,0,0,0,0,0,0,0,0,0,0,0,0,0,0,0,0,0,0,0,0,0,0,0,0,0,0,0,0,0,0,0,0,0,0,0,0,0,0,0,0,0,0
0,0,0,0,0,0,0,0,0,0,0,0,0,0,0,0,0,0,0,0,0,0,0,0,0,0,0,0,0,0,0,0,0,0,0,0,0,0,0,0,0,0,0,0,0,0,0,0,0,0,0,0,0,0,0,0,0,0,0,0,0,0,0,0,0,0,0,0,0,0,0,0,0,0,0,0,0,0,0,0,0,0,0,0,0,0,0,0,0,0,0,0,0,0,0,0,0,0,0,0
0,0,0,0,0,0,0,0,0,0,0,0,0,0,0,0,0,0,0,0,0,0,0,0,0,0,0,0,0,0,0,0,0,0,0,0,0,0,0,0,0,0,0,0,0,0,0,0,0,0,0,0,0,0,0,0,0,0,0,0,0,0,0,0,0,0,0,0,0,0,0,0,0,0,0,0,0,0,0,0,0,0,0,0,0,0,0,0,0,0,0,0,0,0,0,0,0,0,0,0
0,0,0,0,0,0,0,0,0,0,0,0,0,0,0,0,0,0,0,0,0,0,0,0,0,0,0,0,0,0,0,0,0,0,0,0,0,0,0,0,0,0,0,0,0,0,0,0,0,0,0,0,0,0,0,0,0,0,0,0,0,0,0,0,0,0,0,0,0,0,0,0,0,0,0,0,0,0,0,0,0,0,0,0,0,0,0,0,0,0,0,0,0,0,0,0,0,0,0,0
0,0,0,0,0,0,0,0,0,0,0,0,0,0,0,0,0,0,0,0,0,0,0,0,0,0,0,0,0,0,0,0,0,0,0,0,0,0,0,0,0,0,0,0,0,0,0,0,0,0,0,0,0,0,0,0,0,0,0,0,0,0,0,0,0,0,0,0,0,0,0,0,0,0,0,0,0,0,0,0,0,0,0,0,0,0,0,0,0,0,0,0,0,0,0,0,0,0,0,0
0,0,0,0,0,0,0,0,0,0,0,0,0,0,0,0,0,0,0,0,0,0,0,0,0,0,0,0,0,0,0,0,0,0,0,0,0,0,0,0,0,0,0,0,0,0,0,0,0,0,0,0,0,0,0,0,0,0,0,0,0,0,0,0,0,0,0,0,0,0,0,0,0,0,0,0,0,0,0,0,0,0,0,0,0,0,0,0,0,0,0,0,0,0,0,0,0,0,0,0
0,0,0,0,0,0,0,0,0,0,0,0,0,0,0,0,0,0,0,0,0,0,0,0,0,0,0,0,0,0,0,0,0,0,0,0,0,0,0,0,0,0,0,0,0,0,0,0,0,0,0,0,0,0,0,0,0,0,0,0,0,0,0,0,0,0,0,0,0,0,0,0,0,0,0,0,0,0,0,0,0,0,0,0,0,0,0,0,0,0,0,0,0,0,0,0,0,0,0,0
0,0,0,0,0,0,0,0,0,0,0,0,0,0,0,0,0,0,0,0,0,0,0,0,0,0,0,0,0,0,0,0,0,0,0,0,0,0,0,0,0,0,0,0,0,0,0,0,0,0,0,0,0,0,0,0,0,0,0,0,0,0,0,0,0,0,0,0,0,0,0,0,0,0,0,0,0,0,0,0,0,0,0,0,0,0,0,0,0,0,0,0,0,0,0,0,0,0,0,0
0,0,0,0,0,0,0,0,0,0,0,0,0,0,0,0,0,0,0,0,0,0,0,0,0,0,0,0,0,0,0,0,0,0,0,0,0,0,0,0,0,0,0,0,0,0,0,0,0,0,0,0,0,0,0,0,0,0,0,0,0,0,0,0,0,0,0,0,0,0,0,0,0,0,0,0,0,0,0,0,0,0,0,0,0,0,0,0,0,0,0,0,0,0,0,0,0,0,0,0
0,0,0,0,0,0,0,0,0,0,0,0,0,0,0,0,0,0,0,0,0,0,0,0,0,0,0,0,0,0,0,0,0,0,0,0,0,0,0,0,0,0,0,0,0,0,0,0,0,0,0,0,0,0,0,0,0,0,0,0,0,0,0,0,0,0,0,0,0,0,0,0,0,0,0,0,0,0,0,0,0,0,0,0,0,0,0,0,0,0,0,0,0,0,0,0,0,0,0,0
0,0,0,0,0,0,0,0,0,0,0,0,0,0,0,0,0,0,0,0,0,0,0,0,0,0,0,0,0,0,0,0,0,0,0,0,0,0,0,0,0,0,0,0,0,0,0,0,0,0,0,0,0,0,0,0,0,0,0,0,0,0,0,0,0,0,0,0,0,0,0,0,0,0,0,0,0,0,0,0,0,0,0,0,0,0,0,0,0,0,0,0,0,0,0,0,0,0,0,0
0,0,0,0,0,0,0,0,0,0,0,0,0,0,0,0,0,0,0,0,0,0,0,0,0,0,0,0,0,0,0,0,0,0,0,0,0,0,0,0,0,0,0,0,0,0,0,0,0,0,0,0,0,0,0,0,0,0,0,0,0,0,0,0,0,0,0,0,0,0,0,0,0,0,0,0,0,0,0,0,0,0,0,0,0,0,0,0,0,0,0,0,0,0,0,0,0,0,0,0
0,0,0,0,0,0,0,0,0,0,0,0,0,0,0,0,0,0,0,0,0,0,0,0,0,0,0,0,0,0,0,0,0,0,0,0,0,0,0,0,0,0,0,0,0,0,0,0,0,0,0,0,0,0,0,0,0,0,0,0,0,0,0,0,0,0,0,0,0,0,0,0,0,0,0,0,0,0,0,0,0,0,0,0,0,0,0,0,0,0,0,0,0,0,0,0,0,0,0,0
0,0,0,0,0,0,0,0,0,0,0,0,0,0,0,0,0,0,0,0,0,0,0,0,0,0,0,0,0,0,0,0,0,0,0,0,0,0,0,0,0,0,0,0,0,0,0,0,0,0,0,0,0,0,0,0,0,0,0,0,0,0,0,0,0,0,0,0,0,0,0,0,0,0,0,0,0,0,0,0,0,0,0,0,0,0,0,0,0,0,0,0,0,0,0,0,0,0,0,0
0,0,0,0,0,0,0,0,0,0,0,0,0,0,0,0,0,0,0,0,0,0,0,0,0,0,0,0,0,0,0,0,0,0,0,0,0,0,0,0,0,0,0,0,0,0,0,0,0,0,0,0,0,0,0,0,0,0,0,0,0,0,0,0,0,0,0,0,0,0,0,0,0,0,0,0,0,0,0,0,0,0,0,0,0,0,0,0,0,0,0,0,0,0,0,0,0,0,0,0
0,0,0,0,0,0,0,0,0,0,0,0,0,0,0,0,0,0,0,0,0,0,0,0,0,0,9.91397188799296e-06,9.40506969123651e-05,0.000153265344712676,7.12042659147418e-05,0.00040937759636915,0.000688777100485066,0.000174141199345374,0,0,0,0,0,0,0,0,0,0,0,0,0,0,0,0,0,0,0,0,0,0,0,0,0,0,0,0,0,0,0,0,0,0,0,0,0,0,0,0,0,0,0,0,0,0,0,0,0,0,0,0,0,0,0,0,0,0,0,0,0,0,0,0,0,0,0
0,0,0,0,0,0,0,0,0,0,0,0,0,0,0,0,0,0,0,0,0,0,0,0,2.90869125534771e-08,3.33266245505619e-05,0.00032257690220126,0.000617684998891664,0.000173907509591367,0.000174415470172193,0.000330312988790463,0.000507463696068082,0.000168471207345783,0.000538994688934119,9.35738514404772e-06,0,0,0,0,0,0,0,0,0,0,0,0,0,0,0,0,0,0,0,0,0,0,0,0,0,0,0,0,0,0,0,0,0,0,0,0,0,0,0,0,0,0,0,0,0,0,0,0,0,0,0,0,0,0,0,0,0,0,0,0,0,0,0,0,0
0,0,0,0,0,0,0,0,0,0,0,0,0,0,0,0,0,0,0,0,0,0,0,0,1.32520484158159e-05,0.000857915187085429,0.0011316841811286,0.00173187082555003,0.00105010586320099,0.000212708768017695,0.000125784488378103,0.000352247034507913,0.000953215066304807,0.000473725703407701,0.000210327233740422,0.000226002113349777,0.000488196376231646,3.82291993642479e-05,0,0,0,0,0,0,0,0,0,0,0,0,0,0,0,0,0,0,0,0,0,0,0,0,0,0,0,0,0,0,0,0,0,0,0,0,0,0,0,0,0,0,0,0,0,0,0,0,0,0,0,0,0,0,0,0,0,0,0,0,0,0
0,0,0,0,0,0,0,0,0,0,0,0,0,0,0,0,0,0,8.05510315610202e-06,2.29067862274954e-05,0,5.64125853163729e-06,5.77466206423106e-05,0.000450265215937822,0.000228079860474443,0.000895722401167405,0.00171357195133886,0.00203449538084518,0.0024461025783633,0.00152096086873612,0.000769926275943772,0.000434896373235567,0.000595538879851832,0.00045954883632143,0.000775691466757782,0.00128634838947948,0.000898905913953028,0.000182603779621163,1.39065706404435e-05,0,0,0,0,0,0,0,0,0,0,0,0,0,0,0,0,0,0,0,0,0,0,0,0,0,0,0,0,0,0,0,0,0,0,0,0,0,0,0,0,0,0,0,0,0,0,0,0,0,0,0,0,0,0,0,0,0,0,0,0,0
0,0,0,0,0,0,0,0,0,0,0,0,0,0,0,0,0,0,0.000122025833706384,0.000347012276910019,9.84897625558442e-05,0.000458541548512666,0.00136250325368265,0.00256454862578556,0.000928501273560138,0.00171699319517318,0.00142750420129443,0.00299233913167879,0.00280749599710642,0.00156071138419964,0.00124715691963632,0.00132353251544832,0.00152488904802647,0.000829693735011454,0.000729435344764359,0.000591927860920923,0.00109709343786861,0.00166263782528336,0.000971961944342745,0.000235301104096048,1.96147583061868e-05,0,0,0,0,0,0,0,0,0,0,0,0,0,0,0,0,0,0,0,0,0,0,0,0,0,0,0,0,0,0,0,0,0,0,0,0,0,0,0,0,0,0,0,0,0,0,0,0,0,0,0,0,0,0,0,0,0,0,0
0,0,0,0,0,0,0,0,0,0,0,0,0,0,0,0,0,0,1.31215991811731e-05,0.000136643212393337,0.000279403812882655,0.00112921096479976,0.00173438400373264,0.00282983031818029,0.00268848397684566,0.00378213454847197,0.00228613676261205,0.00131238484879015,0.00155233278697598,0.00178214775531039,0.00134183204404909,0.000502826384530492,0.000917848674368062,0.000926551392772831,0.00130258064982502,0.00136604727374682,0.00104866989016163,0.000659370894610207,0.00100277127040693,0.0013013554557235,0.000293947028406247,9.44713520031153e-05,0,0,0,0,0,0,0,0,0,0,0,0,0,0,0,0,0,0,0,0,0,0,0,0,0,0,0,0,0,0,0,0,0,0,0,0,0,0,0,0,0,0,0,0,0,0,0,0,0,0,0,0,0,0,0,0,0,0
0,0,0,0,0,0,0,0,0,0,0,0,0,0,0,0,0,0.000274566206174142,0.000224180378559143,0.000615359079729227,0.000954679477650633,0.00216413733194214,0.00427073662098189,0.00176927082173944,0.00230768997003046,0.00330185805711035,0.00178053703385618,0.000901912507033797,0.00160500669177506,0.00139312737730071,0.00116901027823068,0.000835573256272847,0.000867891380614705,0.00020303724530671,0.000469894368171673,0.000637292345199891,0.00165099958516045,0.00156420241654102,0.000813543576723189,0.00106384851571112,0.000117241282262458,0.00037455038014275,0,0,0,0,0,0,0,0,0,0,0,0,0,0,0,0,0,0,0,0,0,0,0,0,0,0,0,0,0,0,0,0,0,0,0,0,0,0,0,0,0,0,0,0,0,0,0,0,0,0,0,0,0,0,0,0,0,0
0,0,0,0,0,0,0,0,0,0,0,0,0,0,0,0,1.69281742563846e-05,0.000606675972430409,0.000582407558325744,0.000582967367307196,0.00233707072420806,0.00231901215222056,0.00250257881852313,0.00233192532544902,0.0025843565357532,0.00215297395284571,0.000969641488427549,0.00131017647020956,0.00126580574707852,0.0011313560409765,0.000817757343228196,0.000701776850624184,0.00122865161675339,0.000364368603175054,0.000691226481111644,0.000341292981814285,0.00110813195911126,0.00180382509892923,0.00202361277856489,0.000886848257093645,8.71952238891515e-05,2.3851359226336e-05,0.000197055189276013,0.000185656817863755,0,0,0,0,0,0,0,0,0,0,0,0,0,0,0,0,0,0,0,0,0,0,0,0,0,0,0,0,0,0,0,0,0,0,0,0,0,0,0,0,0,0,0,0,0,0,0,0,0,0,0,0,0,0,0,0
0,0,0,0,0,0,0,0,0,0,0,0,0,0,0,5.36153630275603e-06,0.000111355938504729,0.000791907835454047,0.00141833400897118,0.00145340895063644,0.00301652894425035,0.00337071216961784,0.00362910987082012,0.00320180954608538,0.00298094247531071,0.00114365368495931,0.000341223694729949,0.001003850489577,0.000505549686175506,0.000433541391649455,0.000659009307475866,0.000767317229616994,0.00154993336727075,0.000972902397609751,0.000715700507124528,0.000605841060237783,0.00133619036294992,0.00213322940235201,0.00114138143590839,0.00110444950939676,0.000454172506125033,0.000124240925834459,0.000563115992504092,0.000276280582320009,0,0,0,0,0,0,0,0,0,0,0,0,0,0,0,0,0,0,0,0,0,0,0,0,0,0,0,0,0,0,0,0,0,0,0,0,0,0,0,0,0,0,0,0,0,0,0,0,0,0,0,0,0,0,0,0
0,0,0,0,0,0,0,0,0,0,0,0,0,0,0,0.000474048556035747,0.000934781988484995,0.000675057287695226,0.00166916505728388,0.00248748085077038,0.00442557053800331,0.00452052694037729,0.0035238493216275,0.00317861571202702,0.00313211695473458,0.0015980191521203,0.000354609525801529,0.000971891427447206,0.00123747258796432,0.000583837100680969,0.000872403725851765,0.000355296405516061,0.000873266216563861,0.00108817343445825,0.000610965296518567,0.00120232014138513,0.000918789208049244,0.000880560636430329,0.000515489255577026,0.000347280274103381,6.15894585163755e-05,0.000448707865601324,0.000391717329898382,0.000137610260265411,0,0,0,0,0,0,0,0,0,0,0,0,0,0,0,0,0,0,0,0,0,0,0,0,0,0,0,0,0,0,0,0,0,0,0,0,0,0,0,0,0,0,0,0,0,0,0,0,0,0,0,0,0,0,0,0
0,0,0,0,0,0,0,0,0,0,0,0,0,0,3.80848970170637e-05,0.000856447440890139,0.0013534190853896,0.0028376397526576,0.00299902580379849,0.00311771269379969,0.00438109328834995,0.00626519396903403,0.00220070380994776,0.00189815495938796,0.00133312514151601,0.00199215813835837,0.00180928846812944,0.0010694995898894,0.000210378095837271,0.000262309555506564,0.00079739027018323,0.000662671991489483,0.000928250779338083,0.000375451223068073,0.000690054398066784,0.00103009429741796,0.000461439952448332,0.000744720147035505,0.000533294037349905,0.000374767776719817,0.000326016305623182,0.000511106003411146,0.000340175395828623,4.39276626953889e-05,0,0,0,0,0,0,0,0,0,0,0,0,0,0,0,0,0,0,0,0,0,0,0,0,0,0,0,0,0,0,0,0,0,0,0,0,0,0,0,0,0,0,0,0,0,0,0,0,0,0,0,0,0,0,0,0
0,0,0,0,0,0,0,0,0,0,0,0,0,0,9.14228193064888e-05,0.00155757419386558,0.00165605442490746,0.00445783429342757,0.00648064319805595,0.00506698448121904,0.00411526514322625,0.00405682202040111,0.0022371921264404,0.000982824851384133,0.000845641589905598,0.000609656527873402,0.00106865395448999,0.00137916094165366,0.00053584983486634,0.000452678700547919,0.000414874750231853,0.000634917548762923,0.00206294159569689,0.000630918795740331,0.000737747704127295,0.000499885373366091,0.0001963233162683,0.000799269247522074,0.000610042115359675,0.000354126401298085,0.000638093664970574,0.000571088189816244,0.000664767370345712,8.8700448504944e-05,0,0,0,0,0,0,0,0,0,0,0,0,0,0,0,0,0,0,0,0,0,0,0,0,0,0,0,0,0,0,0,0,0,0,0,0,0,0,0,0,0,0,0,0,0,0,0,0,0,0,0,0,0,0,0,0
0,0,0,0,0,0,0,0,0,0,0,0,0,0,1.89064407616597e-05,0.00099433409476225,0.00287305193828045,0.00415698376911496,0.00471833715077461,0.00527827715071787,0.00287179289562938,0.00241073258332733,0.000773503230617496,0.00131007202182685,0.00134354229143809,0.000625931087640592,0.000531769865419495,0.00123888439267047,0.00137334648809102,0.000548560673250427,0.000933108702421416,0.000996874228923847,0.000612526599039485,0.00161090277953328,0.000471602668141776,0.00114830431160771,9.5461405244512e-05,0.000459215232661902,0.000499697288572936,0.000220775439771129,0.00130401429820521,0.000577831612183928,0.000561206455795174,0.0005042295803944,0.000123964736442513,0,0,0,0,0,0,0,0,0,0,0,0,0,0,0,0,0,0,0,0,0,0,0,0,0,0,0,0,0,0,0,0,0,0,0,0,0,0,0,0,0,0,0,0,0,0,0,0,0,0,0,0,0,0,0
0,0,0,0,0,0,0,0,0,0,0,0,0,0,0.000655776917649769,0.000712233355402371,0.0020384758185265,0.00448352865542255,0.00508226748327474,0.00399500140763192,0.00385209689478607,0.00294777386005551,0.000788716480200704,0.00177273287789557,0.000741061252452741,0.00103737356446607,0.0008403746466371,0.000683956241215013,0.00078170947309153,0.000776628950206057,0.000458769689232769,0.000440906372660926,0.000543033907910152,0.000796023056173796,0.000992264663420074,0.00070819913466231,0.00104556921297649,0.00101559142187768,0.0010225546025555,0.000930398194779074,0.000664024089235976,0.0002232545163651,1.02700345091609e-05,0.000673216171126948,0.000192182643037774,0,0,0,0,0,0,0,0,0,0,0,0,0,0,0,0,0,0,0,0,0,0,0,0,0,0,0,0,0,0,0,0,0,0,0,0,0,0,0,0,0,0,0,0,0,0,0,0,0,0,0,0,0,0,0
0,0,0,0,0,0,0,0,0,0,0,0,5.37935095880525e-05,5.67419541296505e-05,0.000766474728518477,0.00153876807047303,0.00441149893908569,0.00535224920113365,0.00528411359923586,0.00527643890697234,0.00260275830087652,0.00262454921153054,0.00199564977161797,0.000689241491622063,0.00108803086290413,0.000653927931256686,0.000916936382796525,0.00054432024023073,0.000365278248053601,0.000919359486308714,0.000294708790500487,0.000599556336905948,0.00123668073507924,0.000456891928595417,0.00024351353035436,0.000669559237383188,0.00057362002840821,0.000985852030292806,0.00129383362348588,0.000346103242297527,0.000575876599048282,0.00109752758530762,0.000107347771892303,4.42066687574739e-05,1.62009809564706e-05,0.000120636479425773,3.6409932029382e-05,0,0,0,0,0,0,0,0,0,0,0,0,0,0,0,0,0,0,0,0,0,0,0,0,0,0,0,0,0,0,0,0,0,0,0,0,0,0,0,0,0,0,0,0,0,0,0,0,0,0,0,0,0
0,0,0,0,0,0,0,0,0,0,0,0,0.000237254431320976,0.000986615140847412,0.000562660555918711,0.00304039006155612,0.00475205813890155,0.0067945542970214,0.00460304009355057,0.00556674603708683,0.00292929424382011,0.000891344558261128,0.00100914707230313,0.000558653824618287,0.000640371612159982,0.00142460367987048,0.00108063254203192,0.000786229509052066,0.000970313131959384,0.00102225338511492,0.000516634148754015,0.000222645473766403,0.000443968514144705,0.00107006438069501,0.000289710598894424,0.000755512122246482,0.000821109375390568,0.000279125020158942,5.95912339136385e-05,0.000236174332953908,0.00048124682912439,0.000403043420830583,1.40042086049628e-05,0.00031355175643176,0,0.000482954541456771,0.000288484782089461,0,0,0,0,0,0,0,0,0,0,0,0,0,0,0,0,0,0,0,0,0,0,0,0,0,0,0,0,0,0,0,0,0,0,0,0,0,0,0,0,0,0,0,0,0,0,0,0,0,0,0,0,0
0,0,0,0,0,0,0,0,0,0,0,0,0.000127942038841725,0.000801481740223326,0.00136728683403715,0.00218402832084022,0.00407828894683251,0.00622653549857974,0.00558144687614766,0.00414300850192715,0.00313361389828538,0.000893372029313181,0.000552273544627352,0.0015278868776354,0.000486232389156206,0.00102762554243395,0.000565365777578758,0.000563151271381761,0.00026485362868879,0.000613614500704815,0.000724772401280305,0.000394904607959505,0.000572382450835454,0.00126805055585048,0.000378061420593222,0.000499258591187259,0.00111040421916678,0.000729863005431037,0.000392957550305963,0.00037218032785596,0.000544864219147425,0.000747801908282006,0.000617483970253102,0.000269605867663792,1.87140387240392e-05,7.61725117847382e-05,3.48777225919555e-05,0,0,0,0,0,0,0,0,0,0,0,0,0,0,0,0,0,0,0,0,0,0,0,0,0,0,0,0,0,0,0,0,0,0,0,0,0,0,0,0,0,0,0,0,0,0,0,0,0,0,0,0,0
0,0,0,0,0,0,0,0,0,0,0,0,0.000259437517868098,0.000330257948365921,0.00189298910524268,0.00372718367860952,0.0036521742534838,0.00506006838002147,0.00476541742140596,0.00360236719892347,0.00349946607027743,0.00105701577652723,0.000695340015841475,0.000761581022769306,0.0013321850820644,0.000634252236573917,0.00104262492956059,0.000802966795428854,0.00086872980892287,0.00120830966145189,0.00115404051179531,0.00066807507353366,0.000928773800764086,0.00210142372529702,0.000665388537994732,0.00124561181802283,0.000964747022606052,0.00044199639080796,0.000156485430322054,0.000206751786429199,0.00149940861755848,0.00238635151631048,0.000994494673970863,0.000181153075915786,0.00043599987017922,0.000299828527436831,0,0,0,0,0,0,0,0,0,0,0,0,0,0,0,0,0,0,0,0,0,0,0,0,0,0,0,0,0,0,0,0,0,0,0,0,0,0,0,0,0,0,0,0,0,0,0,0,0,0,0,0,0,0
0,0,0,0,0,0,0,0,0,0,0,0,6.02045305389813e-05,0.00063869487101486,0.00161267279454297,0.00343823562614795,0.00380754496626385,0.00308964347148206,0.0039267656108115,0.00408035386314798,0.00456513381076861,0.00374504650278867,0.00140878797018473,0.000497464007292877,0.00103445451337945,0.00032573590456236,0.000406594586490665,0.000279924779674874,0.00136457670055571,0.000598297604137047,0.000988582240729279,0.00106581733247018,0.000881460836123116,0.00107226693817446,0.000657328170311945,0.000358124640648278,0.000307472597928988,0.000423741595377122,0.000696964139712388,0.000803449401940993,0.000455466467621853,0.00110302068497031,0.00037162428109385,0.0001477091317426,0.000309235649248579,0.000241185527483997,0,0,0,0,0,0,0,0,0,0,0,0,0,0,0,0,0,0,0,0,0,0,0,0,0,0,0,0,0,0,0,0,0,0,0,0,0,0,0,0,0,0,0,0,0,0,0,0,0,0,0,0,0,0
0,0,0,0,0,0,0,0,0,0,0,0,0,7.64021290901009e-05,0.000795241640886249,0.00155316377675111,0.00354589724729575,0.00518164907012985,0.0057824373849154,0.00428080895236968,0.00304397078208375,0.00371843086427053,0.00122568808132736,0.000597889035057522,0.000540980665958567,0.000401378666935529,0.000585492293927975,0.000249282586307789,0.000850330919993919,0.000317938097825703,0.000911905032415538,0.00157964954255506,0.000990972212013861,0.000615779858227677,0.000443308830701619,0.000279769226587689,5.48345932696489e-05,0.000224110517542449,0.000858613933265298,0.000737835963589733,0.000192596708218492,0.000313250353782081,0.000198302991399188,0.000247165709968086,0.000168426989432169,3.53915720685783e-05,0,0,0,0,0,0,0,0,0,0,0,0,0,0,0,0,0,0,0,0,0,0,0,0,0,0,0,0,0,0,0,0,0,0,0,0,0,0,0,0,0,0,0,0,0,0,0,0,0,0,0,0,0,0
0,0,0,0,0,0,0,0,0,0,0,0,0,0.000126689011310573,0.000997305205773298,0.00394708980717955,0.00558703711543535,0.00726100853172803,0.00531929486847591,0.00393577932897377,0.00273942855183055,0.0018959516929399,0.000275190681536365,0.00025126301893511,0.00107643441273486,0.000851518338970122,0.000846974567681578,0.000412227627200416,0.000783854273483667,0.000412574874220847,0.000575217301114818,0.000986910611652569,0.00022392455256826,0.000623870991501413,0.000202470159274347,0.000117027208355408,0.000434541309558477,0.000468060333418112,0.000471663784051469,0.000528242479972485,0.000473863965244655,0.000122133833342109,0.000241393444661082,0.000449040986823517,3.28063370956647e-05,0,0,0,0,0,0,0,0,0,0,0,0,0,0,0,0,0,0,0,0,0,0,0,0,0,0,0,0,0,0,0,0,0,0,0,0,0,0,0,0,0,0,0,0,0,0,0,0,0,0,0,0,0,0,0
0,0,0,0,0,0,0,0,0,0,0,0,0,0.000203530878607029,0.000313002598602864,0.00194098379372667,0.00442217966746808,0.00565676855916938,0.00587619743257673,0.00477342444558717,0.00271521353026226,0.000777191726553069,0.00105014340589683,0.000978914587042345,0.00229803544139621,0.00105240367777278,0.000597991734422267,0.000236062181856188,0.000111823716368862,0.000216467133294084,0.000662052529203481,0.00104006777810637,0.000377289669384934,0.000615330019951268,0.000350639268536007,0.000248514089332697,0.000365927138691929,0.00100659853424822,0.000782775889519077,0.000813190083949644,0.000250568249317191,0.000381438497785289,0.000622751500584,0.000189563493232853,0.000432088502639035,1.29246412883158e-05,0,0,0,0,0,0,0,0,0,0,0,0,0,0,0,0,0,0,0,0,0,0,0,0,0,0,0,0,0,0,0,0,0,0,0,0,0,0,0,0,0,0,0,0,0,0,0,0,0,0,0,0,0,0
0,0,0,0,0,0,0,0,0,0,0,0,0,0,4.80820893608819e-05,0.000631775104431294,0.00275599075812343,0.00407088500419498,0.00338012195062222,0.00470248658917772,0.00323109826399825,0.00149600765442344,0.000952917628978736,0.000901025522168838,0.0022234888769158,0.000561746928853889,0.000609813119053046,0.000250596994574607,0.000105405470558562,3.91429616731438e-06,0.00036709119220751,0.00124583787172868,0.00057165551006726,0.000316349050430437,0.00035120401653642,0.00133127620551227,0.000662959960871101,0.000261599315608435,0.000132428901910038,0.000444441333575136,0.000196177839838272,6.64821781536076e-05,0.000429291860189252,0.000359710077489305,6.22632764824127e-05,1.90284449277463e-06,0,0,0,0,0,0,0,0,0,0,0,0,0,0,0,0,0,0,0,0,0,0,0,0,0,0,0,0,0,0,0,0,0,0,0,0,0,0,0,0,0,0,0,0,0,0,0,0,0,0,0,0,0,0
0,0,0,0,0,0,0,0,0,0,0,0,0,0,0.000342419724252616,0.00129406025290124,0.00153197445829551,0.00367628444656623,0.00385248416023405,0.00353391107920909,0.00324609465317191,0.00266832245701655,0.00207288985333115,0.0021229561348714,0.000956353865528678,0.0011886817650835,0.00136939659745394,0.000671401647549562,0.000654575709483389,0.000766888517782065,0.00124718967483494,0.000473126923387918,0.000987651330082181,4.24303573197408e-05,0.000311515769609502,0.000769642969370718,0.000361776189264303,7.54656330446509e-05,0.000514443240796245,0.000578686382288798,0.000818215202249476,0.000407185887645292,0.000404124560458938,0.000113325642097196,7.26354478695334e-05,0,0,0,0,0,0,0,0,0,0,0,0,0,0,0,0,0,0,0,0,0,0,0,0,0,0,0,0,0,0,0,0,0,0,0,0,0,0,0,0,0,0,0,0,0,0,0,0,0,0,0,0,0,0,0
0,0,0,0,0,0,0,0,0,0,0,0,0,0,0.000174826968505457,0.000880066955563446,0.0011084171477044,0.00170915838600547,0.00278584676741171,0.00320598800737325,0.00539503355325308,0.00383975511527096,0.00138816163948734,0.0013137761943334,0.000731562422437104,0.00109930761931302,0.000785139956520575,0.000502852243346434,0.00113227771215626,0.0011936161237965,0.000881381757407795,0.00113482370697743,0.000444001321541656,0.000234683429436889,0.000717486068443185,0.000500073686717553,0.00075052393367635,0.000857602868567736,0.00100179556559885,0.000357020631377303,0.000732184727872057,0.000314593963893213,0.000132504123388674,0.000188076767492767,0.000145209899604176,0,0,0,0,0,0,0,0,0,0,0,0,0,0,0,0,0,0,0,0,0,0,0,0,0,0,0,0,0,0,0,0,0,0,0,0,0,0,0,0,0,0,0,0,0,0,0,0,0,0,0,0,0,0,0
0,0,0,0,0,0,0,0,0,0,0,0,0,0,0.000300929978550113,0.000137780477087501,0.000364905744919175,0.000882753624858468,0.00236206659136688,0.00351569856104678,0.00317099447235112,0.00334747592274538,0.00213681860785896,0.00171687412457271,0.00175872111243119,0.000986563325690902,0.000646145111373571,0.00107652271831583,0.000948340806640422,0.00131104523176725,0.00107736400743741,0.000639762779886418,0.000803659415867402,0.000803582888188106,0.00103950187679384,0.000518735157415007,0.000679942157534939,0.000900896172221948,0.00085736883706522,6.93130184345364e-05,0.000605467586817778,9.57279079932821e-05,0,0,0,0,0,0,0,0,0,0,0,0,0,0,0,0,0,0,0,0,0,0,0,0,0,0,0,0,0,0,0,0,0,0,0,0,0,0,0,0,0,0,0,0,0,0,0,0,0,0,0,0,0,0,0,0,0,0
0,0,0,0,0,0,0,0,0,0,0,0,0,0,0,4.48768833806415e-05,0.000443413229084157,0.00085202029005654,0.00213309830250031,0.00259561822024347,0.00242300586942465,0.0027730283573068,0.00188743620244507,0.00131872110312126,0.00100598183674843,0.00157790392122961,0.000885758770620382,0.000668933526141637,0.0011534570114563,0.0018196631773218,0.00203452134930269,0.000755640577535232,0.00105908289924339,0.000961839070263293,0.00137299953978947,0.0003550295642544,0.000469215689208654,0.000650535326960007,0.00137048850515513,0.000486398682597156,3.29075638285993e-06,7.46977626320904e-07,0,0,0,0,0,0,0,0,0,0,0,0,0,0,0,0,0,0,0,0,0,0,0,0,0,0,0,0,0,0,0,0,0,0,0,0,0,0,0,0,0,0,0,0,0,0,0,0,0,0,0,0,0,0,0,0,0,0
0,0,0,0,0,0,0,0,0,0,0,0,0,0,0,0,0,1.953526438565e-06,0.000831225093487282,0.00112600255098148,0.00219624864370152,0.0023737046426664,0.00171345653198768,0.00130819999855721,0.00112694263747382,0.00061373833297207,0.00111499587372116,0.00118161702884333,0.00117168452308084,0.00143462543327992,0.000848038912515794,0.000719826019228955,0.000978965475978892,0.000646742965297228,0.000932218266070278,0.00160629027231383,0.00208607874108682,0.00062027939882971,0.000251851507792968,0.000442832531525991,3.94405131228529e-05,0,0,0,0,0,0,0,0,0,0,0,0,0,0,0,0,0,0,0,0,0,0,0,0,0,0,0,0,0,0,0,0,0,0,0,0,0,0,0,0,0,0,0,0,0,0,0,0,0,0,0,0,0,0,0,0,0,0,0
0,0,0,0,0,0,0,0,0,0,0,0,0,0,0,0,0,0.000224023399498867,0.000183565372723772,0.000452519766068871,0.00090659331396528,0.0019579465611612,0.00187900307610145,0.00172382567673103,0.000934189127439808,0.00227907964978402,0.00160694808694126,0.00180878562824905,0.00182183448374129,0.001122273853747,0.000665100249307083,0.00128108141747735,0.00169264587343528,0.00108415430770494,0.00143502219291106,0.00115394910794072,0.000953832970604279,0.000497957861846586,4.04050763619634e-05,0.000991393511645166,0.000180211183563712,0,0,0,0,0,0,0,0,0,0,0,0,0,0,0,0,0,0,0,0,0,0,0,0,0,0,0,0,0,0,0,0,0,0,0,0,0,0,0,0,0,0,0,0,0,0,0,0,0,0,0,0,0,0,0,0,0,0,0
0,0,0,0,0,0,0,0,0,0,0,0,0,0,0,0,0,0.000234234812056561,2.18673462043694e-05,7.62592796497041e-05,2.53006779971021e-05,0.000617604432578285,0.00085187448092478,0.000947895371397923,0.000763428904258896,0.00148090962533693,0.00184354931446898,0.0010556854944712,0.000949260620280982,0.00129639982851125,0.00132965820610214,0.000519406842567364,0.000628320073792129,0.00120625353436933,0.000801497314978704,7.49284844918568e-05,0.000347651235579709,0.000424937863776065,2.15485514656244e-05,2.42389375016883e-06,7.61493989039235e-07,0,0,0,0,0,0,0,0,0,0,0,0,0,0,0,0,0,0,0,0,0,0,0,0,0,0,0,0,0,0,0,0,0,0,0,0,0,0,0,0,0,0,0,0,0,0,0,0,0,0,0,0,0,0,0,0,0,0,0
0,0,0,0,0,0,0,0,0,0,0,0,0,0,0,0,0,0,0,0,3.87235104882617e-05,0.000951429644669209,0.000995719899232057,0.000912208262078791,0.000991706532307716,0.000368666882822802,0.000936858856664146,0.000656082444669409,0.000157525218190419,0.00110203911461181,0.000683905692554015,0.000369709902805158,9.32603795190994e-05,0.000445070185656028,0.000181150437147956,0,0.00030524303071062,0.000180180649337573,0,0,0,0,0,0,0,0,0,0,0,0,0,0,0,0,0,0,0,0,0,0,0,0,0,0,0,0,0,0,0,0,0,0,0,0,0,0,0,0,0,0,0,0,0,0,0,0,0,0,0,0,0,0,0,0,0,0,0,0,0,0
0,0,0,0,0,0,0,0,0,0,0,0,0,0,0,0,0,0,0,0,2.18609254916367e-06,0.000247528790049752,0.000519412341726443,0.000213580300973793,0.000169850706248016,0.000499628731394863,0.000774430222382081,0.000870164377522631,0.000174446989978675,0.000532230132386374,0.000190542613462844,0.000650395428157447,0.000131568609838515,0.000109353727542686,0.000360532025176316,0.000304855684161115,2.86392247895612e-05,0,0,0,0,0,0,0,0,0,0,0,0,0,0,0,0,0,0,0,0,0,0,0,0,0,0,0,0,0,0,0,0,0,0,0,0,0,0,0,0,0,0,0,0,0,0,0,0,0,0,0,0,0,0,0,0,0,0,0,0,0,0,0
0,0,0,0,0,0,0,0,0,0,0,0,0,0,0,0,0,0,0,0,0,0,0,0.000654877976235024,0.000260784973657142,0.000315928130782447,0.000121128368959529,0.00022240726585326,0.000383470810019924,0.000406889874210607,0.000122793567633475,2.02990521799241e-05,6.42209822593097e-06,7.00831036749631e-06,2.31059369135022e-05,0.000470824497113269,0.000188744176687032,0,0,0,0,0,0,0,0,0,0,0,0,0,0,0,0,0,0,0,0,0,0,0,0,0,0,0,0,0,0,0,0,0,0,0,0,0,0,0,0,0,0,0,0,0,0,0,0,0,0,0,0,0,0,0,0,0,0,0,0,0,0,0
0,0,0,0,0,0,0,0,0,0,0,0,0,0,0,0,0,0,0,0,0,0,0,2.27233481732425e-05,1.13308378628802e-05,9.06670288687962e-05,0.000369753124918394,0.000160330546271695,0.000330369817264781,0,0,0,0,0,0,4.48232011455187e-06,2.45409713447063e-06,0,0,0,0,0,0,0,0,0,0,0,0,0,0,0,0,0,0,0,0,0,0,0,0,0,0,0,0,0,0,0,0,0,0,0,0,0,0,0,0,0,0,0,0,0,0,0,0,0,0,0,0,0,0,0,0,0,0,0,0,0,0,0
0,0,0,0,0,0,0,0,0,0,0,0,0,0,0,0,0,0,0,0,0,0,0,0,0,0,0,0,0,0,0,0,0,0,0,0,0,0,0,0,0,0,0,0,0,0,0,0,0,0,0,0,0,0,0,0,0,0,0,0,0,0,0,0,0,0,0,0,0,0,0,0,0,0,0,0,0,0,0,0,0,0,0,0,0,0,0,0,0,0,0,0,0,0,0,0,0,0,0,0
0,0,0,0,0,0,0,0,0,0,0,0,0,0,0,0,0,0,0,0,0,0,0,0,0,0,0,0,0,0,0,0,0,0,0,0,0,0,0,0,0,0,0,0,0,0,0,0,0,0,0,0,0,0,0,0,0,0,0,0,0,0,0,0,0,0,0,0,0,0,0,0,0,0,0,0,0,0,0,0,0,0,0,0,0,0,0,0,0,0,0,0,0,0,0,0,0,0,0,0
0,0,0,0,0,0,0,0,0,0,0,0,0,0,0,0,0,0,0,0,0,0,0,0,0,0,0,0,0,0,0,0,0,0,0,0,0,0,0,0,0,0,0,0,0,0,0,0,0,0,0,0,0,0,0,0,0,0,0,0,0,0,0,0,0,0,0,0,0,0,0,0,0,0,0,0,0,0,0,0,0,0,0,0,0,0,0,0,0,0,0,0,0,0,0,0,0,0,0,0
0,0,0,0,0,0,0,0,0,0,0,0,0,0,0,0,0,0,0,0,0,0,0,0,0,0,0,0,0,0,0,0,0,0,0,0,0,0,0,0,0,0,0,0,0,0,0,0,0,0,0,0,0,0,0,0,0,0,0,0,0,0,0,0,0,0,0,0,0,0,0,0,0,0,0,0,0,0,0,0,0,0,0,0,0,0,0,0,0,0,0,0,0,0,0,0,0,0,0,0
0,0,0,0,0,0,0,0,0,0,0,0,0,0,0,0,0,0,0,0,0,0,0,0,0,0,0,0,0,0,0,0,0,0,0,0,0,0,0,0,0,0,0,0,0,0,0,0,0,0,0,0,0,0,0,0,0,0,0,0,0,0,0,0,0,0,0,0,0,0,0,0,0,0,0,0,0,0,0,0,0,0,0,0,0,0,0,0,0,0,0,0,0,0,0,0,0,0,0,0
0,0,0,0,0,0,0,0,0,0,0,0,0,0,0,0,0,0,0,0,0,0,0,0,0,0,0,0,0,0,0,0,0,0,0,0,0,0,0,0,0,0,0,0,0,0,0,0,0,0,0,0,0,0,0,0,0,0,0,0,0,0,0,0,0,0,0,0,0,0,0,0,0,0,0,0,0,0,0,0,0,0,0,0,0,0,0,0,0,0,0,0,0,0,0,0,0,0,0,0
0,0,0,0,0,0,0,0,0,0,0,0,0,0,0,0,0,0,0,0,0,0,0,0,0,0,0,0,0,0,0,0,0,0,0,0,0,0,0,0,0,0,0,0,0,0,0,0,0,0,0,0,0,0,0,0,0,0,0,0,0,0,0,0,0,0,0,0,0,0,0,0,0,0,0,0,0,0,0,0,0,0,0,0,0,0,0,0,0,0,0,0,0,0,0,0,0,0,0,0
0,0,0,0,0,0,0,0,0,0,0,0,0,0,0,0,0,0,0,0,0,0,0,0,0,0,0,0,0,0,0,0,0,0,0,0,0,0,0,0,0,0,0,0,0,0,0,0,0,0,0,0,0,0,0,0,0,0,0,0,0,0,0,0,0,0,0,0,0,0,0,0,0,0,0,0,0,0,0,0,0,0,0,0,0,0,0,0,0,0,0,0,0,0,0,0,0,0,0,0
0,0,0,0,0,0,0,0,0,0,0,0,0,0,0,0,0,0,0,0,0,0,0,0,0,0,0,0,0,0,0,0,0,0,0,0,0,0,0,0,0,0,0,0,0,0,0,0,0,0,0,0,0,0,0,0,0,0,0,0,0,0,0,0,0,0,0,0,0,0,0,0,0,0,0,0,0,0,0,0,0,0,0,0,0,0,0,0,0,0,0,0,0,0,0,0,0,0,0,0
0,0,0,0,0,0,0,0,0,0,0,0,0,0,0,0,0,0,0,0,0,0,0,0,0,0,0,0,0,0,0,0,0,0,0,0,0,0,0,0,0,0,0,0,0,0,0,0,0,0,0,0,0,0,0,0,0,0,0,0,0,0,0,0,0,0,0,0,0,0,0,0,0,0,0,0,0,0,0,0,0,0,0,0,0,0,0,0,0,0,0,0,0,0,0,0,0,0,0,0
0,0,0,0,0,0,0,0,0,0,0,0,0,0,0,0,0,0,0,0,0,0,0,0,0,0,0,0,0,0,0,0,0,0,0,0,0,0,0,0,0,0,0,0,0,0,0,0,0,0,0,0,0,0,0,0,0,0,0,0,0,0,0,0,0,0,0,0,0,0,0,0,0,0,0,0,0,0,0,0,0,0,0,0,0,0,0,0,0,0,0,0,0,0,0,0,0,0,0,0
0,0,0,0,0,0,0,0,0,0,0,0,0,0,0,0,0,0,0,0,0,0,0,0,0,0,0,0,0,0,0,0,0,0,0,0,0,0,0,0,0,0,0,0,0,0,0,0,0,0,0,0,0,0,0,0,0,0,0,0,0,0,0,0,0,0,0,0,0,0,0,0,0,0,0,0,0,0,0,0,0,0,0,0,0,0,0,0,0,0,0,0,0,0,0,0,0,0,0,0
0,0,0,0,0,0,0,0,0,0,0,0,0,0,0,0,0,0,0,0,0,0,0,0,0,0,0,0,0,0,0,0,0,0,0,0,0,0,0,0,0,0,0,0,0,0,0,0,0,0,0,0,0,0,0,0,0,0,0,0,0,0,0,0,0,0,0,0,0,0,0,0,0,0,0,0,0,0,0,0,0,0,0,0,0,0,0,0,0,0,0,0,0,0,0,0,0,0,0,0
0,0,0,0,0,0,0,0,0,0,0,0,0,0,0,0,0,0,0,0,0,0,0,0,0,0,0,0,0,0,0,0,0,0,0,0,0,0,0,0,0,0,0,0,0,0,0,0,0,0,0,0,0,0,0,0,0,0,0,0,0,0,0,0,0,0,0,0,0,0,0,0,0,0,0,0,0,0,0,0,0,0,0,0,0,0,0,0,0,0,0,0,0,0,0,0,0,0,0,0
0,0,0,0,0,0,0,0,0,0,0,0,0,0,0,0,0,0,0,0,0,0,0,0,0,0,0,0,0,0,0,0,0,0,0,0,0,0,0,0,0,0,0,0,0,0,0,0,0,0,0,0,0,0,0,0,0,0,0,0,0,0,0,0,0,0,0,0,0,0,0,0,0,0,0,0,0,0,0,0,0,0,0,0,0,0,0,0,0,0,0,0,0,0,0,0,0,0,0,0
