0,0,0,0,0,0,0,0,0,0,0,0,0,0,0,0,0,0,0,0,0,0,0,0,0,0,0,0,0,0,0,0,0,0,0,0,0,0,0,0,0,0,0,0,0,0,0,0,0,0,0,0,0,0,0,0,0,0,0,0,0,0,0,0,0,0,0,0,0,0,0,0,0,0,0,0,0,0,0,0,0,0,0,0,0,0,0,0,0,0,0,0,0,0,0,0,0,0,0,0
0,0,0,0,0,0,0,0,0,0,0,0,0,0,0,0,0,0,0,0,0,0,0,0,0,0,0,0,0,0,0,0,0,0,0,0,0,0,0,0,0,0,0,0,0,0,0,0,0,0,0,0,0,0,0,0,0,0,0,0,0,0,0,0,0,0,0,0,0,0,0,0,0,0,0,0,0,0,0,0,0,0,0,0,0,0,0,0,0,0,0,0,0,0,0,0,0,0,0,0
0,0,0,0,0,0,0,0,0,0,0,0,0,0,0,0,0,0,0,0,0,0,0,0,0,0,0,0,0,0,0,0,0,0,0,0,0,0,0,0,0,0,0,0,0,0,0,0,0,0,0,0,0,0,0,0,0,0,0,0,0,0,0,0,0,0,0,0,0,0,0,0,0,0,0,0,0,0,0,0,0,0,0,0,0,0,0,0,0,0,0,0,0,0,0,0,0,0,0,0
0,0,0,0,0,0,0,0,0,0,0,0,0,0,0,0,0,0,0,0,0,0,0,0,0,0,0,0,0,0,0,0,0,0,0,0,0,0,0,0,0,0,0,0,0,0,0,0,0,0,0,0,0,0,0,0,0,0,0,0,0,0,0,0,0,0,0,0,0,0,0,0,0,0,0,0,0,0,0,0,0,0,0,0,0,0,0,0,0,0,0,0,0,0,0,0,0,0,0,0
0,0,0,0,0,0,0,0,0,0,0,0,0,0,0,0,0,0,0,0,0,0,0,0,0,0,0,0,0,0,0,0,0,0,0,0,0,0,0,0,0,0,0,0,0,0,0,0,0,0,0,0,0,0,0,0,0,0,0,0,0,0,0,0,0,0,0,0,0,0,0,0,0,0,0,0,0,0,0,0,0,0,0,0,0,0,0,0,0,0,0,0,0,0,0,0,0,0,0,0
0,0,0,0,0,0,0,0,0,0,0,0,0,0,0,0,0,0,0,0,0,0,0,0,0,0,0,0,0,0,0,0,0,0,0,0,0,0,0,0,0,0,0,0,0,0,0,0,0,0,0,0,0,0,0,0,0,0,0,0,0,0,0,0,0,0,0,0,0,0,0,0,0,0,0,0,0,0,0,0,0,0,0,0,0,0,0,0,0,0,0,0,0,0,0,0,0,0,0,0
0,0,0,0,0,0,0,0,0,0,0,0,0,0,0,0,0,0,0,0,0,0,0,0,0,0,0,0,0,0,0,0,0,0,0,0,0,0,0,0,0,0,0,0,0,0,0,0,0,0,0,0,0,0,0,0,0,0,0,0,0,0,0,0,0,0,0,0,0,0,0,0,0,0,0,0,0,0,0,0,0,0,0,0,0,0,0,0,0,0,0,0,0,0,0,0,0,0,0,0
0,0,0,0,0,0,0,0,0,0,0,0,0,0,0,0,0,0,0,0,0,0,0,0,0,0,0,0,0,0,0,0,0,0,0,0,0,0,0,0,0,0,0,0,0,0,0,0,0,0,0,0,0,0,0,0,0,0,0,0,0,0,0,0,0,0,0,0,0,0,0,0,0,0,0,0,0,0,0,0,0,0,0,0,0,0,0,0,0,0,0,0,0,0,0,0,0,0,0,0
0,0,0,0,0,0,0,0,0,0,0,0,0,0,0,0,0,0,0,0,0,0,0,0,0,0,0,0,0,0,0,0,0,0,0,0,0,0,0,0,0,0,0,0,0,0,0,0,0,0,0,0,0,0,0,0,0,0,0,0,0,0,0,0,0,0,0,0,0,0,0,0,0,0,0,0,0,0,0,0,0,0,0,0,0,0,0,0,0,0,0,0,0,0,0,0,0,0,0,0
0,0,0,0,0,0,0,0,0,0,0,0,0,0,0,0,0,0,0,0,0,0,0,0,0,0,0,0,0,0,0,0,0,0,0,0,0,0,0,0,0,0,0,0,0,0,0,0,0,0,0,0,0,0,0,0,0,0,0,0,0,0,0,0,0,0,0,0,0,0,0,0,0,0,0,0,0,0,0,0,0,0,0,0,0,0,0,0,0,0,0,0,0,0,0,0,0,0,0,0
0,0,0,0,0,0,0,0,0,0,0,0,0,0,0,0,0,0,0,0,0,0,0,0,0,0,0,0,0,0,0,0,0,0,0,0,0,0,0,0,0,0,0,0,0,0,0,0,0,0,0,0,0,0,0,0,0,0,0,0,0,0,0,0,0,0,0,0,0,0,0,0,0,0,0,0,0,0,0,0,0,0,0,0,0,0,0,0,0,0,0,0,0,0,0,0,0,0,0,0
0,0,0,0,0,0,0,0,0,0,0,0,0,0,0,0,0,0,0,0,0,0,0,0,0,0,0,0,0,0,0,0,0,0,0,0,0,0,0,0,0,0,0,0,0,0,0,0,0,0,0,0,0,0,0,0,0,0,0,0,0,0,0,0,0,0,0,0,0,0,0,0,0,0,0,0,0,0,0,0,0,0,0,0,0,0,0,0,0,0,0,0,0,0,0,0,0,0,0,0
0,0,0,0,0,0,0,0,0,0,0,0,0,0,0,0,0,0,0,0,0,0,0,0,0,0,0,0,0,0,0,0,0,0,0,0,0,0,0,0,0,0,0,0,0,0,0,0,0,0,0,0,0,0,0,0,0,0,0,0,0,0,0,0,0,0,0,0,0,0,0,0,0,0,0,0,0,0,0,0,0,0,0,0,0,0,0,0,0,0,0,0,0,0,0,0,0,0,0,0
0,0,0,0,0,0,0,0,0,0,0,0,0,0,0,0,0,0,0,0,0,0,0,0,0,0,0,0,0,0,0,0,0,0,0,0,0,0,0,0,0,0,0,0,0,0,0,0,0,0,0,0,0,0,0,0,0,0,0,0,0,0,0,0,0,0,0,0,0,0,0,0,0,0,0,0,0,0,0,0,0,0,0,0,0,0,0,0,0,0,0,0,0,0,0,0,0,0,0,0
0,0,0,0,0,0,0,0,0,0,0,0,0,0,0,0,0,0,0,0,0,0,0,0,0,0,0,0,0,0,0,0,0,0,0,0,0,0,0,0,0,0,0,0,0,0,0,0,0,0,0,0,0,0,0,0,0,0,0,0,0,0,0,0,0,0,0,0,0,0,0,0,0,0,0,0,0,0,0,0,0,0,0,0,0,0,0,0,0,0,0,0,0,0,0,0,0,0,0,0
0,0,0,0,0,0,0,0,0,0,0,0,0,0,0,0,0,0,0,0,0,0,0,0,0,0,0,0,0,0,0,0,0,0,0,0,0,0,0,0,0,0,0,0,0,0,0,0,0,0,0,0,0,0,0,0,0,0,0,0,0,0,0,0,0,0,0,0,0,0,0,0,0,0,0,0,0,0,0,0,0,0,0,0,0,0,0,0,0,0,0,0,0,0,0,0,0,0,0,0
0,0,0,0,0,0,0,0,0,0,0,0,0,0,0,0,0,0,0,0,0,0,0,0,0,0,0,0,0,0,0,0,0,0,0,0,0,0,0,0,0,0,0,0,0,0,0,0,0,0,0,0,0,0,0,0,0,0,0,0,0,0,0,0,0,0,0,0,0,0,0,0,0,0,0,0,0,0,0,0,0,0,0,0,0,0,0,0,0,0,0,0,0,0,0,0,0,0,0,0
0,0,0,0,0,0,0,0,0,0,0,0,0,0,0,0,0,0,0,0,0,0,0,0,0,0,0,0,0,0,0,0,0,0,0,0,0,0,0,0,0,0,0,0,0,0,0,0,0,0,0,0,0,0,0,0,0,0,0,0,0,0,0,0,0,0,0,0,0,0,0,0,0,0,0,0,0,0,0,0,0,0,0,0,0,0,0,0,0,0,0,0,0,0,0,0,0,0,0,0
0,0,0,0,0,0,0,0,0,0,0,0,0,0,0,0,0,0,0,0,0,0,0,0,0,0,0,0,0,0,0,0,0,0,0,0,0,0,0,0,0,0,0,0,0,0,0,0,0,0,0,0,0,0,0,0,0,0,0,0,0,0,0,0,0,0,0,0,0,0,0,0,0,0,0,0,0,0,0,0,0,0,0,0,0,0,0,0,0,0,0,0,0,0,0,0,0,0,0,0
0,0,0,0,0,0,0,0,0,0,0,0,0,0,0,0,0,0,0,0,0,0,0,0,0,0,0,0,0,0,0,0,0,0,0,0,0,0,0,0,0,0,0,0,0,0,0,0,0,0,0,0,0,0,0,0,0,0,0,0,0,0,0,0,0,0,0,0,0,0,0,0,0,0,0,0,0,0,0,0,0,0,0,0,0,0,0,0,0,0,0,0,0,0,0,0,0,0,0,0
0,0,0,0,0,0,0,0,0,0,0,0,0,0,0,0,0,0,0,0,0,0,0,0,0,0,0,0,0,0,0,0,0,0,0,0,0,0,0,0,0,0,0,0,0,0,0,0,0,0,0,0,0,0,0,0,0,0,0,0,0,0,0,0,0,0,0,0,0,0,0,0,0,0,0,0,0,0,0,0,0,0,0,0,0,0,0,0,0,0,0,0,0,0,0,0,0,0,0,0
0,0,0,0,0,0,0,0,0,0,0,0,0,0,0,0,0,0,0,0,0,0,0,0,0,0,0,0,0,0,0,0,0,0,0,0,0,0,0,0,0,0,0,0,0,0,0,0,0,0,0,0,0,0,0,0,0,0,0,0,0,0,0,0,0,0,0,0,0,0,0,0,0,0,0,0,0,0,0,0,0,0,0,0,0,0,0,0,0,0,0,0,0,0,0,0,0,0,0,0
0,0,0,0,0,0,0,0,0,0,0,0,0,0,0,0,0,0,0,0,0,0,0,0,0,0,0,0,0,0,0,0,0,0,0,0,0,0,0,0,0,0,0,0,0,0,0,0,0,0,0,0,0,0,0,0,0,0,0,0,0,0,0,0,0,0,0,0,0,0,0,0,0,0,0,0,0,0,0,0,0,0,0,0,0,0,0,0,0,0,0,0,0,0,0,0,0,0,0,0
0,0,0,0,0,0,0,0,0,0,0,0,0,0,0,0,0,0,0,0,0,0,0,0,0,0,0,0,0,0,0,0,0,0,0,0,0,0,0,0,0,0,0,0,0,0,0,0,0,0,0,0,0,0,0,0,0,0,0,0,0,0,0,0,0,0,0,0,0,0,0,0,0,0,0,0,0,0,0,0,0,0,0,0,0,0,0,0,0,0,0,0,0,0,0,0,0,0,0,0
0,0,0,0,0,0,0,0,0,0,0,0,0,0,0,0,0,0,0,0,0,0,0,0,0,0,0,0,0,0,0,0,0,0,0,0,0,0,0,0,0,0,0,0,0,0,0,0,0,0,0,0,0,0,0,0,0,0,0,0,0,0,0,0,0,0,0,0,0,0,0,0,0,0,0,0,0,0,0,0,0,0,0,0,0,0,0,0,0,0,0,0,0,0,0,0,0,0,0,0
0,0,0,0,0,0,0,0,0,0,0,0,0,0,0,0,0,0,0,0,0,0,0,0,0,0,0,0,0,0,0,0,0,0,0,0,0,0,0,0,0,0,0,0,0,0,0,0,0,0,0,0,0,0,0,0,0,0,0,0,0,0,0,0,0,0,0,0,0,0,0,0,0,0,0,0,0,0,0,0,0,0,0,0,0,0,0,0,0,0,0,0,0,0,0,0,0,0,0,0
0,0,0,0,0,0,0,0,0,0,0,0,0,0,0,0,0,0,0,0,0,0,0,0,0,0,0,0,0,0,0,0,0,0,0,0,0,0,0,0,0,0,0,0,0,0,0,0,0,0,0,0,0,0,0,0,0,0,0,0,0,0,0,0,0,0,0,0,0,0,0,0,0,0,0,0,0,0,0,0,0,0,0,0,0,0,0,0,0,0,0,0,0,0,0,0,0,0,0,0
0,0,0,0,0,0,0,0,0,0,0,0,0,0,0,0,0,0,0,0,0,0,0,0,0,0,0,0,0,0,0,0,0,0,0,0,0,0,0,0,0,0,0,0,0,0,0,0,0,0,0,0,0,0,0,0,0,0,0,0,0,0,0,0,0,0,0,0,0,0,0,0,0,0,0,0,0,0,0,0,0,0,0,0,0,0,0,0,0,0,0,0,0,0,0,0,0,0,0,0
0,0,0,0,0,0,0,0,0,0,0,0,0,0,0,0,0,0,0,0,0,0,0,0,0,0,0,0,0,0,0,0,0,0,0,0,0,0,0,0,0,0,0,0,0,0,0,0,0,0,0,0,0,0,0,0,0,0,0,0,0,0,0,0,0,0,0,0,0,0,0,0,0,0,0,0,0,0,0,0,0,0,0,0,0,0,0,0,0,0,0,0,0,0,0,0,0,0,0,0
0,0,0,0,0,0,0,0,0,0,0,0,0,0,0,0,0,0,0,0,0,0,0,0,0,0,0,0,0,0,0,0,0,0,0,0,0,0,0,0,0,0,0,0,0,0,0,0,0,0,0,0,0,0,0,0,0,0,0,0,0,0,0,0,0,0,0,0,0,0,0,0,0,0,0,0,0,0,0,0,0,0,0,0,0,0,0,0,0,0,0,0,0,0,0,0,0,0,0,0
0,0,0,0,0,0,0,0,0,0,0,0,0,0,0,0,0,0,0,0,0,0,0,0,0,0,0,0,0,0,0,0,0,0,0,0,0,0,0,0,0,0,0,0,0,0,0,0,0,0,0,0,0,0,0,0,0,0,0,0,0,0,0,0,0,0,0,0,0,0,0,0,0,0,0,0,0,0,0,0,0,0,0,0,0,0,0,0,0,0,0,0,0,0,0,0,0,0,0,0
0,0,0,0,0,0,0,0,0,0,0,0,0,0,0,0,0,0,0,0,0,0,0,0,0,0,0,0,0,0,0,0,0,0,0,0,0,0,0,0,0,0,0,0,0,0,0,0,0,0,0,0,0,0,0,0,0,0,0,0,0,0,0,0,0,0,0,0,0,0,0,0,0,0,0,0,0,0,0,0,0,0,0,0,0,0,0,0,0,0,0,0,0,0,0,0,0,0,0,0
0,0,0,0,0,0,0,0,0,0,0,0,0,0,0,0,0,0,0,0,0,0,0,0,0,0,0,0,0,0,0,0,0,0,0,0,0,0,0,0,0,0,0,0,0,0,0,0,0,0,0,0,0,0,0,0,0,0,0,0,0,0,0,0,0,0,0,0,0,0,0,0,0,0,0,0,0,0,0,0,0,0,0,0,0,0,0,0,0,0,0,0,0,0,0,0,0,0,0,0
0,0,0,0,0,0,0,0,0,0,0,0,0,0,0,0,0,0,0,0,0,0,0,0,0,0,0,0,0,0,0,0,0,0,0,0,0,0,0,0,0,0,0,0,0,0,0,0,0,0,0,0,0,0,0,0,0,0,0,0,0,0,0,0,0,0,0,0,0,0,0,0,0,0,0,0,0,0,0,0,0,0,0,0,0,0,0,0,0,0,0,0,0,0,0,0,0,0,0,0
0,0,0,0,0,0,0,0,0,0,0,0,0,0,0,0,0,0,0,0,0,0,0,0,0,0,0,0,0,0,0,0,0,0,0,0,0,0,0,0,0,0,0,0,0,0,0,0,0,0,0,0,0,0,0,0,0,0,0,0,0,0,0,0,0,0,0,0,0,0,0,0,0,0,0,0,0,0,0,0,0,0,0,0,0,0,0,0,0,0,0,0,0,0,0,0,0,0,0,0
0,0,0,0,0,0,0,0,0,0,0,0,0,0,0,0,0,0,0,0,0,0,0,0,0,0,0,0,0,0,0,0,0,0,0,0,0,0,0,0,0,0,0,0,0,0,0,0,0,0,0,0,0,0,0,0,0,0,0,0,0,0,0,0,0,0,0,0,0,0,0,0,0,0,0,0,0,0,0,0,0,0,0,0,0,0,0,0,0,0,0,0,0,0,0,0,0,0,0,0
0,0,0,0,0,0,0,0,0,0,0,0,0,0,0,0,0,0,0,0,0,0,0,0,0,0,0,0,0,0,0,0,0,0,0,0,0,0,0,0,0,0,0,0,0,0,0,0,0,0,0,0,0,0,0,0,0,0,0,0,0,0,0,0,0,0,0,0,0,0,0,0,0,0,0,0,0,0,0,0,0,0,0,0,0,0,0,0,0,0,0,0,0,0,0,0,0,0,0,0
0,0,0,0,0,0,0,0,0,0,0,0,0,0,0,0,0,0,0,0,0,0,0,0,0,0,0,0,0,0,0,0,0,0,0,0,0,0,0,0,0,0,0,0,0,0,0,0,0,0,0,0,0,0,0,0,0,0,0,0,0,0,0,0,0,0,0,0,0,0,0,0,0,0,0,0,0,0,0,0,0,0,0,0,0,0,0,0,0,0,0,0,0,0,0,0,0,0,0,0
0,0,0,0,0,0,0,0,0,0,0,0,0,0,0,0,0,0,0,0,0,0,0,0,0,0,0,0,0,0,0,0,0,0,0,0,0,0,0,0,0,0,0,0,0,0,0,0,0,0,0,0,0,0,0,0,0,0,0,0,0,0,0,0,0,0,0,0,0,0,0,0,0,0,0,0,0,0,0,0,0,0,0,0,0,0,0,0,0,0,0,0,0,0,0,0,0,0,0,0
0,0,0,0,0,0,0,0,0,0,0,0,0,0,0,0,0,0,0,0,0,0,0,0,0,0,0,0,0,0,0,0,0,0,0,0,0,0,0,0,0,0,0,0,0,0,0,0,0,0,0,0,0,0,0,0,0,0,0,0,0,0,0,0,0,0,0,0,0,0,0,0,0,0,0,0,0,0,0,0,0,0,0,0,0,0,0,0,0,0,0,0,0,0,0,0,0,0,0,0
0,0,0,0,0,0,0,0,0,0,0,0,0,0,0,0,0,0,0,0,0,0,0,0,0,0,0,0,0,0,0,0,0,0,0,0,0,0,0,0,0,0,0,0,0,0,0,0,0,0,0,0,0,0,0,0,0,0,0,0,0,0,0,0,0,0,0,0,0,0,0,0,0,0,0,0,0,0,0,0,0,0,0,0,0,0,0,0,0,0,0,0,0,0,0,0,0,0,0,0
0,0,0,0,0,0,0,0,0,0,0,0,0,0,0,0,0,0,0,0,0,0,0,0,0,0,0,0,0,0,0,0,0,0,0,0,0,0,0,0,0,0,0,0,0,0,0,0,0,0,0,0,0,0,0,0,0,0,0,0,0,0,0,0,0,0,0,0,0,0,0,0,0,0,0,0,0,0,0,0,0,0,0,0,0,0,0,0,0,0,0,0,0,0,0,0,0,0,0,0
0,0,0,0,0,0,0,0,0,0,0,0,0,0,0,0,0,0,0,0,0,0,0,0,0,0,0,0,0,0,0,0,0,0,0,0,0,0,0,0,0,0,0,0,0,0,0,0,0,0,0,0,0,0,0,0,0,0,0,0,0,0,0,0,0,0,0,0,0,0,0,0,0,0,0,0,0,0,0,0,0,0,0,0,0,0,0,0,0,0,0,0,0,0,0,0,0,0,0,0
0,0,0,0,0,0,0,0,0,0,0,0,0,0,0,0,0,0,0,0,0,0,0,0,0,0,0,0,0,0,0,0,0,0,0,0,0,0,0,0,0,0,0,0,0,0,0,0,0,0,0,0,0,0,0,0,0,0,0,0,0,0,0,0,0,0,0,0,0,0,0,0,0,0,0,0,0,0,0,0,0,0,0,0,0,0,0,0,0,0,0,0,0,0,0,0,0,0,0,0
0,0,0,0,0,0,0,0,0,0,0,0,0,0,0,0,0,0,0,0,0,0,0,0,0,0,0,0,0,0,0,0,0,0,0,0,0,0,0,0,0,0,0,0,0,0,0,0,0,0,0,0,0,0,0,0,0,0,0,0,0,0,0,0,0,0,0,0,0,0,0,0,0,0,0,0,0,0,0,0,0,0,0,0,0,0,0,0,0,0,0,0,0,0,0,0,0,0,0,0
0,0,0,0,0,0,0,0,0,0,0,0,0,0,0,0,0,0,0,0,0,0,0,0,0,0,0,0,0,0,0,0,0,0,0,0,0,0,0,0,0,0,0,0,0,0,0,0,0,0,0,0,0,0,0,0,0,0,0,0,0,0,0,0,0,0,0,0,0,0,0,0,0,0,0,0,0,0,0,0,0,0,0,0,0,0,0,0,0,0,0,0,0,0,0,0,0,0,0,0
0,0,0,0,0,0,0,0,0,0,0,0,0,0,0,0,0,0,0,0,0,0,0,0,0,0,0,0,0,0,0,0,0,0,0,0,0,0,0,0,0,0,0,0,0,0,0,0,0,0,0,0,0,0,0,0,0,0,0,0,0,0,0,0,0,0,0,0,0,0,0,0,0,0,0,0,0,0,0,0,0,0,0,0,0,0,0,0,0,0,0,0,0,0,0,0,0,0,0,0
0,0,0,0,0,0,0,0,0,0,0,0,0,0,0,0,0,0,0,0,0,0,0,0,0,0,0,0,0,0,0,0,0,0,0,0,0,0,0,0,0,0,0,0,0,0,0,0,0,0,0,0,0,0,0,0,0,0,0,0,0,0,0,0,0,0,0,0,0,0,0,0,0,0,0,0,0,0,0,0,0,0,0,0,0,0,0,0,0,0,0,0,0,0,0,0,0,0,0,0
0,0,0,0,0,0,0,0,0,0,0,0,0,0,0,0,0,0,0,0,0,0,0,0,0,0,0,0,0,0,0,0,0,0,0,0,0,0,0,0,0,0,0,0,0,0,0,0,0,0,0,0,0,0,0,0,0,0,0,0,0,0,0,0,0,0,0,0,0,0,0,0,0,0,0,0,0,0,0,0,0,0,0,0,0,0,0,0,0,0,0,0,0,0,0,0,0,0,0,0
0,0,0,0,0,0,0,0,0,0,0,0,0,0,0,0,0,0,0,0,0,0,0,0,0,0,0,0,0,0,0,0,0,0,0,0,0,0,0,0,0,0,0,0,0,0,0,0,0,0,0,0,0,0,0,0,0,0,0,0,0,0,0,0,0,0,0,0,0,0,0,0,0,0,0,0,0,0,0,0,0,0,0,0,0,0,0,0,0,0,0,0,0,0,0,0,0,0,0,0
0,0,0,0,0,0,0,0,0,0,0,0,0,0,0,0,0,0,0,0,0,0,0,0,0,0,0,0,0,0,0,0,0,0,0,0,0,0,0,0,0,0,0,0,0,0,0,0,0,0,0,0,0,0,0,0,0,0,0,0,0,0,0,0,0,0,0,0,0,0,0,0,0,0,0,0,0,0,0,0,0,0,0,0,0,0,0,0,0,0,0,0,0,0,0,0,0,0,0,0
0,0,0,0,0,0,0,0,0,0,0,0,0,0,0,0,0,0,0,0,0,0,0,0,0,0,0,0,0,0,0,0,0,0,0,0,0,0,0,0,0,0,0,0,0,0,0,0,0,0,0,0,0,0,0,0,0,0,0,0,0,0,0,0,0,0,0,0,0,0,0,0,0,0,0,0,0,0,0,0,0,0,0,0,0,0,0,0,0,0,0,0,0,0,0,0,0,0,0,0
0,0,0,0,0,0,0,0,0,0,0,0,0,0,0,0,0,0,0,0,0,0,0,0,0,0,0,0,0,0,0,0,0,0,0,0,0,0,0,0,0,0,0,0,0,0,0,0,0,0,0,0,0,0,0,0,0,0,0,0,0,0,0,0,0,0,0,0,0,0,0,0,0,0,0,0,0,0,0,0,0,0,0,0,0,0,0,0,0,0,0,0,0,0,0,0,0,0,0,0
0,0,0,0,0,0,0,0,0,0,0,0,0,0,0,0,0,0,0,0,0,0,0,0,0,0,0,0,0,0,0,0,0,0,0,0,0,0,0,0,0,0,0,0,0,0,0,0,0,0,0,0,0,0,0,0,0,0,0,0,0,0,0,0,0,0,0,0,0,0,0,0,0,0,0,0,0,0,0,0,0,0,0,0,0,0,0,0,0,0,0,0,0,0,0,0,0,0,0,0
0,0,0,0,0,0,0,0,0,0,0,0,0,0,0,0,0,0,0,0,0,0,0,0,0,0,0,0,0,0,0,0,0,0,0,0,0,0,0,0,0,0,0,0,0,0,0,0,0,0,0,0,0,0,0,0,0,0,0,0,0,0,0,0,0,0,0,0,0,0,0,0,0,0,0,0,0,0,0,0,0,0,0,0,0,0,0,0,0,0,0,0,0,0,0,0,0,0,0,0
0,0,0,0,0,0,0,0,0,0,0,0,0,0,0,0,0,0,0,0,0,0,0,0,0,0,0,0,0,0,0,0,0,0,0,0,0,0,0,0,0,0,0,0,0,0,0,0,0,0,0,0,0,0,0,0,0,0,0,0,0,0,0,0,0,0,0,0,0,0,0,0,0,0,0,0,0,0,0,0,0,0,0,0,0,0,0,0,0,0,0,0,0,0,0,0,0,0,0,0
0,0,0,0,0,0,0,0,0,0,0,0,0,0,0,0,0,0,0,0,0,0,0,0,0,0,0,0,0,0,0,0,0,0,0,0,0,0,0,0,0,0,0,0,0,0,0,0,0,0,0,0,0,0,0,0,0,0,0,0,0,0,0,0,0,0,0,0,0,0,0,0,0,0,0,0,0,0,0,0,0,0,0,0,0,0,0,0,0,0,0,0,0,0,0,0,0,0,0,0
0,0,0,0,0,0,0,0,0,0,0,0,0,0,0,0,0,0,0,0,0,0,0,0,0,0,0,0,0,0,0,0,0,0,0,0,0,0,0,0,0,0,0,0,0,0,0,0,0,0,0,3.70613947918144e-05,6.26509846485867e-05,0,0,0,0,0,0,0,0,0,0,0,0,0,0,0,0,0,0,0,0,0,0,0,0,0,0,0,0,0,0,0,0,0,0,0,0,0,0,0,0,0,0,0,0,0,0,0
0,0,0,0,0,0,0,0,0,0,0,0,0,0,0,0,0,0,0,0,0,0,0,0,0,0,0,0,0,0,0,0,0,0,0,0,0,0,0,0,0,0,0,0,0,0,0,0,0,0,0,0.000148780097507375,0.000251507523052223,0,0,0,0,0,0,0,0,0,0,0,0,0,0,0,0,0,0,0,0,0,0,0,0,0,0,0,0,0,0,0,0,0,0,0,0,0,0,0,0,0,0,0,0,0,0,0
0,0,0,0,0,0,0,0,0,0,0,0,0,0,0,0,0,0,0,0,0,0,0,0,0,0,0,0,0,0,0,0,0,0,0,0,0,0,0,0,0,0,0,0,0,0,0,0,0,0,0,0,0,0,0,0,0,0,0,0,0,0,0,0,0,0,0,0,0,0,0,0,0,0,0,0,0,0,0,0,0,0,0,0,0,0,0,0,0,0,0,0,0,0,0,0,0,0,0,0
0,0,0,0,0,0,0,0,0,0,0,0,0,0,0,0,0,0,0,0,0,0,0,0,0,0,0,0,0,0,0,0,0,0,0,0,0,0,0,0,0,0,0,0,0,0,0,0,0,0,0,5.83067014841631e-05,4.64619873926609e-05,0,0,0,0.000138359086268611,1.55643757952789e-05,0,5.95816915077847e-05,4.68918252192722e-05,0,0,0,0,0,0,0,0,0,0,0,0,0,0,0,0,0,0,0,0,0,0,0,0,0,0,0,0,0,0,0,0,0,0,0,0,0,0,0
0,0,0,0,0,0,0,0,0,0,0,0,0,0,0,0,0,0,0,0,0,0,0,0,0,0,0,0,0,0,0,0,0,0,0,0,0,0,0,0,0,0,0,0,0,0,8.83718877408195e-05,0.000185573617891337,0,0,0,0.000534167115529446,0.00036106419559373,0,0,0,0.000417093155329823,0.000437829349648374,7.28820621926558e-05,0.000220214136315398,0.000255674550966019,2.75210007648448e-05,0,0,0,0,0,0,0,0,0,0,0,0,0,0,0,0,0,0,0,0,0,0,0,0,0,0,0,0,0,0,0,0,0,0,0,0,0,0
0,0,0,0,0,0,0,0,0,0,0,0,0,0,0,0,0,0,0,0,0,0,0,0,0,0,0,0,0,0,0,0,0,0,0,0,0,0,0,0,0,0,0,0,0,0,7.29227601434244e-05,0.00015313173422442,0.000125626238479329,0.000428369380622138,0.000379536146953858,0.000777063408402162,0.000527345189387021,0.000101222741055486,0.000338169692535332,0.00038979856398193,8.05951083562393e-05,0.000284213795757549,0.000477517848670169,0.000354983106096967,0.00058454523828386,0.000104953503784373,0.000156442826361784,0,0,0,0,0,0,0,0,0,0,0,0,0,0,0,0,0,0,0,0,0,0,0,0,0,0,0,0,0,0,0,0,0,0,0,0,0
0,0,0,0,0,0,0,0,0,0,0,0,0,0,0,0,0,0,0,0,0,0,0,0,0,0,0,0,0,0,0,0,0,0,0,0,0,0,0,0,0,0,0,0,0,8.14208773741417e-05,7.37867346558555e-05,0,0.000749673457403299,0.00111204769883272,0.00046487774177307,0.000722570268426372,0.000490828873694532,0.000717086102269662,0.000162068925528314,0.000217119256529784,0.000297739568206957,0.000315606147339916,0.000321339157770561,0.000828353727035811,0.000552622286963766,6.92245476982206e-06,0.000960247513540956,0.000135625170494417,0,0,0,0,0,0,0,0,0,0,0,0,0,0,0,0,0,0,0,0,0,0,0,0,0,0,0,0,0,0,0,0,0,0,0,0
0,0,0,0,0,0,0,0,0,0,0,0,0,0,0,0,0,0,0,0,0,0,0,0,0,0,0,0,0,0,0,0,0,0,0,0,0,0,0,0,0,0,0,0.000417021971245855,4.32863768005562e-05,0.000826859822211346,0.000919707355948764,0.000570992825246566,0.000490269443561722,0.00111063874921323,0.000692111233583434,0.000531831671159466,0.000319042286762957,6.51633968845505e-05,0.000527351635984665,0.000614750007632567,0.000316391381475211,0.000102851453634068,0.000487683159678037,0.000575676780813342,0.000416968673840631,0.000364820979264635,0.000188188629644034,0.000147734842881551,3.99489925437215e-05,0,4.85702718023204e-05,0.000199844863121284,0,0,0,0,0,0,0,0,0,0,0,0,0,0,0,0,0,0,0,0,0,0,0,0,0,0,0,0,0,0,0,0
0,0,0,0,0,0,0,0,0,0,0,0,0,0,0,0,0,0,0,0,0,0,0,0,0,0,0,0,0,0,0,0,0,0,0,0,0,0,0,0,0,0,9.71068169894156e-05,0.000459742951969204,7.67545586565752e-05,0.000933785736124568,0.000792291439155326,0.000280678055503928,0.000958375807126463,0.000966087768970433,0.000239029896226863,0.00118284106487462,0.000716137364326024,0.000109918379859433,0.000253508862924112,0.00071235719750279,0.000821194378143438,0.000546335152847506,0.000277724883826026,3.28887259116279e-05,0.000382125111323166,9.17734852077175e-05,4.74842365166105e-05,0.000256539468384312,0.000112038926843204,0.000279183999562065,0.000224630222484953,0.000202394845789251,0,0,0,0,0,0,0,0,0,0,0,0,0,0,0,0,0,0,0,0,0,0,0,0,0,0,0,0,0,0,0,0
0,0,0,0,0,0,0,0,0,0,0,0,0,0,0,0,0,0,0,0,0,0,0,0,0,0,0,0,0,0,0,0,0,0,0,0,0,0,0,0,0,0,2.97480633186294e-05,0.000415029542135169,0.000325893850061494,0.000510469325039576,0.000575289430234189,0.000303242499206767,0.00137954260830781,0.000259917270253159,4.45689842515208e-05,0.000414203123100396,0.000482207774223818,0.000839688523634042,0.00105255248844039,0.000422621371105022,0.000436413552424523,0.000589832073081147,0.000652204559931345,0.000191472876728006,0.000153712456694094,0.0002831661331771,0.000871842556779355,0.000268843974168711,0.000390637942832438,0.000123989255008454,1.75105923524161e-05,0,0,0,0,0,0,0,0,0,0,0,0,0,0,0,0,0,0,0,0,0,0,0,0,0,0,0,0,0,0,0,0,0
0,0,0,0,0,0,0,0,0,0,0,0,0,0,0,0,0,0,0,0,0,0,0,0,0,0,0,0,0,0,0,0,0,0,0,0,0,0,0,0,3.44957056706286e-06,2.66005505217429e-05,0.000256146321098663,0.000495468880733898,0.000360623931740653,0.000972771163328397,0.000443380648836352,0.000509996735231208,0.001314109916734,0.000338923254241294,0.00088429952982121,0.000595142373807625,0.000277231185261462,0.000956950937921995,0.000664188285560757,0.000338122720410333,0.000609963719796997,0.000552524302480623,0.000374916562875023,0.000421095223715474,0.000112047314888473,0.000313098711004761,0.000349827302672975,0.000213996454396642,8.73197618924915e-05,0.000217648626558457,0.000336830352241005,0.000418427179944512,7.16200033625076e-05,0,0,0,0,0,0,0,0,0,0,0,0,0,0,0,0,0,0,0,0,0,0,0,0,0,0,0,0,0,0,0
0,0,0,0,0,0,0,0,0,0,0,0,0,0,0,0,0,0,0,0,0,0,0,0,0,0,0,0,0,0,0,0,0,0,0,0,0,0,0,1.6523385943456e-05,0.000211610195444517,0.000499762898497176,0.00113457574704104,0.00104003906999063,0.00129385260013288,0.000218864617009949,0.00106546311061401,0.00120539087409786,0.000809301044706872,0.00129930491226655,0.000968589837180432,0.000408855774853358,0.000115655797681968,0.000327160266389392,0.000431530294271571,0.000478420975401087,0.000657547817400716,0.000740190586487578,0.000255614085881168,0.000219701928186368,9.54629106120365e-05,0,3.36128996697084e-05,0.00044341798998701,0.000231341400676472,0.000857915188539825,0.000935141893023064,0.000694015827134823,0.00024499719232605,0,0,0,0,0,0,0,0,0,0,0,0,0,0,0,0,0,0,0,0,0,0,0,0,0,0,0,0,0,0,0
0,0,0,0,0,0,0,0,0,0,0,0,0,0,0,0,0,0,0,0,0,0,0,0,0,0,0,0,0,0,0,0,0,0,0,0,0,0,0,0.000363763419185092,0.000344558271975213,0.000229275490800955,0.00102227668188761,0.00178163084807949,0.0019949541345116,0.00020468045642217,0.00132659698087402,0.00103830033629281,0.000694180100384981,0.000571713489774362,0.000597956554995363,0.000275841675099273,0.000670451826208313,0.000824032876672467,0.000497048963940669,0.000386215527445919,2.57636196389858e-05,0.00013558763991336,0.000410352217903669,0.00070302055514226,6.34000306171325e-05,0.00026737303134918,0.000581259925194184,0.000571027632927912,0.000218356704127349,0.000701308594329606,0.000502769473967802,0.000297469727586861,0,0,0,0,0,0,0,0,0,0,0,0,0,0,0,0,0,0,0,0,0,0,0,0,0,0,0,0,0,0,0,0
0,0,0,0,0,0,0,0,0,0,0,0,0,0,0,0,0,0,0,0,0,0,0,0,0,0,0,0,0,0,0,0,0,0,0,0,0,0,0,0.000279007429313478,0.00039842825615033,0.000975015151946595,0.00168223436717911,0.0019758120754183,0.00149903147501091,0.000622749886439448,0.000838990397875412,0.00102706676278734,0.000795933881329999,0.000885110159188452,0.00108310652428393,0.00026862016031271,0.000157444459226899,0.000709885060097157,0.00042255780294872,0,0.000126355118950727,0.000256253284858074,0.000976558219644526,0.0007699429700897,0.000559231253457027,0.000283729785732563,0.000412412185177091,0.00075034713951418,0.000257307894282247,0.000311011512967013,0.00035744100053079,0.00026104738241384,4.87393769863535e-05,0.000191908364888795,7.59552474469147e-05,0,0,0,0,0,0,0,0,0,0,0,0,0,0,0,0,0,0,0,0,0,0,0,0,0,0,0,0,0
0,0,0,0,0,0,0,0,0,0,0,0,0,0,0,0,0,0,0,0,0,0,0,0,0,0,0,0,0,0,0,0,0,0,0,0,0,0.000209505792142498,0.000468326495001823,0.000255715184441362,7.79537692436326e-05,0.00199306549524771,0.00187447924495144,0.00226463090841277,0.00171832730905891,0.00180727429343507,0.00114366593342883,0.00134982650496956,0.00087397314196594,0.000537844500804518,0.00111988881919999,0.000791994812405552,0.000637223338556699,0.000387156498418277,0.000366566594761067,0.000134195624166194,0.000251990436631962,0.000285460514424576,0.000453582599060313,0.000202718964205179,0.00149835208595535,0.000429211390971862,0.000419958583554738,0.00104610120192528,0.000302741911871409,0.000309850607292788,0.000212757437131953,0.000510857380450634,0.000146221411225221,0.000166311930909126,6.58244567551647e-05,7.20003396435099e-05,1.43417451275587e-05,0,0,0,0,0,0,0,0,0,0,0,0,0,0,0,0,0,0,0,0,0,0,0,0,0,0,0
0,0,0,0,0,0,0,0,0,0,0,0,0,0,0,0,0,0,0,0,0,0,0,0,0,0,0,0,0,0,0,0,0,0,0,0,0,1.14658058164638e-06,0.000420280189556816,0.000504281738586211,0.000535695059927617,0.00167447976952056,0.000588555050347239,0.000866724478060198,0.00211452978448334,0.000953720373326466,0.000266457972138878,0.00102103812242506,0.000782682793502809,0.000159296361578792,0.000476452436707219,0.00037086368188325,0.000589655327967753,0.000267925919168909,0.00038313374253963,0.000249493323114366,0.000122035821347517,0.000514614188813406,0.000607200552349364,0.000676739790067421,0.00115180898518615,0.000606736478527154,7.05372324147597e-05,0.000184746015688488,0.000264734768785454,0.00040157049128445,0.00013515396403445,0.000127274587690842,1.2068697522503e-05,0,0,0.000344947779193411,6.87101360355209e-05,0,0,0,0,0,0,0,0,0,0,0,0,0,0,0,0,0,0,0,0,0,0,0,0,0,0,0
0,0,0,0,0,0,0,0,0,0,0,0,0,0,0,0,0,0,0,0,0,0,0,0,0,0,0,0,0,0,0,0,0,0,0,0,0,0,0.000291160792800023,0.000491027460976459,0.000441581280092325,0.00297590236058968,0.00164335171339089,0.00161035513534649,0.00108268514650747,0.000388136186484154,0.00145292338926737,0.0015495051992534,0.00153600743310782,0.000515595495927047,0.000536407790771704,0.000544504394689357,0.000487676171457865,0.000641607612806712,0.000187677370553895,0.000241848951352229,0.000494226478165842,0.000712245929503722,0.000688522369300834,0.000334554014665647,0.00128320873845435,0.000463315954910023,0.00011860333366105,0.000429612491697487,0.00124350097085196,0.000686023426748629,0.000492626191370209,0.000372548626998801,0.000383875166309013,0,0,0,0,0,0,0,0,0,0,0,0,0,0,0,0,0,0,0,0,0,0,0,0,0,0,0,0,0,0,0
0,0,0,0,0,0,0,0,0,0,0,0,0,0,0,0,0,0,0,0,0,0,0,0,0,0,0,0,0,0,0,0,0,0,0,0,0,0,5.22610485318185e-05,0.000769631735601159,0.00145250848851379,0.00352494950087242,0.00349721065703367,0.00134238874158913,0.001506571584699,0.00106079155037678,0.0011370780917027,0.000189723667691887,0.00152259160688277,0.000626798436861902,0.00129340277970935,0.000525371615405688,0.000397894417224668,0.00045810092961026,0.000114388033604374,0.000549469001078072,0.000932626963276275,0.000803280264809435,0.000349701869882293,0.000329034222219356,0.000458738961552985,0.000641608721403286,0.000359320611130924,0.000238709943515668,0.000560567549751312,0.0004341615590264,0.000335951484990013,0.000209598573190156,0.00035418252781217,0.000387237320832893,1.44409342723348e-05,0,0,0,0,0,0,0,0,0,0,0,0,0,0,0,0,0,0,0,0,0,0,0,0,0,0,0,0,0
0,0,0,0,0,0,0,0,0,0,0,0,0,0,0,0,0,0,0,0,0,0,0,0,0,0,0,0,0,0,0,0,0,0,0,0,0,6.53065958883136e-05,0.000103367414818971,0.00112917460941507,0.00209137561829326,0.00356240339171747,0.00266640232448197,0.0015581942031503,0.00129434427654973,0.000884140464727052,0.000449709813751629,0.00101283190313428,0.000987033120549052,0.000354523675321756,0.000242395719771613,0.000517918749794968,0.000358407983094834,8.23525950558183e-05,0.000449874535902346,0.00078496311779496,0.000351742122192792,0.000319226117181606,4.9313112191645e-05,0.00060238548765895,0.000140891705240896,0.000345316030261675,0.000172558897555138,0.000498431571029944,0.000623200717724689,7.70941427738349e-05,0,0,3.67496641704684e-05,0.000279752557271334,5.26657053817404e-05,0,0,0,0,0,0,0,0,0,0,0,0,0,0,0,0,0,0,0,0,0,0,0,0,0,0,0,0,0
0,0,0,0,0,0,0,0,0,0,0,0,0,0,0,0,0,0,0,0,0,0,0,0,0,0,0,0,0,0,0,0,0,0,0,0,0,0.000790707536388494,0.000300715779582022,0.000916313659942666,0.00238142198459457,0.00326240769315392,0.00283897306402754,0.00233108017812789,0.0019147828062024,0.000880290685302741,0.000559560803393791,0.00040109665809316,0.000874203630284736,0.000305955822859455,0,0.000847893361145072,0.000880830022028995,0.000339801348415345,8.39598824435926e-05,0.000538104052173945,0.000434421098760076,0.000485216187594686,0.000510194689898184,0.000984545186982252,0.000266381597129889,0.000837989287749598,0.000141174491178453,0.000432941896488666,0.000593617020822036,0.000264694547745163,0.000227169981034441,0.000354771834158731,0.000980659385287927,0.000386668098419223,0.000281860232982562,0,0.000129263503864221,0.000246632986631576,0,0,0,0,0,0,0,0,0,0,0,0,0,0,0,0,0,0,0,0,0,0,0,0,0,0
0,0,0,0,0,0,0,0,0,0,0,0,0,0,0,0,0,0,0,0,0,0,0,0,0,0,0,0,0,0,0,0,0,0,0,0,0,0.000463492622101836,0.00057257057911296,0.00158242230072648,0.00475403756329014,0.0038854087105462,0.00411375705353172,0.00452016612463938,0.00185157471956326,0.000729477130231199,0.00106690041584008,0.000711460995322542,0.000346681108170264,0.000681236238267357,0.00026595698573201,0.000357654040435623,0.000360183937441273,0.000229202631998084,0.000706078754291217,0.000756549483920895,9.52875760989365e-05,0,0.000359113500574071,0.000658674151853965,0.000111259658334889,0.000218333909360211,0.000150724881484671,2.311850746732e-05,3.79344029867171e-05,0.000410019308668192,0.000308594083604415,0.000369205506780027,0.0013074361648188,0.000575011093200095,0.000300192391787406,0.00016754792421404,4.26767870569922e-05,8.142672244721e-05,0,0,0,0,0,0,0,0,0,0,0,0,0,0,0,0,0,0,0,0,0,0,0,0,0,0
0,0,0,0,0,0,0,0,0,0,0,0,0,0,0,0,0,0,0,0,0,0,0,0,0,0,0,0,0,0,0,0,0,0,0,0,0,0,0.00016266828263816,0.000771474517163418,0.00317495497764895,0.00224155515476514,0.0023485201431085,0.00217068894051522,0.00254257464860247,0.00151989328454218,0.000864758072220074,0.00226169238133819,0.00153560046915495,0.00138668368344803,0.000587381763138751,0.000437665911052865,0.00048711118810312,0.000152730358244986,0.000630179015171094,0.000282243089628951,4.93815637806583e-05,0.000100182379694366,0.000214039670377503,0.000494545076011683,0.000161534353676353,0.000463861481985588,0.000955579468504812,0.00104519451817129,0.00116639179184654,0.000105444617120136,0.000544987586139966,0.000624957728022528,0.00125587688837741,0.00036701874271217,2.07040346246351e-05,1.15556493739185e-05,0,0,0,0,0,0,0,0,0,0,0,0,0,0,0,0,0,0,0,0,0,0,0,0,0,0,0,0
0,0,0,0,0,0,0,0,0,0,0,0,0,0,0,0,0,0,0,0,0,0,0,0,0,0,0,0,0,0,0,0,0,0,0,0,0,0,0.000175926136821994,0.0010670997616243,0.0032705383713242,0.00322947447217224,0.00417954135486348,0.0039870793949404,0.00486057993825303,0.00295924054357868,0.00149130941626973,0.00275827820431929,0.00204352214051361,0.00153148271221055,0.00141604887962619,0.000919977549238393,0.00157812950312506,0.000586716118098561,0.000592368607557782,0.000487393670621383,0.000534348223465782,0.000349574933743279,0.000958463386843043,0.000504065715781249,0.000808039833174518,0.000911405677829575,0.000481818161200277,0.000723741519931859,0.000850027546799896,0.000176895956306204,0.00092689379693296,0.00121214687978986,0.000819449403371114,0.00021478855401257,0.00016510581306394,1.29638731147838e-05,0,0,0,0,0,0,0,0,0,0,0,0,0,0,0,0,0,0,0,0,0,0,0,0,0,0,0,0
0,0,0,0,0,0,0,0,0,0,0,0,0,0,0,0,0,0,0,0,0,0,0,0,0,0,0,0,0,0,0,0,0,0,0,0,4.57288958516163e-05,0.000666254210907695,0.000705963149557167,0.00197250505309904,0.00360530351902837,0.0030006856478422,0.00594568785714513,0.00535704248843446,0.00331042647119256,0.00332736839913024,0.00263003541666429,0.00192667081651232,0.00336904688723889,0.00205471460184851,0.00185169861575708,0.00124568908680788,0.000803150875209193,0.00126857933778103,0.000704358433693485,0.000211668676324733,0.000251725100170338,0.000416317727821551,0.0012686690650856,0.000668090222597341,0.000796520710008483,0.000586956298896707,8.86729818455819e-05,0.000177380900077407,0.000478942342149629,0.000550614740180833,0.00139302703061096,0.00113202479906958,0.000635527211223754,0.000169942054055301,0.000351874681155948,0.000426545655250977,0,0,0,0,0,0,0,0,0,0,0,0,0,0,0,0,0,0,0,0,0,0,0,0,0,0,0,0
0,0,0,0,0,0,0,0,0,0,0,0,0,0,0,0,0,0,0,0,0,0,0,0,0,0,0,0,0,0,0,0,0,0,0,0,2.81357766836737e-05,0.000366886827526418,0.00124894927722079,0.00143810096430055,0.00298774241290048,0.00333648633888936,0.00434302501701213,0.00379747044471791,0.00393874486458226,0.002824707413381,0.00403338720773307,0.00523845087956099,0.00528385860587741,0.00291101499448779,0.00182243142844806,0.000960879516364793,0.000358212616393456,0.000857215985595776,0.000729813577696426,0.000473642678413932,0.000740772671408405,0.000540101762618971,0.000291954922535424,8.96790884000144e-05,0.00105977242220426,0.000778230083011153,0.000726028902604658,0.000746066523011464,0.000550652123499863,0.000731873955942252,0.0011965778578334,0.00135503899410217,0.000802616452549669,0.000328242862875298,0.00018362565568918,3.8421951725568e-05,0,0,0,0,0,0,0,0,0,0,0,0,0,0,0,0,0,0,0,0,0,0,0,0,0,0,0,0
0,0,0,0,0,0,0,0,0,0,0,0,0,0,0,0,0,0,0,0,0,0,0,0,0,0,0,0,0,0,0,0,0,0,0,0,0,8.24880641831581e-05,0.000642370344182494,0.000502516356914457,0.00270480316662551,0.00490283241358131,0.00433063494342991,0.00320031235627072,0.00266951698438988,0.00351049726099006,0.00391453688187241,0.00481864563719884,0.00498275912903568,0.00234908728064103,0.000971378050401048,0.00121507174229536,0.000155127972217581,0.000540742808915607,0.000523167490153316,0.000659942000867668,0.00130320761806215,0.00100030045716799,0.000210552333268484,0.000583885969428473,0.000870267873391341,0.000561947017301777,0.000622590019068269,9.76690511472156e-05,0.00107003299818786,0.000455245504115394,2.5836779991548e-05,0.000219624667689191,6.73071390229886e-05,6.84452216073232e-05,0.000188025821326658,0,0,0,0,0,0,0,0,0,0,0,0,0,0,0,0,0,0,0,0,0,0,0,0,0,0,0,0,0
0,0,0,0,0,0,0,0,0,0,0,0,0,0,0,0,0,0,0,0,0,0,0,0,0,0,0,0,0,0,0,0,0,0,0,0,0,0.000157577272801928,0.000174346502416605,0.000374773766790574,0.00169914855847745,0.00501740923870939,0.00773789219623502,0.0035478197073541,0.00602888322601924,0.00446390789640259,0.00430057522881389,0.00421677725612326,0.00405436126093874,0.00281987503413995,0.00126048237622618,0.000655916537995624,0.000373881714128629,0.000391190989291569,0.000361599951276756,0.000638356285341437,0.00193297360275502,0.00125044389897706,2.01516991298992e-05,0.000362209926856527,0.000854594443205439,0.000255951382066949,0.00110771155611224,0.000544631452971481,0.00110283077612278,0.000924811731161161,0.000140687810074397,0,1.68957587441932e-05,8.64186413573312e-05,0,0,0,0,0,0,0,0,0,0,0,0,0,0,0,0,0,0,0,0,0,0,0,0,0,0,0,0,0,0
0,0,0,0,0,0,0,0,0,0,0,0,0,0,0,0,0,0,0,0,0,0,0,0,0,0,0,0,0,0,0,0,0,0,0,0,0,0.000372321639682696,0.000170089079795248,0.000686342614357054,0.00216373925515214,0.00469117492376697,0.00635441371819665,0.0051722893319755,0.00647075768888255,0.00380114741770587,0.00392635171541369,0.00511093505640441,0.00429372438693111,0.00393256281074183,0.000832690065962048,0.000714417932209415,0.000744900396297091,0.000716932622070816,0.000755889617795557,0.000808808388338165,0.000992084877517087,0.00110831036957846,0.000213757090034456,0.000313633545268177,0.00047754946999954,0.000693800183557304,0.00125616135310008,0.00106607458831062,0.000928276763963515,0.000562492018600122,0.000327352287993204,0,0.000156331277656779,0.000514808963241247,0.000396701466542165,5.97613616339002e-05,0,0,0,0,0,0,0,0,0,0,0,0,0,0,0,0,0,0,0,0,0,0,0,0,0,0,0,0
0,0,0,0,0,0,0,0,0,0,0,0,0,0,0,0,0,0,0,0,0,0,0,0,0,0,0,0,0,0,0,0,0,0,0,0,0,0.000312578795080134,0.000265002250462263,0.000923295461601858,0.00262091495432522,0.00313369683889929,0.00428025771008512,0.00450241543924933,0.00666370696223978,0.00512794463026458,0.00339125719031946,0.00459365324055715,0.00250573892191381,0.0036780343251077,0.00197915701027725,0.00120912976351698,0.000947402316134337,0.00156391647889343,0.000612498361076679,0.000512529795060309,0.000975929667695264,0.000772027839264333,0.000863561619278184,0.000357028112490746,0.000432815081903051,0.0015643848236883,0.00146673182040605,0.00114590621095893,0.00091495384310857,0.00125605878559114,0.000406843027757664,0.000420237929100989,9.51575433837533e-05,0.000150385348024918,3.78371662390689e-05,5.70000558486632e-06,0,0,0,0,0,0,0,0,0,0,0,0,0,0,0,0,0,0,0,0,0,0,0,0,0,0,0,0
0,0,0,0,0,0,0,0,0,0,0,0,0,0,0,0,0,0,0,0,0,0,0,0,0,0,0,0,0,0,0,0,0,0,0,0,0,0.000166230011518281,0.00021632489086108,0.000121336241994371,0.00115337977447455,0.00136335952923129,0.00421075824438678,0.00417736608544275,0.00571562407926781,0.00437489217529254,0.00408423517904011,0.00568704249648426,0.00320131748281539,0.00249279350907063,0.00269471806005549,0.00298159800352694,0.0022273936449509,0.0016579084033214,0.00103856880881177,0.00121766013342356,0.000703858827503976,0.000942128770969598,0.000854348897747339,0.000110519745314589,0.000152970592909165,0.00121454585774676,0.00138070297972096,0.000896985458822471,0.00116557877494804,0.00105410616220959,0.000669850359315723,5.70497565165367e-05,2.71478197425256e-06,0,0,0,0,0,0,0,0,0,0,0,0,0,0,0,0,0,0,0,0,0,0,0,0,0,0,0,0,0,0,0
0,0,0,0,0,0,0,0,0,0,0,0,0,0,0,0,0,0,0,0,0,0,0,0,0,0,0,0,0,0,0,0,0,0,0,0,0,0,0,3.83033417383889e-05,0.000692771841567539,0.0013509598069477,0.00381984881794552,0.00269835728346977,0.00559275134114619,0.00301062464768102,0.00352370296782369,0.00504820145029459,0.00252398762113482,0.00300533328906405,0.00387318735796679,0.00211198090154464,0.00387424618258103,0.00288313970508178,0.00190996999101419,0.00160259322720421,0.000569717074321348,0.00142736664329143,0.00144842992614132,0.000757682736586222,0.000169719928948655,0.000685230418249598,0.000826235394364272,0.00130822042310831,0.000855803389239801,0.000361247028726457,0.00018502085579371,0,0,0,0,0,0,0,0,0,0,0,0,0,0,0,0,0,0,0,0,0,0,0,0,0,0,0,0,0,0,0,0,0
0,0,0,0,0,0,0,0,0,0,0,0,0,0,0,0,0,0,0,0,0,0,0,0,0,0,0,0,0,0,0,0,0,0,0,0,0,0,7.93234467723745e-05,0.000414438614337785,0.000803681864110945,0.000686975256090319,0.00174554174258933,0.00210879977018564,0.00472280441651534,0.00467250876908326,0.00468398134981217,0.00349702335291317,0.00249300715065254,0.00371787029215007,0.0030651841358865,0.00214626691406603,0.00334134068524308,0.00364892207451449,0.00341689915519457,0.00394496566718034,0.00135580185230147,0.00287300142725398,0.00214684048281538,0.00125077345595883,0.000923728790328403,0.00109790657957369,0.00102492251010779,0.000908506866709572,0.000400998248756172,8.21018571060868e-05,0.000509590856373386,0.000167180235512822,0,0,0,0,0,0,0,0,0,0,0,0,0,0,0,0,0,0,0,0,0,0,0,0,0,0,0,0,0,0,0,0
0,0,0,0,0,0,0,0,0,0,0,0,0,0,0,0,0,0,0,0,0,0,0,0,0,0,0,0,0,0,0,0,0,0,0,0,0,0,7.34030965616102e-06,3.50090527454905e-05,0,0.000172220588141664,0.00134204133637045,0.0025104361378559,0.00330533559636129,0.00347889615630354,0.00255108686959575,0.00371084773948502,0.00425274548405026,0.00334602442503443,0.00364318011055904,0.00377445713785563,0.002904352503799,0.00425446509225238,0.00297842152852303,0.00292144878671474,0.00247475139251647,0.00164564025405699,0.0018262200692532,0.000622542153941612,0.000198129188387939,0.000807340421581502,0.0010104646278778,0.000319461252673993,0,0,1.36777449416513e-05,7.33350276719735e-06,0,0,0,0,0,0,0,0,0,0,0,0,0,0,0,0,0,0,0,0,0,0,0,0,0,0,0,0,0,0,0,0
0,0,0,0,0,0,0,0,0,0,0,0,0,0,0,0,0,0,0,0,0,0,0,0,0,0,0,0,0,0,0,0,0,0,0,0,0,0,0,0,0,3.59734763207469e-05,0.00069731092392595,0.000726416551956557,0.000964249594650157,0.00136292991760884,0.00132288064544517,0.00255704964591261,0.00328256878833635,0.000817880892138751,0.00232810025099799,0.00280509589509626,0.00272632920411401,0.00314875157525137,0.0018561314529685,0.00180560067721441,0.00182234863176738,0.00109195442380814,0.00204684874923871,0.000474030191744183,0.00014349743561468,0.00111278546612015,0.000819929128664509,0.000225867979172416,0,0,0,0,0,0,0,0,0,0,0,0,0,0,0,0,0,0,0,0,0,0,0,0,0,0,0,0,0,0,0,0,0,0,0,0
0,0,0,0,0,0,0,0,0,0,0,0,0,0,0,0,0,0,0,0,0,0,0,0,0,0,0,0,0,0,0,0,0,0,0,0,0,0,0,0,0,0.000173988268971911,0.000306489616474686,0.000136029180389893,0.000180578478625004,0.000725626414489116,0.00129775757935528,0.00144876492352289,0.000993157425422879,0.00107095982981956,0.00142856158380709,0.000736774307011468,0.00141998530056204,0.000724767425797124,0.00131508878763842,0.00208700516167223,0.00110830701372076,0.000340913067327001,0.000564422458952366,2.5116447191956e-05,0,0.000176749935379872,9.73494693460087e-05,0,0,0,0,0,0,0,0,0,0,0,0,0,0,0,0,0,0,0,0,0,0,0,0,0,0,0,0,0,0,0,0,0,0,0,0,0
0,0,0,0,0,0,0,0,0,0,0,0,0,0,0,0,0,0,0,0,0,0,0,0,0,0,0,0,0,0,0,0,0,0,0,0,0,0,0,0,0,7.069251303129e-06,1.24528632502745e-05,0,0,0.000264057078234941,0.000166829389256335,0.000121458592750017,7.24310841126225e-05,0.000431975923481573,0.00103982138706921,0.000872884343047761,0.000535619754979295,0.00016104473961894,0.000540147082287892,0.000280328508496449,0.000169914465205792,0.000320960166791361,0.00021793773615028,9.73215550093438e-05,0.000299897016127453,0.000167221977986779,0.00011988860419047,0,0,0,0,0,0,0,0,0,0,0,0,0,0,0,0,0,0,0,0,0,0,0,0,0,0,0,0,0,0,0,0,0,0,0,0,0
0,0,0,0,0,0,0,0,0,0,0,0,0,0,0,0,0,0,0,0,0,0,0,0,0,0,0,0,0,0,0,0,0,0,0,0,0,0,0,0,0,0,0,0,0,0,0,0,0,0.0002833545991923,0.000161240481817312,0.000618130634010091,0,0,0.000195841219448412,7.30179660839159e-05,0,0,0,2.51822276446494e-05,7.75992012185536e-05,0,0,0,0,0,0,0,0,0,0,0,0,0,0,0,0,0,0,0,0,0,0,0,0,0,0,0,0,0,0,0,0,0,0,0,0,0,0,0
0,0,0,0,0,0,0,0,0,0,0,0,0,0,0,0,0,0,0,0,0,0,0,0,0,0,0,0,0,0,0,0,0,0,0,0,0,0,0,0,0,0,0,0,0,0,0,0,0,0,0,0,0,0,0,0,0,0,0,0,0,0,0,0,0,0,0,0,0,0,0,0,0,0,0,0,0,0,0,0,0,0,0,0,0,0,0,0,0,0,0,0,0,0,0,0,0,0,0,0
0,0,0,0,0,0,0,0,0,0,0,0,0,0,0,0,0,0,0,0,0,0,0,0,0,0,0,0,0,0,0,0,0,0,0,0,0,0,0,0,0,0,0,0,0,0,0,0,0,0,0,0,0,0,0,0,0,0,0,0,0,0,0,0,0,0,0,0,0,0,0,0,0,0,0,0,0,0,0,0,0,0,0,0,0,0,0,0,0,0,0,0,0,0,0,0,0,0,0,0
0,0,0,0,0,0,0,0,0,0,0,0,0,0,0,0,0,0,0,0,0,0,0,0,0,0,0,0,0,0,0,0,0,0,0,0,0,0,0,0,0,0,0,0,0,0,0,0,0,0,0,0,0,0,0,0,0,0,0,0,0,0,0,0,0,0,0,0,0,0,0,0,0,0,0,0,0,0,0,0,0,0,0,0,0,0,0,0,0,0,0,0,0,0,0,0,0,0,0,0
0,0,0,0,0,0,0,0,0,0,0,0,0,0,0,0,0,0,0,0,0,0,0,0,0,0,0,0,0,0,0,0,0,0,0,0,0,0,0,0,0,0,0,0,0,0,0,0,0,0,0,0,0,0,0,0,0,0,0,0,0,0,0,0,0,0,0,0,0,0,0,0,0,0,0,0,0,0,0,0,0,0,0,0,0,0,0,0,0,0,0,0,0,0,0,0,0,0,0,0
0,0,0,0,0,0,0,0,0,0,0,0,0,0,0,0,0,0,0,0,0,0,0,0,0,0,0,0,0,0,0,0,0,0,0,0,0,0,0,0,0,0,0,0,0,0,0,0,0,0,0,0,0,0,0,0,0,0,0,0,0,0,0,0,0,0,0,0,0,0,0,0,0,0,0,0,0,0,0,0,0,0,0,0,0,0,0,0,0,0,0,0,0,0,0,0,0,0,0,0
0,0,0,0,0,0,0,0,0,0,0,0,0,0,0,0,0,0,0,0,0,0,0,0,0,0,0,0,0,0,0,0,0,0,0,0,0,0,0,0,0,0,0,0,0,0,0,0,0,0,0,0,0,0,0,0,0,0,0,0,0,0,0,0,0,0,0,0,0,0,0,0,0,0,0,0,0,0,0,0,0,0,0,0,0,0,0,0,0,0,0,0,0,0,0,0,0,0,0,0
