0,0,0,0,0,0,0,0,0,0,0,0,0,0,0,0,0,0,0,0,0,0,0,0,0,0,0,0,0,0,0,0,0,0,0,0,0,0,0,0,0,0,0,0,0,0,0,0,0,0,0,0,0,0,0,0,0,0,0,0,0,0,0,0,0,0,0,0,0,0,0,0,0,0,0,0,0,0,0,0,0,0,0,0,0,0,0,0,0,0,0,0,0,0,0,0,0,0,0,0
0,0,0,0,0,0,0,0,0,0,0,0,0,0,0,0,0,0,0,0,0,0,0,0,0,0,0,0,0,0,0,0,0,0,0,0,0,0,0,0,0,0,0,0,0,0,0,0,0,0,0,0,0,0,0,0,0,0,0,0,0,0,0,0,0,0,0,0,0,0,0,0,0,0,0,0,0,0,0,0,0,0,0,0,0,0,0,0,0,0,0,0,0,0,0,0,0,0,0,0
0,0,0,0,0,0,0,0,0,0,0,0,0,0,0,0,0,0,0,0,0,0,0,0,0,0,0,0,0,0,0,0,0,0,0,0,0,0,0,0,0,0,0,0,0,0,0,0,0,0,0,0,0,0,0,0,0,0,0,0,0,0,0,0,0,0,0,0,0,0,0,0,0,0,0,0,0,0,0,0,0,0,0,0,0,0,0,0,0,0,0,0,0,0,0,0,0,0,0,0
0,0,0,0,0,0,0,0,0,0,0,0,0,0,0,0,0,0,0,0,0,0,0,0,0,0,0,0,0,0,0,0,0,0,0,0,0,0,0,0,0,0,0,0,0,0,0,0,0,0,0,0,0,0,0,0,0,0,0,0,0,0,0,0,0,0,0,0,0,0,0,0,0,0,0,0,0,0,0,0,0,0,0,0,0,0,0,0,0,0,0,0,0,0,0,0,0,0,0,0
0,0,0,0,0,0,0,0,0,0,0,0,0,0,0,0,0,0,0,0,0,0,0,0,0,0,0,0,0,0,0,0,0,0,0,0,0,0,0,0,0,0,0,0,0,0,0,0,0,0,0,0,0,0,0,0,0,0,0,0,0,0,0,0,0,0,0,0,0,0,0,0,0,0,0,0,0,0,0,0,0,0,0,0,0,0,0,0,0,0,0,0,0,0,0,0,0,0,0,0
0,0,0,0,0,0,0,0,0,0,0,0,0,0,0,0,0,0,0,0,0,0,0,0,0,0,0,0,0,0,0,0,0,0,0,0,0,0,0,0,0,0,0,0,0,0,0,0,0,0,0,0,0,0,0,0,0,0,0,0,0,0,0,0,0,0,0,0,0,0,0,0,0,0,0,0,0,0,0,0,0,0,0,0,0,0,0,0,0,0,0,0,0,0,0,0,0,0,0,0
0,0,0,0,0,0,0,0,0,0,0,0,0,0,0,0,0,0,0,0,0,0,0,0,0,0,0,0,0,0,0,0,0,0,0,0,0,0,0,0,0,0,0,0,0,0,0,0,0,0,0,0,0,0,0,0,0,0,0,0,0,0,0,0,0,0,0,0,0,0,0,0,0,0,0,0,0,0,0,0,0,0,0,0,0,0,0,0,0,0,0,0,0,0,0,0,0,0,0,0
0,0,0,0,0,0,0,0,0,0,0,0,0,0,0,0,0,0,0,0,0,0,0,0,0,0,0,0,0,0,0,0,0,0,0,0,0,0,0,0,0,0,0,0,0,0,0,0,0,0,0,0,0,0,0,0,0,0,0,0,0,0,0,0,0,0,0,0,0,0,0,0,0,0,0,0,0,0,0,0,0,0,0,0,0,0,0,0,0,0,0,0,0,0,0,0,0,0,0,0
0,0,0,0,0,0,0,0,0,0,0,0,0,0,0,0,0,0,0,0,0,0,0,0,0,0,0,0,0,0,0,0,0,0,0,0,0,0,0,0,0,0,0,0,0,0,0,0,0,0,0,0,0,0,0,0,0,0,0,0,0,0,0,0,0,0,0,0,0,0,0,0,0,0,0,0,0,0,0,0,0,0,0,0,0,0,0,0,0,0,0,0,0,0,0,0,0,0,0,0
0,0,0,0,0,0,0,0,0,0,0,0,0,0,0,0,0,0,0,0,0,0,0,0,0,0,0,0,0,0,0,0,0,0,0,0,0,0,0,0,0,0,0,0,0,0,0,0,0,0,0,0,0,0,0,0,0,0,0,0,0,0,0,0,0,0,0,0,0,0,0,0,0,0,0,0,0,0,0,0,0,0,0,0,0,0,0,0,0,0,0,0,0,0,0,0,0,0,0,0
0,0,0,0,0,0,0,0,0,0,0,0,0,0,0,0,0,0,0,0,0,0,0,0,0,0,0,0,0,0,0,0,0,0,0,0,0,0,0,0,0,0,0,0,0,0,0,0,0,0,0,0,0,0,0,0,0,0,0,0,0,0,0,0,0,0,0,0,0,0,0,0,0,0,0,0,0,0,0,0,0,0,0,0,0,0,0,0,0,0,0,0,0,0,0,0,0,0,0,0
0,0,0,0,0,0,0,0,0,0,0,0,0,0,0,0,0,0,0,0,0,0,0,0,0,0,0,0,0,0,0,0,0,0,0,0,0,0,0,0,0,0,0,0,0,0,0,0,0,0,0,0,0,0,0,0,0,0,0,0,0,0,0,0,0,0,0,0,0,0,0,0,0,0,0,0,0,0,0,0,0,0,0,0,0,0,0,0,0,0,0,0,0,0,0,0,0,0,0,0
0,0,0,0,0,0,0,0,0,0,0,0,0,0,0,0,0,0,0,0,0,0,0,0,0,0,0,0,0,0,0,0,0,0,0,0,0,0,0,0,0,0,0,0,0,0,0,0,0,0,0,0,0,0,0,0,0,0,0,0,0,0,0,0,0,0,0,0,0,0,0,0,0,0,0,0,0,0,0,0,0,0,0,0,0,0,0,0,0,0,0,0,0,0,0,0,0,0,0,0
0,0,0,0,0,0,0,0,0,0,0,0,0,0,0,0,0,0,0,0,0,0,0,0,0,0,0,0,0,0,0,0,0,0,0,0,0,0,0,0,0,0,0,0,0,0,0,0,0,0,0,0,0,0,0,0,0,0,0,0,0,0,0,0,0,0,0,0,0,0,0,0,0,0,0,0,0,0,0,0,0,0,0,0,0,0,0,0,0,0,0,0,0,0,0,0,0,0,0,0
0,0,0,0,0,0,0,0,0,0,0,0,0,0,0,0,0,0,0,0,0,0,0,0,0,0,0,0,0,0,0,0,0,0,0,0,0,0,0,0,0,0,0,0,0,0,0,0,0,0,0,0,0,0,0,0,0,0,0,0,0,0,0,0,0,0,0,0,0,0,0,0,0,0,0,0,0,0,0,0,0,0,0,0,0,0,0,0,0,0,0,0,0,0,0,0,0,0,0,0
0,0,0,0,0,0,0,0,0,0,0,0,0,0,0,0,0,0,0,0,0,0,0,0,0,0,0,0,0,0,0,0,0,0,0,0,0,0,0,0,0,0,0,0,0,0,0,0,0,0,0,0,0,0,0,0,0,0,0,0,0,0,0,0,0,0,0,0,0,0,0,0,0,0,0,0,0,0,0,0,0,0,0,0,0,0,0,0,0,0,0,0,0,0,0,0,0,0,0,0
0,0,0,0,0,0,0,0,0,0,0,0,0,0,0,0,0,0,0,0,0,0,0,0,0,0,0,0,0,0,0,0,0,0,0,0,0,0,0,0,0,0,0,0,0,0,0,0,0,0,0,0,0,0,0,0,0,0,0,0,0,0,0,0,0,0,0,0,0,0,0,0,0,0,0,0,0,0,0,0,0,0,0,0,0,0,0,0,0,0,0,0,0,0,0,0,0,0,0,0
0,0,0,0,0,0,0,0,0,0,0,0,0,0,0,0,0,0,0,0,0,0,0,0,0,0,0,0,0,0,0,0,0,0,0,0,0,0,0,0,0,0,0,0,0,0,0,0,0,0,0,0,0,0,0,0,0,0,0,0,0,0,0,0,0,0,0,0,0,0,0,0,0,0,0,0,0,0,0,0,0,0,0,0,0,0,0,0,0,0,0,0,0,0,0,0,0,0,0,0
0,0,0,0,0,0,0,0,0,0,0,0,0,0,0,0,0,0,0,0,0,0,0,0,0,0,0,0,0,0,0,0,0,0,0,0,0,0,0,0,0,0,0,0,0,0,0,0,0,0,0,0,0,0,0,0,0,0,0,0,0,0,0,0,0,0,0,0,0,0,0,0,0,0,0,0,0,0,0,0,0,0,0,0,0,0,0,0,0,0,0,0,0,0,0,0,0,0,0,0
0,0,0,0,0,0,0,0,0,0,0,0,0,0,0,0,0,0,0,0,0,0,0,0,0,0,0,0,0,0,0,0,0,0,0,0,0,0,0,0,0,0,0,0,0,0,0,0,0,0,0,0,0,0,0,0,0,0,0,0,0,0,0,0,0,0,0,0,0,0,0,0,0,0,0,0,0,0,0,0,0,0,0,0,0,0,0,0,0,0,0,0,0,0,0,0,0,0,0,0
0,0,0,0,0,0,0,0,0,0,0,0,0,0,0,0,0,0,0,0,0,0,0,0,0,0,0,0,0,0,0,0,0,0,0,0,0,0,0,0,0,0,0,0,0,0,0,0,0,0,0,0,0,0,0,0,0,0,0,0,0,0,0,0,0,0,0,0,0,0,0,0,0,0,0,0,0,0,0,0,0,0,0,0,0,0,0,0,0,0,0,0,0,0,0,0,0,0,0,0
0,0,0,0,0,0,0,0,0,0,0,0,0,0,0,0,0,0,0,0,0,0,0,0,0,0,0,0,0,0,0,0,0,0,0,0,0,0,0,0,0,0,0,0,0,0,0,0,0,0,0,0,0,0,0,0,0,0,0,0,0,0,0,0,0,0,0,0,0,0,0,0,0,0,0,0,0,0,0,0,0,0,0,0,0,0,0,0,0,0,0,0,0,0,0,0,0,0,0,0
0,0,0,0,0,0,0,0,0,0,0,0,0,0,0,0,0,0,0,0,0,0,0,0,0,0,0,0,0,0,0,0,0,0,0,0,0,0,0,0,0,0,0,0,0,0,0,0,0,0,0,0,0,0,0,0,0,0,0,0,0,0,0,0,0,0,0,0,0,0,0,0,0,0,0,0,0,0,0,0,0,0,0,0,0,0,0,0,0,0,0,0,0,0,0,0,0,0,0,0
0,0,0,0,0,0,0,0,0,0,0,0,0,0,0,0,0,0,0,0,0,0,0,0,0,0,0,0,0,0,0,0,0,0,0,0,0,0,0,0,0,0,0,0,0,0,0,0,0,0,0,0,0,0,0,0,0,0,0,0,0,0,0,0,0,0,0,0,0,0,0,0,0,0,0,0,0,0,0,0,0,0,0,0,0,0,0,0,0,0,0,0,0,0,0,0,0,0,0,0
0,0,0,0,0,0,0,0,0,0,0,0,0,0,0,0,0,0,0,0,0,0,0,0,0,0,0,0,0,0,0,0,0,0,0,0,0,0,0,0,0,0,0,0,0,0,0,0,0,0,0,0,0,0,0,0,0,0,0,0,0,0,0,0,0,0,0,0,0,0,0,0,0,0,0,0,0,0,0,0,0,0,0,0,0,0,0,0,0,0,0,0,0,0,0,0,0,0,0,0
0,0,0,0,0,0,0,0,0,0,0,0,0,0,0,0,0,0,0,0,0,0,0,0,0,0,0,0,0,0,0,0,0,0,0,0,0,0,0,0,0,0,0,0,0,0,0,0,0,0,0,0,0,0,0,0,0,0,0,0,0,0,0,0,0,0,0,0,0,0,0,0,0,0,0,0,0,0,0,0,0,0,0,0,0,0,0,0,0,0,0,0,0,0,0,0,0,0,0,0
0,0,0,0,0,0,0,0,0,0,0,0,0,0,0,0,0,0,0,0,0,0,0,0,0,0,0,0,0,0,0,0,0,0,0,0,0,0,0,0,0,0,0,0,0,0,0,0,0,0,0,0,0,0,0,0,0,0,0,0,0,0,0,0,0,0,0,0,0,0,0,0,0,0,0,0,0,0,0,0,0,0,0,0,0,0,0,0,0,0,0,0,0,0,0,0,0,0,0,0
0,0,0,0,0,0,0,0,0,0,0,0,0,0,0,0,0,0,0,0,0,0,0,0,0,0,0,0,0,0,0,0,0,0,0,0,0,0,0,0,0,0,0,0,0,0,0,0,0,0,0,0,0,0,0,0,0,0,0,0,0,0,0,0,0,0,0,0,0,0,0,0,0,0,0,0,0,0,0,0,0,0,0,0,0,0,0,0,0,0,0,0,0,0,0,0,0,0,0,0
0,0,0,0,0,0,0,0,0,0,0,0,0,0,0,0,0,0,0,0,0,0,0,0,0,0,0,0,0,0,0,0,0,0,0,0,0,0,0,0,0,0,0,0,0,0,0,0,0,0,0,0,0,0,0,0,0,0,0,0,0,0,0,0,0,0,0,0,0,0,0,0,0,0,0,0,0,0,0,0,0,0,0,0,0,0,0,0,0,0,0,0,0,0,0,0,0,0,0,0
0,0,0,0,0,0,0,0,0,0,0,0,0,0,0,0,0,0,0,0,0,0,0,0,0,0,0,0,0,0,0,0,0,0,0,0,0,0,0,0,0,0,0,0,0,0,0,0,0,0,0,0,0,0,0,0,0,0,0,0,0,0,0,0,0,0,0,0,0,0,0,0,0,0,0,0,0,0,0,0,0,0,0,0,0,0,0,0,0,0,0,0,0,0,0,0,0,0,0,0
0,0,0,0,0,0,0,0,0,0,0,0,0,0,0,0,0,0,0,0,0,0,0,0,0,0,0,0,0,0,0,0,0,0,0,0,0,0,0,0,0,0,0,0,0,0,0,0,0,0,0,0,0,0,0,0,0,0,0,0,0,0,0,0,0,0,0,0,0,0,0,0,0,0,0,0,0,0,0,0,0,0,0,0,0,0,0,0,0,0,0,0,0,0,0,0,0,0,0,0
0,0,0,0,0,0,0,0,0,0,0,0,0,0,0,0,0,0,0,0,0,0,0,0,0,0,0,0,0,0,0,0,0,0,0,0,0,0,0,0,0,0,0,0,0,0,0,0,0,0,0,0,0,0,0,0,0,0,0,0,0,0,0,0,0,0,0,0,0,0,0,0,0,0,0,0,0,0,0,0,0,0,0,0,0,0,0,0,0,0,0,0,0,0,0,0,0,0,0,0
0,0,0,0,0,0,0,0,0,0,0,0,0,0,0,0,0,0,0,0,0,0,0,0,0,0,0,0,0,0,0,0,0,0,0,0,0,0,0,0,0,0,0,0,0,0,0,0,0,0,0,0,0,0,0,0,0,0,0,0,0,0,0,0,0,0,0,0,0,0,0,0,0,0,0,0,0,0,0,0,0,0,0,0,0,0,0,0,0,0,0,0,0,0,0,0,0,0,0,0
0,0,0,0,0,0,0,0,0,0,0,0,0,0,0,0,0,0,0,0,0,0,0,0,0,0,0,0,0,0,0,0,0,0,0,0,0,0,0,0,0,0,0,0,0,0,0,0,0,0,0,0,0,0,0,0,0,0,0,0,0,0,0,0,0,0,0,0,0,0,0,0,0,0,0,0,0,0,0,0,0,0,0,0,0,0,0,0,0,0,0,0,0,0,0,0,0,0,0,0
0,0,0,0,0,0,0,0,0,0,0,0,0,0,0,0,0,0,0,0,0,0,0,0,0,0,0,0,0,0,0,0,0,0,0,0,0,0,0,0,0,0,0,0,0,0,0,0,0,0,0,0,0,0,0,0,0,0,0,0,0,0,0,0,0,0,0,0,0,0,0,0,0,0,0,0,0,0,0,0,0,0,0,0,0,0,0,0,0,0,0,0,0,0,0,0,0,0,0,0
0,0,0,0,0,0,0,0,0,0,0,0,0,0,0,0,0,0,0,0,0,0,0,0,0,0,0,0,0,0,0,0,0,0,0,0,0,0,0,0,0,0,0,0,0,0,0,0,0,0,0,0,0,0,0,0,0,0,0,0,0,0,0,0,0,0,0,0,0,0,0,0,0,0,0,0,0,0,0,0,0,0,0,0,0,0,0,0,0,0,0,0,0,0,0,0,0,0,0,0
0,0,0,0,0,0,0,0,0,0,0,0,0,0,0,0,0,0,0,0,0,0,0,0,0,0,0,0,0,0,0,0,0,0,0,0,0,0,0,0,0,0,0,0,0,0,0,0,0,0,0,0,0,0,0,0,0,0,0,0,0,0,0,0,0,0,0,0,0,0,0,0,0,0,0,0,0,0,0,0,0,0,0,0,0,0,0,0,0,0,0,0,0,0,0,0,0,0,0,0
0,0,0,0,0,0,0,0,0,0,0,0,0,0,0,0,0,0,0,0,0,0,0,0,0,0,0,0,0,0,0,0,0,0,0,0,0,0,0,0,0,0,0,0,0,0,0,0,0,0,0,0,0,0,0,0,0,0,0,0,0,0,0,0,0,0,0,0,0,0,0,0,0,0,0,0,0,0,0,0,0,0,0,0,0,0,0,0,0,0,0,0,0,0,0,0,0,0,0,0
0,0,0,0,0,0,0,0,0,0,0,0,0,0,0,0,0,0,0,0,0,0,0,0,0,0,0,0,0,0,0,0,0,0,0,0,0,0,0,0,0,0,0,0,0,0,0,0,0,0,0,0,0,0,0,0,0,0,0,0,0,0,0,0,0,0,0,0,0,0,0,0,0,0,0,0,0,0,0,0,0,0,0,0,0,0,0,0,0,0,0,0,0,0,0,0,0,0,0,0
0,0,0,0,0,0,0,0,0,0,0,0,0,0,0,0,0,0,0,0,0,0,0,0,0,0,0,0,0,0,0,0,0,0,0,0,0,0,0,0,0,0,0,0,0,0,0,0,0,0,0,0,0,0,0,0,0,0,0,0,0,0,0,0,0,0,0,0,0,0,0,0,0,0,0,0,0,0,0,0,0,0,0,0,0,0,0,0,0,0,0,0,0,0,0,0,0,0,0,0
0,0,0,0,0,0,0,0,0,0,0,0,0,0,0,0,0,0,0,0,0,0,0,0,0,0,0,0,0,0,0,0,0,0,0,0,0,0,0,0,0,0,0,0,0,0,0,0,0,0,0,0,0,0,0,0,0,0,0,0,0,0,0,0,0,0,0,0,0,0,0,0,0,0,0,0,0,0,0,0,0,0,0,0,0,0,0,0,0,0,0,0,0,0,0,0,0,0,0,0
0,0,0,0,0,0,0,0,0,0,0,0,0,0,0,0,0,0,0,0,0,0,0,0,0,0,0,0,0,0,0,0,0,0,0,0,0,0,0,0,0,0,0,0,0,0,0,0,0,0,0,0,0,0,0,0,0,0,0,0,0,0,0,0,0,0,0,0,0,0,0,0,0,0,0,0,0,0,0,0,0,0,0,0,0,0,0,0,0,0,0,0,0,0,0,0,0,0,0,0
0,0,0,0,0,0,0,0,0,0,0,0,0,0,0,0,0,0,0,0,0,0,0,0,0,0,0,0,0,0,0,0,0,0,8.21965004454479e-05,0.000203879845033168,2.49387325228015e-05,4.20477284178547e-06,0,0,0,0,0,0,0,0,0,0,0,0,0,0,0,0,0,0,0,0,0,0,0,0,0,0,0,0,0,0,0,0,0,0,0,0,0,0,0,0,0,0,0,0,0,0,0,0,0,0,0,0,0,0,0,0,0,0,0,0,0,0
0,0,0,0,0,0,0,0,0,0,0,0,0,0,0,0,0,0,0,0,0,0,0,0,0,0,0,0,0,0,0,0,0,0,6.14653257498117e-05,0.000152458328771572,0.000402922161539469,6.79343330959442e-05,0,0,5.01518945371238e-05,0.000147464673507844,0,0,0,0,0,0,0,0,0,0,0,0,0,0,0,0,0,0,0,0,0,0,0,0,0,0,0,0,0,0,0,0,0,0,0,0,0,0,0,0,0,0,0,0,0,0,0,0,0,0,0,0,0,0,0,0,0,0
0,0,0,0,0,0,0,0,0,0,0,0,0,0,0,0,0,0,0,0,0,0,0,0,0,0,0,0,0,0,0,0,0,0,2.37174293839546e-05,2.34342018887797e-05,0.000141404089679883,0.00044901839026003,0.000447619436249712,0,7.67400331824988e-05,0.000225643398772534,0,0,0,0,0,0,0,0,0,0,0,0,0,0,0,0,0,0,0,0,0,0,0,0,0,0,0,0,0,0,0,0,0,0,0,0,0,0,0,0,0,0,0,0,0,0,0,0,0,0,0,0,0,0,0,0,0,0
0,0,0,0,0,0,0,0,0,0,0,0,0,0,0,0,0,0,0,0,0,0,0,0,0,0,0,0,0,0,8.61171491366702e-05,0.000433127861038521,1.90624613668742e-05,0.00015949962177783,0.000774121691045823,0.000544881266624433,0.000375759619961228,0.000338019100185859,0.000431337834454475,0.000254218056729874,0.000286536630818487,1.67943608729415e-06,9.44441814072604e-05,2.37034995315405e-05,0,5.7752587479997e-05,0.000143042834686766,5.02767741354684e-05,4.13626968789917e-05,0,0,0,0,0,0,0,0,0,0,0,0,0,0,0,0,0,0,0,0,0,0,0,0,0,0,0,0,0,0,0,0,0,0,0,0,0,0,0,0,0,0,0,0,0,0,0,0,0,0,0
0,0,0,0,0,0,0,0,0,0,0,0,0,0,0,0,0,0,0,0,0,0,0,0,0,0,0,0,1.49983418795892e-05,0.000123665266657917,5.93927276478065e-05,0.000885092366570965,0.000818888278282574,0.000431648877615794,0.000347120486209596,0.000757547716863555,0.000915764767890381,0.000631592049213674,0.000339941312976316,4.59764628116964e-05,0.000445413075680715,4.22461165553877e-05,0.000604855873139519,0.000372340193214599,0.0001056527309593,9.0115804748424e-05,0.000220534234464215,0.000224041560414581,0.000184318968570959,0,0,0,0,0,0,0,0,0,0,0,0,0,0,0,0,0,0,0,0,0,0,0,0,0,0,0,0,0,0,0,0,0,0,0,0,0,0,0,0,0,0,0,0,0,0,0,0,0,0,0
0,0,0,0,0,0,0,0,0,0,0,0,0,0,0,0,0,0,0,0,0,0,0,0,0,0,0,0.000123621073663823,0.000167583215161987,0.000554419097774835,0.000217255317351909,0.00103661418064669,0.00116481112752023,0.00028184892217616,0.000544690606606382,0.000138702033882268,0.000443448829114443,0.000321061477774014,0.00050235917680325,0.000297142469682125,0.00104193551556386,0.000236874311261529,0.000163602024834558,0.000494895219511587,0.000647664944596599,0.000294658730638589,0.000715014956664641,0,0.000147635506959703,4.86883786024129e-05,0,0,0,0,0,0,0,0,0,0,0,0,0,0,0,0,0,0,0,0,0,0,0,0,0,0,0,0,0,0,0,0,0,0,0,0,0,0,0,0,0,0,0,0,0,0,0,0,0,0
0,0,0,0,0,0,0,0,0,0,0,0,0,0,0,0,0,0,0,0,0,0,0,0,0,0,0,0.000409222767113496,0.000418203871256524,0.000532039542760796,0.00086363255603622,0.00128413805361512,0.00112673483245912,0.000696258138447145,0.000286602574431892,0.000259733544029428,0.000218920159693627,9.97613516016231e-05,0.000550892486292594,0.00126092998622276,0.000439014790049689,0.000747221152570535,0.000270228151393011,0.000224670897846534,9.04264207351732e-05,0.000782871521798458,0.000177999894433571,0,0.00022836435300892,7.53117614289644e-05,0,0,0,0,0,0,0,0,0,0,0,0,0,0,0,0,0,0,0,0,0,0,0,0,0,0,0,0,0,0,0,0,0,0,0,0,0,0,0,0,0,0,0,0,0,0,0,0,0,0
0,0,0,0,0,0,0,0,0,0,0,0,0,0,0,0,0,0,0,0,0,0,0,0,0,0,5.50194774913122e-06,0.000834057634319322,0.000396241353077279,0.000623125804207158,0.00113892478006045,0.00115233121757731,0.00105243054565467,0.00167691863101081,3.17540682815755e-05,0.000398079115919755,0.00083723338513104,0.000520273394373387,0.000444109325530466,0.00039039146541541,0.000464135221606804,0.000570860562654789,0.000799036926686938,0.000132983184105252,0.000107031296331296,0.000276008001187764,0.00041591746647291,0.000591883562263123,0.000271920769489654,0.000131979424802779,0.000301516223320856,0,0,0,0,0,0,0,0,0,0,0,0,0,0,0,0,0,0,0,0,0,0,0,0,0,0,0,0,0,0,0,0,0,0,0,0,0,0,0,0,0,0,0,0,0,0,0,0,0
0,0,0,0,0,0,0,0,0,0,0,0,0,0,0,0,0,0,0,0,0,0,0,0,9.58490181669296e-05,0.000251242194212091,0.000596635994695055,0.00120500144900571,0.000920729729752614,0.000737844125609982,0.000977912668924218,0.000737433860608789,0.000637954491631659,0.000629538770224807,0.00030035282917033,0.00122374722759762,0.00061309606389558,0.000282129722496321,0.000719760959803791,0.000460696565025437,0.000136778870369346,0.000263818297753606,0.000547073948337287,0.000596133607421137,0.000417736013988131,0.000395396825342904,0.000820215802548347,0.000375522740169401,5.5655920366547e-05,7.36299917354264e-05,0.000492874360140938,0,0,0,0,0,0,0,0,0,0,0,0,0,0,0,0,0,0,0,0,0,0,0,0,0,0,0,0,0,0,0,0,0,0,0,0,0,0,0,0,0,0,0,0,0,0,0,0,0
0,0,0,0,0,0,0,0,0,0,0,0,0,0,0,0,0,0,0,0,0,0,0,0,0.000111660893220935,0.000379613439535071,0.000459121166792779,0.000262332600340356,0.000924498945912249,0.000508900814028442,0.00052404666197588,0.000213998436096224,0.000501940731156179,0.000540947913037341,0.000607908497698239,0.00119989213638608,0.000702489784385626,0.000103755369335218,4.28973312392303e-05,0.000302959643386226,0.000985399546158018,0.000612411714111874,0.000562285816416884,0.000984744585368614,0.000538256623207005,9.40437081974475e-05,7.63747856424935e-05,0.000171556218379014,0.000687142383011581,2.95101058576322e-05,0.000124815639154443,4.11380653782387e-07,0,0,0,0,0,0,0,0,0,0,0,0,0,0,0,0,0,0,0,0,0,0,0,0,0,0,0,0,0,0,0,0,0,0,0,0,0,0,0,0,0,0,0,0,0,0,0,0
0,0,0,0,0,0,0,0,0,0,0,0,0,0,0,0,0,0,0,0,0,0,0,0,4.53020775012411e-05,0.000446858124686615,0.000680571817785368,0.000994413410877819,0.00130885252733807,0.00111028923978906,0.000472785766602339,0.000760934289679524,0.000622439887371394,0.000346927155976994,0.000250419843839571,0.000755226835356636,0.0012537460267273,0.00100168081653363,0.000875773270172426,0.00145792377931127,0.00146736714541217,0.00122174267854759,0.00126223558691524,0.00030406082908555,0.000847739130506984,0.000426716207588404,0.000742553125636632,0.000365663394795791,0.000317518481863397,0.000554708440204447,0.00111917329972921,4.8083191613049e-05,0,0,0,0,0,0,0,0,0,0,0,0,0,0,0,0,0,0,0,0,0,0,0,0,0,0,0,0,0,0,0,0,0,0,0,0,0,0,0,0,0,0,0,0,0,0,0,0
0,0,0,0,0,0,0,0,0,0,0,0,0,0,0,0,0,0,0,0,0,7.45093827433136e-06,8.0672181390778e-05,3.93300993965525e-05,0.00112059014525717,0.00154386032699409,0.00164729266150275,0.00208569238465073,0.00138428881971021,0.00127661635378515,0.000456395757661959,0.00128117192960429,0.000852105598159165,0.000586716662490589,0.000156186209538495,0.00024277090888774,0.000483402643462628,0.000657697265554746,0.000557429624239108,0.00150368770588059,0.00081310038962685,0.000237933227066986,0.000481658228162449,3.4549246210291e-05,0.000250594316295855,0.000264042633627623,0.000715208975211,0.000281220536570284,0.000501559386478816,0.00117079478655342,0.000520432915086331,5.36732716208378e-05,1.39546706658904e-05,0,0,0,0,0,0,0,0,0,0,0,0,0,0,0,0,0,0,0,0,0,0,0,0,0,0,0,0,0,0,0,0,0,0,0,0,0,0,0,0,0,0,0,0,0,0,0
0,0,0,0,0,0,0,0,0,0,0,0,0,0,0,0,0,0,0,0,0,3.48247908569503e-05,0.00037705208947794,0.000265563067139571,0.00109838681751667,0.00215502331282271,0.00233743186074053,0.00097335459318419,0.00166338581534718,0.00159065067415558,0.000705108183814003,0.00135945905493369,0.00123810445660817,0.000375054523043073,0.000186025113675862,0.000589745747699822,0.000245493454661925,0.000271063749436003,0.00138802973976642,0.00151017057342894,0.000478744093051976,8.94724101108647e-05,8.48276731673682e-05,0,0.00021775670072463,0.000302347300501531,3.08351232211992e-05,2.47055599211436e-06,0.000242265894468771,0.000184397871161731,0,0.000280885998248573,0.000183837995470521,0,0,0,0,0,0,0,0,0,0,0,0,0,0,0,0,0,0,0,0,0,0,0,0,0,0,0,0,0,0,0,0,0,0,0,0,0,0,0,0,0,0,0,0,0,0,0
0,0,0,0,0,0,0,0,0,0,0,0,0,0,0,0,0,0,0,0,0,0,0,0.000149773619947721,0.00131393257868999,0.00202387418618542,0.00181791377950146,0.00220259434785306,0.000539439023615423,0.000377177162784393,0.00084550348228202,0.00146607821142316,0.000716078617172277,0.000433320753614417,7.61617250112053e-05,0.000411223894706388,0.000302567724415211,0.000112641215532356,0.000531214441382354,0.000843222684638666,5.91963979107278e-05,0.000167189573142583,0.000389171678298925,0.000104424118913215,0.000119490004190402,0.000600016343448111,8.47194739539484e-05,1.3285525665311e-05,0.000828628337785658,0.000724869908415105,0.000148396788942232,0,0.000144444771579008,1.2977666876453e-06,0,0,0,0,0,0,0,0,0,0,0,0,0,0,0,0,0,0,0,0,0,0,0,0,0,0,0,0,0,0,0,0,0,0,0,0,0,0,0,0,0,0,0,0,0,0
0,0,0,0,0,0,0,0,0,0,0,0,0,0,0,0,0,0,0,0,0,8.78240125221438e-05,0.000230189306157808,0.000546224134472505,0.00158221616317498,0.00197337094726405,0.00143201653815877,0.000721990216322793,0.000884838923328538,0.00172541621473706,0.00121531964593847,0.000990103952467278,0,0.000240415709014164,0.0004864947838595,0.000232514594101051,0.000338917279041492,0.000211079698394398,0.000253484272956355,0.000235216378794994,0.00035959529681436,0.000371303706503579,0.000469355367981054,0.000275280823339275,0.000224322785997511,0.000334838832089335,9.40109069532195e-05,4.51739877357493e-06,3.53532729242388e-05,0.000329012634432098,0.000149756310142488,0.000403610252276062,0.000416139440203065,0.000165916603102109,5.71057186535273e-05,0,0,0,0,0,0,0,0,0,0,0,0,0,0,0,0,0,0,0,0,0,0,0,0,0,0,0,0,0,0,0,0,0,0,0,0,0,0,0,0,0,0,0,0,0
0,0,0,0,0,0,0,0,0,0,0,0,0,0,0,0,0,0,0,0,0,5.02582742303328e-05,0.000483864267596524,0.000170872185034655,0.00162931841845986,0.00329869255444361,0.00186463350918283,0.000753869335359936,0.000437422816099304,0.000548072203802343,0.000398018608071351,0.000328435477852825,0,0,1.71616252495381e-05,3.9253699042492e-06,0.000195687845377151,0.000668461337800181,0.000527445620373568,0.000389566349305634,0.000428559056311876,0.000781521442741574,0.000518775679278818,0.000554800893104649,0.00103732683385695,0.000308527843859973,0.000566179993503309,0.000509322604156568,0.000556243871276701,0.000960265149752804,0.00112611894244863,0.000761831036943686,0.000263158148381751,0.000207374145557508,7.27580237376846e-05,0,0,0,0,0,0,0,0,0,0,0,0,0,0,0,0,0,0,0,0,0,0,0,0,0,0,0,0,0,0,0,0,0,0,0,0,0,0,0,0,0,0,0,0,0
0,0,0,0,0,0,0,0,0,0,0,0,0,0,0,0,0,0,0,0,0,0.000195642490402179,0.000521307340276912,0.00093441601621072,0.00239278908611082,0.0028704693337209,0.00125472441859865,0.00128516501586132,0.00123780418884516,0.000342601017718396,0.000500603485868507,0.000458162844196115,0.00039627666932391,0,0.000123764134659469,0.000850822807074442,0.000369977702857256,0.000698695440492582,0.000411155608188054,0.000254821160853745,0.00046729769239768,0.000369231271178718,0.000833679568641741,0.000298238710100619,0.000526996412595844,0.000410977670307376,0.000258711739052276,0.000828247873656581,0.000544520440516871,0.000714681701451805,0.000862716341350024,0.000580256473651807,0.000414430426810853,0,0,0,0,0,0,0,0,0,0,0,0,0,0,0,0,0,0,0,0,0,0,0,0,0,0,0,0,0,0,0,0,0,0,0,0,0,0,0,0,0,0,0,0,0,0,0
0,0,0,0,0,0,0,0,0,0,0,0,0,0,0,0,0,0,0,0,0,0.000256179095132305,0.00122112512855748,0.00171881491160496,0.00442568999330323,0.00305292759486474,0.00142200620001627,0.00140660834587422,0.000739891524578313,0.000325640199989641,0.000631653345552517,0.00194339961978453,0.00144954220388207,0.000384600509022633,0.000414679403807067,0.00156055298827928,0.000626813788090586,0.000750816758912885,0.000607643817420012,0.000283705048653427,0.000261948894931778,9.06590724639792e-05,0.000659644476381339,0.000465202406959539,0.000533147123554413,0.000656384301274306,0.000138844369576936,0.000794804312418361,0.000943689407499345,0.000655675704980829,0.00061541577282812,1.42647907824125e-05,0.000114163287156468,4.17343657944415e-05,0,0,0,0,0,0,0,0,0,0,0,0,0,0,0,0,0,0,0,0,0,0,0,0,0,0,0,0,0,0,0,0,0,0,0,0,0,0,0,0,0,0,0,0,0,0
0,0,0,0,0,0,0,0,0,0,0,0,0,0,0,0,0,0,0,0,0.000133255446953027,0.000816982953979837,0.00142610963032863,0.00278703441220437,0.00317233475840085,0.00252284021157633,0.00240681174425281,0.00118375606474777,0.000326036488223511,0.0005900568445996,0.000801239548699815,0.00139371028063003,0.00127765509956893,0.000771324222109744,0.000740589656942384,0.00106033369827298,0.000356647911317077,0.000713527506336641,0.000592057705600498,0.000615419419070499,0.000432313576869435,0.000360842380369011,0.0015055694125499,0.000113676281953456,0.000193172046842147,0.00044773771392122,0.000538707645472242,0.000292584288164668,0.00151832899819529,0.000503854328452176,0.000166866052064705,6.60352667183974e-05,0.00050998683923329,0.00026415134701591,0,0,0,0,0,0,0,0,0,0,0,0,0,0,0,0,0,0,0,0,0,0,0,0,0,0,0,0,0,0,0,0,0,0,0,0,0,0,0,0,0,0,0,0,0,0
0,0,0,0,0,0,0,0,0,0,0,0,0,0,0,0,0,0,0,0,4.54419798729001e-05,0.000428186014267521,0.00190600283216402,0.00127217367296154,0.00266391036097801,0.00236389976112081,0.00172894041087387,0.000778744911056717,0.000905685605142339,0.000352951899609735,0.000624990189218942,0.000492700213135738,0.000498966747332539,0.000737761048335633,0.000761454170626299,0.00104427094178802,0.000560218618324864,0.000126555422310804,2.58264655165936e-05,0.000921850585074901,0.000620799013268857,0.00113799415719672,0.00140867485652934,0.000440324960895038,0.000202360280005496,0.000411422073767767,0.000895157715764633,0.000536157217387574,0.00165031392351186,0.000441447232129512,0.000757259277183457,0.000743098553203337,0.000380903889998006,9.94176694206102e-06,0,0,0,0,0,0,0,0,0,0,0,0,0,0,0,0,0,0,0,0,0,0,0,0,0,0,0,0,0,0,0,0,0,0,0,0,0,0,0,0,0,0,0,0,0,0
0,0,0,0,0,0,0,0,0,0,0,0,0,0,0,0,0,0,0,0,0.000132810723476195,0.000933834253990753,0.00187249304331354,0.00218219799377079,0.00247054188276716,0.00346913837838941,0.0036763113134133,0.00224334054774464,0.0016751770839797,0.00111745560131362,0.000738749406181993,0.00113724306279428,0.000871544153620745,0.000413434076453893,0.000395003293189169,0.000558154372698739,0.000366050441974365,0.0004315502995467,0.000427854009911689,0.00101302188221489,0.000500230436731072,0.000472882489849579,0.000267468108323764,0.000668151868679553,0.000329277331845584,0.000258037643575095,0.000888217245146384,0.00042423216416932,0.000620979685791643,0.000914221543077033,0.000552437053112709,0.00023502643522925,0.000606279790752625,5.01244340374616e-05,0,0,0,0,0,0,0,0,0,0,0,0,0,0,0,0,0,0,0,0,0,0,0,0,0,0,0,0,0,0,0,0,0,0,0,0,0,0,0,0,0,0,0,0,0,0
0,0,0,0,0,0,0,0,0,0,0,0,0,0,0,0,0,0,0,0,3.7731056705582e-05,0.000885675722962154,0.00206690095725153,0.00195664022304938,0.00173490390057325,0.00321108579915958,0.00151582691926868,0.00230258287389605,0.00202263484734257,0.00145954627913306,0.00133442476604843,0.000826197855580633,0.000357214359597511,0.000966197077193547,0.000435905815394575,0.000267643197314395,0.000453743799302209,0.000419361072128282,0.000963144974752563,0.00118267326625437,0.000485473723479174,0.000523882995377649,0.000593381014694798,0.000563660568361465,0.000240179810423244,0.000413478597425632,0.000143473110354915,8.28318659465455e-05,0.00117871643065621,0.000613597092751343,0.000343601750806231,0.000535228661159634,0.000451734961456017,8.82128537830208e-05,0,0,0,0,0,0,0,0,0,0,0,0,0,0,0,0,0,0,0,0,0,0,0,0,0,0,0,0,0,0,0,0,0,0,0,0,0,0,0,0,0,0,0,0,0,0
0,0,0,0,0,0,0,0,0,0,0,0,0,0,0,0,0,0,0,0,7.45136866849552e-05,0.00062568509027934,0.00193151473425887,0.00211006666598228,0.00390827296003012,0.00265683083484935,0.00232762838876461,0.00312131029145477,0.00162529205719383,0.000984723356323806,0.000674630185532217,0.00145795512410256,0.00127800145736931,0.00120120061873576,0.000835326182541708,0.000761382949683493,0,0.000103093896493989,0.00051503504645185,0.00107315829781126,0.00104517831694258,0.00038530781340278,0.00118747577507148,0.000756473763493548,0.000547925798647351,0.000113446513413803,0.000103264892497946,0.000908121445481341,0.000661948048429607,0.000120578562424657,0.000255496700221009,0.000327688216227755,3.70074730797905e-05,0,0,0,0,0,0,0,0,0,0,0,0,0,0,0,0,0,0,0,0,0,0,0,0,0,0,0,0,0,0,0,0,0,0,0,0,0,0,0,0,0,0,0,0,0,0,0
0,0,0,0,0,0,0,0,0,0,0,0,0,0,0,0,0,0,0,0,0.000234705957000239,0.000467600461369129,0.00110430786060661,0.00221188771724905,0.00323866427219023,0.00404830181014599,0.0036482072549235,0.00352215549086032,0.00157536014642049,0.0022135064758703,0.00200925608932535,0.00240367138853529,0.00134881155718125,0.00145626359969729,0.000929497849358924,0.000590338394493167,9.41972927545428e-05,0.000703926561763122,0.000669770217341596,0.00038019539004749,0.000482837797463986,0.000123921861037662,0.000431379858428028,0.000251411396776297,0.000334617506029209,0.000463662348300326,0.000211893684305346,0.000209454859610161,0.000472635213841584,0.000114734932353612,0.000149220826133513,0.000453708517128286,0,0,0,0,0,0,0,0,0,0,0,0,0,0,0,0,0,0,0,0,0,0,0,0,0,0,0,0,0,0,0,0,0,0,0,0,0,0,0,0,0,0,0,0,0,0,0,0
0,0,0,0,0,0,0,0,0,0,0,0,0,0,0,0,0,0,0,0,0.0001953182981287,0.00045689349241186,0.000907744349794123,0.00198816888507615,0.00250930595910941,0.00368517915839324,0.0044213231291344,0.00433947503343035,0.00163628799752666,0.00223141884556387,0.00272111196519243,0.0025449280714458,0.00147505907109836,0.00109287870547483,0.000567884165624968,0.000783750682709185,0.000903871205074072,0.000491106272044666,0.000368721599216028,0.00026718353143876,0.000185374689612216,0.000414179298022221,0.000342904562685903,5.41739963349206e-05,0.000367827248346413,0.00136923945337168,0.000905938450779359,0.000690542901054329,0.000366027173501315,6.47595202947203e-05,0.000470369971065668,0.000277485448704451,0,0,0,0,0,0,0,0,0,0,0,0,0,0,0,0,0,0,0,0,0,0,0,0,0,0,0,0,0,0,0,0,0,0,0,0,0,0,0,0,0,0,0,0,0,0,0,0
0,0,0,0,0,0,0,0,0,0,0,0,0,0,0,0,0,0,0,0,7.03819562129213e-06,0.000508703450222902,0.00134701218970971,0.00294067420419727,0.00312741473857831,0.0040903016495122,0.0045572701394358,0.00481555747157955,0.00238876020178026,0.00284664488031455,0.00298695492062217,0.00350696391565536,0.00284685376840712,0.00228687202615639,0.0008820135496789,0.000462195105822924,0.00060296621908463,0.000570955843245254,0.000286862311001266,0.00050467758950583,0.000233439671501992,0.000774153191478279,0.000294577843912764,0.000333197616803829,0.000975327775513893,0.00039761431770018,0.000479677780284666,0.000902891955741253,0.00137578180057993,0.000555349893143583,7.89291596475648e-06,2.77162679033085e-06,0,0,0,0,0,0,0,0,0,0,0,0,0,0,0,0,0,0,0,0,0,0,0,0,0,0,0,0,0,0,0,0,0,0,0,0,0,0,0,0,0,0,0,0,0,0,0,0
0,0,0,0,0,0,0,0,0,0,0,0,0,0,0,0,0,0,0,0,0.000121351455829845,0.00100757141068959,0.00105036640770163,0.00218997369072224,0.00323245370916595,0.00478423821697028,0.00349905050281876,0.00318845740343651,0.00252974569468834,0.00335076283349664,0.00411817646195172,0.00459830921186237,0.00426543304871784,0.00195229920318256,0.000657105705616615,0.000675584407675024,0.000768417054765663,0.000478232983546941,0.000686259309915251,0.00090359243686164,0.000139828208494901,0.00129735384624547,0.00101478945668816,0.000554421641363669,0.00129990529884787,0.000872562516250683,0.00147416914566173,0.000860464629499246,3.26957275704118e-05,0.00021188224447591,5.36944677671588e-05,0.000355353108472265,0,0,0,0,0,0,0,0,0,0,0,0,0,0,0,0,0,0,0,0,0,0,0,0,0,0,0,0,0,0,0,0,0,0,0,0,0,0,0,0,0,0,0,0,0,0,0,0
0,0,0,0,0,0,0,0,0,0,0,0,0,0,0,0,0,0,0,1.56335960943379e-06,0.000164255219406146,0.000150848511858447,0.000466441394567875,0.0019733264197844,0.00322320032139361,0.00374833329892741,0.00286922928542818,0.00171334024669192,0.00222615481864361,0.00484067331357279,0.00407128603823046,0.00450675298218343,0.00359768137656743,0.000918637204043827,0.000265280710780871,0.000796253078474066,0.00059441256372577,0.000471149386394264,0.000893681665417611,0.00160650099377997,0.000565186562531192,0.00030235845582697,0.00110696316202767,0.000445492868326579,0.000850361094095967,0.00151363642335331,0.00142892959881693,0.00030681753172568,0.000505664950138399,0.000334780628665551,0.000151797762857415,0.000237191116751914,0,0,0,0,0,0,0,0,0,0,0,0,0,0,0,0,0,0,0,0,0,0,0,0,0,0,0,0,0,0,0,0,0,0,0,0,0,0,0,0,0,0,0,0,0,0,0,0
0,0,0,0,0,0,0,0,0,0,0,0,0,0,0,0,0,0,0,5.9956320130423e-06,0.000390593775178172,0,1.11700492748956e-05,0.000588281017492254,0.00316147171791259,0.00437477762171126,0.00511004210116917,0.00544156957890229,0.0050739603261726,0.00364696140413619,0.00389330601773574,0.00343186525061149,0.00304239660557003,0.00181541852875429,0.000413677451937985,0.000481937199360687,0.000796510134615808,0.000956312144660748,0.00165253340688617,0.000991387929549886,0.000389434251088327,0.000649211532785527,0.00031589963072593,0.00100305247237446,0.00133976693945754,0.000524918006305695,0.00129170387858846,0.000705544596249349,0.000311497924092606,0.000284731453774325,9.47748489493506e-05,0.000107188695201897,0,0,0,0,0,0,0,0,0,0,0,0,0,0,0,0,0,0,0,0,0,0,0,0,0,0,0,0,0,0,0,0,0,0,0,0,0,0,0,0,0,0,0,0,0,0,0,0
0,0,0,0,0,0,0,0,0,0,0,0,0,0,0,0,0,0,0,0,0,0,6.26387816911376e-05,0.00136678560056806,0.00222465694258984,0.00355753577596459,0.00530444422606909,0.00473078236229784,0.00590453268386459,0.00391943197022798,0.00298987923483432,0.00254317827601781,0.00312667980092577,0.00256377477104511,0.000480357037204561,0.00114672943725075,0.00205337542345967,0.00100188878421866,0.00174822936708535,0.00194508594304621,0.00131443312052515,0.0010263434206109,0.00038623059615602,0.000915982249221782,0.000865562893604208,0.00151413792167554,0.0016992397295038,9.98430813982206e-05,0.000626629698063086,0.000594469225106496,0,0,0,0,0,0,0,0,0,0,0,0,0,0,0,0,0,0,0,0,0,0,0,0,0,0,0,0,0,0,0,0,0,0,0,0,0,0,0,0,0,0,0,0,0,0,0,0,0,0
0,0,0,0,0,0,0,0,0,0,0,0,0,0,0,0,0,0,0,0,0,0.000108131719155425,0.000337830531318365,0.00124656222270511,0.00184295416258899,0.00183484222089908,0.00539704082625317,0.00563046643479596,0.00579429782849919,0.00494799275754445,0.00442147027484129,0.00405393918118789,0.00389679478708733,0.00276719791571746,0.00196431765302232,0.00125705755312151,0.00150166945786589,0.00163734535174531,0.00183801207068774,0.00160720484013719,0.0013410779791098,0.00187451439175192,0.000603582827115735,0.000301419247057065,0.00141238347977291,0.00148486356386513,0.00120407788193442,8.28088005391964e-05,0.000382042688947373,4.08502372310076e-05,0,0,0,0,0,0,0,0,0,0,0,0,0,0,0,0,0,0,0,0,0,0,0,0,0,0,0,0,0,0,0,0,0,0,0,0,0,0,0,0,0,0,0,0,0,0,0,0,0,0
0,0,0,0,0,0,0,0,0,0,0,0,0,0,0,0,0,0,0,0,0,2.5802219430975e-05,0.000273112854474459,0.000293133458942317,0.000454411069401188,0.00165076797372354,0.00409195307401317,0.00419258037876588,0.00627318769092103,0.00483830910949234,0.00496334870380632,0.00418208034575276,0.00506131294439643,0.00340741643398802,0.00227356935437097,0.00141801376325015,0.00174059776512586,0.00155372693720825,0.00228156599281402,0.00152335050056147,0.00127010945126931,0.00255163106628707,0.00132197770826179,0.000986884858350219,0.00119494236164338,0.000921038083712277,0.000431871103789467,0.0001971975035728,0.000420510701372265,2.77463001584057e-05,0,0,0,0,0,0,0,0,0,0,0,0,0,0,0,0,0,0,0,0,0,0,0,0,0,0,0,0,0,0,0,0,0,0,0,0,0,0,0,0,0,0,0,0,0,0,0,0,0,0
0,0,0,0,0,0,0,0,0,0,0,0,0,0,0,0,0,0,0,0,0,0,0,0,0.000105054010225082,0.00158701573059485,0.00210737454855296,0.00299511352832311,0.00396083752726905,0.00259148071973583,0.00446406292697731,0.00399584437588777,0.00430896983884864,0.00280955642792982,0.00316017591442884,0.00333882670006128,0.00295858991208434,0.00241708028071561,0.00220714122366233,0.00348030324266627,0.00187147356709056,0.00201923601623599,0.00146628463815457,0.000726616474056347,0.00121462846712824,0.000775032289916538,0.000312182995180859,6.55691913122925e-05,0,0,0,0,0,0,0,0,0,0,0,0,0,0,0,0,0,0,0,0,0,0,0,0,0,0,0,0,0,0,0,0,0,0,0,0,0,0,0,0,0,0,0,0,0,0,0,0,0,0,0,0
0,0,0,0,0,0,0,0,0,0,0,0,0,0,0,0,0,0,0,0,0,0,0,0.000158216986817499,0.000521795167521005,0.000355169582631389,0.000721057445849356,0.000746544426837522,0.00245771862953797,0.00138281745753043,0.00354536152141541,0.00459395505700231,0.00420767395674069,0.00198560272728856,0.00326204811047572,0.00334325415092272,0.00226145749781269,0.00317573114053536,0.00305022903331018,0.0020102926530888,0.0027550137053292,0.0005889230816735,0.001031416949618,0.000166207856625469,0.000246735393690102,0.000334733143132826,0.000456191815872067,6.00166762942639e-05,0,0,0,0,0,0,0,0,0,0,0,0,0,0,0,0,0,0,0,0,0,0,0,0,0,0,0,0,0,0,0,0,0,0,0,0,0,0,0,0,0,0,0,0,0,0,0,0,0,0,0,0
0,0,0,0,0,0,0,0,0,0,0,0,0,0,0,0,0,0,0,0,0,0,0,0.000118052858849171,9.5602125038586e-05,0.000108412535720329,0.000139040265964674,0.00031489485039185,0.0010330711257926,0.000970210926411917,0.00152205564513038,0.00242265181138049,0.000988705248655149,0.00197792571085462,0.0019406209801211,0.00204441313220989,0.002382193965117,0.00336991720699195,0.001732852506428,0.000689335506638766,0.000899425100414299,0.000611936963284072,0.000234386939778204,0,0,1.95429979811586e-05,6.78957956124644e-06,4.94901696871468e-05,0.00013855970403344,0,0,0,0,0,0,0,0,0,0,0,0,0,0,0,0,0,0,0,0,0,0,0,0,0,0,0,0,0,0,0,0,0,0,0,0,0,0,0,0,0,0,0,0,0,0,0,0,0,0,0
0,0,0,0,0,0,0,0,0,0,0,0,0,0,0,0,0,0,0,0,0,0,0,0,0,0,0,6.50798514254169e-06,1.206672873625e-05,0.000119434791236461,0.000926019882097346,0.00136630528991876,0.00032543136752771,0.00107283324795509,0.00138889938001371,0.00147423299945379,0.00127152173313144,0.00122392849639397,0.001366051596825,0.000301039271537916,0.000201043307837685,0.000310379925115809,0,0,0,0.000351537234284127,0.000122130188173468,8.20977136439571e-05,0.000229852412635456,0,0,0,0,0,0,0,0,0,0,0,0,0,0,0,0,0,0,0,0,0,0,0,0,0,0,0,0,0,0,0,0,0,0,0,0,0,0,0,0,0,0,0,0,0,0,0,0,0,0,0
0,0,0,0,0,0,0,0,0,0,0,0,0,0,0,0,0,0,0,0,0,0,0,0,0,0,0,0,0.000493715599508017,0.000358606906114251,4.54412607650347e-05,0.000327976499211461,0.000174475794285785,0.000302319203829014,0.000744306994031142,0.000235801511842074,0.000633459059332175,0.000289451293979651,0.000204962691224356,9.1025744954228e-05,0.000221722231695668,0,0,0,0,0,0,0,0,0,0,0,0,0,0,0,0,0,0,0,0,0,0,0,0,0,0,0,0,0,0,0,0,0,0,0,0,0,0,0,0,0,0,0,0,0,0,0,0,0,0,0,0,0,0,0,0,0,0,0
0,0,0,0,0,0,0,0,0,0,0,0,0,0,0,0,0,0,0,0,0,0,0,0,0,0,0,0,5.12268538218653e-05,9.64506405558661e-05,0.000120839041293426,0.000463067751505217,0,0,7.87112167125476e-05,9.54414662285937e-05,0,0,0.000254889631687957,0.000142436206347741,0,0,0,0,0,0,0,0,0,0,0,0,0,0,0,0,0,0,0,0,0,0,0,0,0,0,0,0,0,0,0,0,0,0,0,0,0,0,0,0,0,0,0,0,0,0,0,0,0,0,0,0,0,0,0,0,0,0,0,0
0,0,0,0,0,0,0,0,0,0,0,0,0,0,0,0,0,0,0,0,0,0,0,0,0,0,0,0,0,0,3.34909515385584e-05,0.000208652529872326,0,0,0.000147272142783412,0.000178575174275447,0,0,0,0,0,0,0,0,0,0,0,0,0,0,0,0,0,0,0,0,0,0,0,0,0,0,0,0,0,0,0,0,0,0,0,0,0,0,0,0,0,0,0,0,0,0,0,0,0,0,0,0,0,0,0,0,0,0,0,0,0,0,0,0
0,0,0,0,0,0,0,0,0,0,0,0,0,0,0,0,0,0,0,0,0,0,0,0,0,0,0,0,0,0,0,0,0,0,0,0,0,0,0,0,0,0,0,0,0,0,0,0,0,0,0,0,0,0,0,0,0,0,0,0,0,0,0,0,0,0,0,0,0,0,0,0,0,0,0,0,0,0,0,0,0,0,0,0,0,0,0,0,0,0,0,0,0,0,0,0,0,0,0,0
0,0,0,0,0,0,0,0,0,0,0,0,0,0,0,0,0,0,0,0,0,0,0,0,0,0,0,0,0,0,0,0,0,0,0,0,0,0,0,0,0,0,0,0,0,0,0,0,0,0,0,0,0,0,0,0,0,0,0,0,0,0,0,0,0,0,0,0,0,0,0,0,0,0,0,0,0,0,0,0,0,0,0,0,0,0,0,0,0,0,0,0,0,0,0,0,0,0,0,0
0,0,0,0,0,0,0,0,0,0,0,0,0,0,0,0,0,0,0,0,0,0,0,0,0,0,0,0,0,0,0,0,0,0,0,0,0,0,0,0,0,0,0,0,0,0,0,0,0,0,0,0,0,0,0,0,0,0,0,0,0,0,0,0,0,0,0,0,0,0,0,0,0,0,0,0,0,0,0,0,0,0,0,0,0,0,0,0,0,0,0,0,0,0,0,0,0,0,0,0
0,0,0,0,0,0,0,0,0,0,0,0,0,0,0,0,0,0,0,0,0,0,0,0,0,0,0,0,0,0,0,0,0,0,0,0,0,0,0,0,0,0,0,0,0,0,0,0,0,0,0,0,0,0,0,0,0,0,0,0,0,0,0,0,0,0,0,0,0,0,0,0,0,0,0,0,0,0,0,0,0,0,0,0,0,0,0,0,0,0,0,0,0,0,0,0,0,0,0,0
0,0,0,0,0,0,0,0,0,0,0,0,0,0,0,0,0,0,0,0,0,0,0,0,0,0,0,0,0,0,0,0,0,0,0,0,0,0,0,0,0,0,0,0,0,0,0,0,0,0,0,0,0,0,0,0,0,0,0,0,0,0,0,0,0,0,0,0,0,0,0,0,0,0,0,0,0,0,0,0,0,0,0,0,0,0,0,0,0,0,0,0,0,0,0,0,0,0,0,0
0,0,0,0,0,0,0,0,0,0,0,0,0,0,0,0,0,0,0,0,0,0,0,0,0,0,0,0,0,0,0,0,0,0,0,0,0,0,0,0,0,0,0,0,0,0,0,0,0,0,0,0,0,0,0,0,0,0,0,0,0,0,0,0,0,0,0,0,0,0,0,0,0,0,0,0,0,0,0,0,0,0,0,0,0,0,0,0,0,0,0,0,0,0,0,0,0,0,0,0
0,0,0,0,0,0,0,0,0,0,0,0,0,0,0,0,0,0,0,0,0,0,0,0,0,0,0,0,0,0,0,0,0,0,0,0,0,0,0,0,0,0,0,0,0,0,0,0,0,0,0,0,0,0,0,0,0,0,0,0,0,0,0,0,0,0,0,0,0,0,0,0,0,0,0,0,0,0,0,0,0,0,0,0,0,0,0,0,0,0,0,0,0,0,0,0,0,0,0,0
0,0,0,0,0,0,0,0,0,0,0,0,0,0,0,0,0,0,0,0,0,0,0,0,0,0,0,0,0,0,0,0,0,0,0,0,0,0,0,0,0,0,0,0,0,0,0,0,0,0,0,0,0,0,0,0,0,0,0,0,0,0,0,0,0,0,0,0,0,0,0,0,0,0,0,0,0,0,0,0,0,0,0,0,0,0,0,0,0,0,0,0,0,0,0,0,0,0,0,0
0,0,0,0,0,0,0,0,0,0,0,0,0,0,0,0,0,0,0,0,0,0,0,0,0,0,0,0,0,0,0,0,0,0,0,0,0,0,0,0,0,0,0,0,0,0,0,0,0,0,0,0,0,0,0,0,0,0,0,0,0,0,0,0,0,0,0,0,0,0,0,0,0,0,0,0,0,0,0,0,0,0,0,0,0,0,0,0,0,0,0,0,0,0,0,0,0,0,0,0
0,0,0,0,0,0,0,0,0,0,0,0,0,0,0,0,0,0,0,0,0,0,0,0,0,0,0,0,0,0,0,0,0,0,0,0,0,0,0,0,0,0,0,0,0,0,0,0,0,0,0,0,0,0,0,0,0,0,0,0,0,0,0,0,0,0,0,0,0,0,0,0,0,0,0,0,0,0,0,0,0,0,0,0,0,0,0,0,0,0,0,0,0,0,0,0,0,0,0,0
0,0,0,0,0,0,0,0,0,0,0,0,0,0,0,0,0,0,0,0,0,0,0,0,0,0,0,0,0,0,0,0,0,0,0,0,0,0,0,0,0,0,0,0,0,0,0,0,0,0,0,0,0,0,0,0,0,0,0,0,0,0,0,0,0,0,0,0,0,0,0,0,0,0,0,0,0,0,0,0,0,0,0,0,0,0,0,0,0,0,0,0,0,0,0,0,0,0,0,0
0,0,0,0,0,0,0,0,0,0,0,0,0,0,0,0,0,0,0,0,0,0,0,0,0,0,0,0,0,0,0,0,0,0,0,0,0,0,0,0,0,0,0,0,0,0,0,0,0,0,0,0,0,0,0,0,0,0,0,0,0,0,0,0,0,0,0,0,0,0,0,0,0,0,0,0,0,0,0,0,0,0,0,0,0,0,0,0,0,0,0,0,0,0,0,0,0,0,0,0
0,0,0,0,0,0,0,0,0,0,0,0,0,0,0,0,0,0,0,0,0,0,0,0,0,0,0,0,0,0,0,0,0,0,0,0,0,0,0,0,0,0,0,0,0,0,0,0,0,0,0,0,0,0,0,0,0,0,0,0,0,0,0,0,0,0,0,0,0,0,0,0,0,0,0,0,0,0,0,0,0,0,0,0,0,0,0,0,0,0,0,0,0,0,0,0,0,0,0,0
0,0,0,0,0,0,0,0,0,0,0,0,0,0,0,0,0,0,0,0,0,0,0,0,0,0,0,0,0,0,0,0,0,0,0,0,0,0,0,0,0,0,0,0,0,0,0,0,0,0,0,0,0,0,0,0,0,0,0,0,0,0,0,0,0,0,0,0,0,0,0,0,0,0,0,0,0,0,0,0,0,0,0,0,0,0,0,0,0,0,0,0,0,0,0,0,0,0,0,0
0,0,0,0,0,0,0,0,0,0,0,0,0,0,0,0,0,0,0,0,0,0,0,0,0,0,0,0,0,0,0,0,0,0,0,0,0,0,0,0,0,0,0,0,0,0,0,0,0,0,0,0,0,0,0,0,0,0,0,0,0,0,0,0,0,0,0,0,0,0,0,0,0,0,0,0,0,0,0,0,0,0,0,0,0,0,0,0,0,0,0,0,0,0,0,0,0,0,0,0
0,0,0,0,0,0,0,0,0,0,0,0,0,0,0,0,0,0,0,0,0,0,0,0,0,0,0,0,0,0,0,0,0,0,0,0,0,0,0,0,0,0,0,0,0,0,0,0,0,0,0,0,0,0,0,0,0,0,0,0,0,0,0,0,0,0,0,0,0,0,0,0,0,0,0,0,0,0,0,0,0,0,0,0,0,0,0,0,0,0,0,0,0,0,0,0,0,0,0,0
0,0,0,0,0,0,0,0,0,0,0,0,0,0,0,0,0,0,0,0,0,0,0,0,0,0,0,0,0,0,0,0,0,0,0,0,0,0,0,0,0,0,0,0,0,0,0,0,0,0,0,0,0,0,0,0,0,0,0,0,0,0,0,0,0,0,0,0,0,0,0,0,0,0,0,0,0,0,0,0,0,0,0,0,0,0,0,0,0,0,0,0,0,0,0,0,0,0,0,0
0,0,0,0,0,0,0,0,0,0,0,0,0,0,0,0,0,0,0,0,0,0,0,0,0,0,0,0,0,0,0,0,0,0,0,0,0,0,0,0,0,0,0,0,0,0,0,0,0,0,0,0,0,0,0,0,0,0,0,0,0,0,0,0,0,0,0,0,0,0,0,0,0,0,0,0,0,0,0,0,0,0,0,0,0,0,0,0,0,0,0,0,0,0,0,0,0,0,0,0
0,0,0,0,0,0,0,0,0,0,0,0,0,0,0,0,0,0,0,0,0,0,0,0,0,0,0,0,0,0,0,0,0,0,0,0,0,0,0,0,0,0,0,0,0,0,0,0,0,0,0,0,0,0,0,0,0,0,0,0,0,0,0,0,0,0,0,0,0,0,0,0,0,0,0,0,0,0,0,0,0,0,0,0,0,0,0,0,0,0,0,0,0,0,0,0,0,0,0,0
